fid,IMO_Number,Call_Sign,ShipName,MMSI,Navigational_Status,SOG,Longitude,Latitude,COG,Ship_and_Cargo_Type,Record_Time,group
842,,0000000,,412449534,15,7.5,119.825007,26.517968,143.9,30,2024-04-23 17:00:55,630
947,,0000000,,412449534,15,7.5,119.825007,26.517968,143.9,30,2024-04-23 17:00:55,721
995,,0000000,,412449534,15,7.5,119.825007,26.517968,143.9,30,2024-04-23 17:00:55,766
915,,,MINLIANYUYUN60382,412449534,15,8.5,119.852087,26.48857,137.4,0,2024-04-23 17:16:56,695
993,,,MINLIANYUYUN60382,412449534,15,8.6,119.861323,26.480005,134.9,0,2024-04-23 17:21:55,759
873,,,MINLIANYUYUN60382,412449534,15,8.5,119.868717,26.473038,135.1,30,2024-04-23 17:25:56,669
673,,,MINLIANYUYUN60382,412449534,15,8.2,119.876473,26.46664,131.0,30,2024-04-23 17:29:56,500
786,0,60382,MINLIANYUYUN60382,412449534,15,8.1,119.884357,26.460525,131.8,30,2024-04-23 17:33:56,588
799,,,MINLIANYUYUN60382,412449534,15,8.3,119.892345,26.454513,128.4,30,2024-04-23 17:37:56,608
824,,,MINLIANYUYUN60382,412449534,15,8.0,119.90033,26.448777,128.4,30,2024-04-23 17:41:56,615
791,0,60382,MINLIANYUYUN60382,412449534,15,8.6,119.90485,26.445233,131.9,30,2024-04-23 17:44:18,592
659,,,MINLIANYUYUN60382,412449534,15,8.2,119.916317,26.434333,146.1,30,2024-04-23 17:50:54,475
793,,,MINLIANYUYUN60382,412449534,15,7.9,119.921367,26.427267,145.9,30,2024-04-23 17:54:34,591
705,,,MINLIANYUYUN60382,412449534,15,8.3,119.925105,26.418405,170.5,30,2024-04-23 17:58:47,527
774,,,MINLIANYUYUN60382,412449534,15,8.4,119.92534,26.408893,179.4,30,2024-04-23 18:02:46,577
1169,,,MINLIANYUYUN60382,412449534,15,8.5,119.925117,26.399372,182.7,30,2024-04-23 18:06:44,837
775,0,60382,MINLIANYUYUN60382,412449534,15,9.1,119.924798,26.389522,182.4,30,2024-04-23 18:10:44,583
789,0,60382,MINLIANYUYUN60382,412449534,0,9.1,119.9262,26.379667,164.3,30,2024-04-23 18:14:47,593
901,0,60382,MINLIANYUYUN60382,412449534,15,6.3,119.92791,26.369477,165.6,30,2024-04-23 18:19:13,694
836,,,MINLIANYUYUN60382,412449534,15,2.4,119.930513,26.365073,165.1,0,2024-04-23 18:23:47,617
952,,,MINLIANYUYUN60382,412449534,15,0.3,119.930582,26.364688,183.0,30,2024-04-23 18:27:16,733
777,,,MINLIANYUYUN60382,412449534,15,0.3,119.930582,26.364688,183.0,30,2024-04-23 18:27:16,566
915,,,MINLIANYUYUN60382,412449534,15,0.3,119.930582,26.364688,183.0,30,2024-04-23 18:27:16,694
942,,,MINLIANYUYUN60382,412449534,15,0.3,119.930582,26.364688,183.0,30,2024-04-23 18:27:16,719
780,0,60382,MINLIANYUYUN60382,412449534,0,0.3,119.930433,26.36465,164.9,30,2024-04-26 19:06:38,582
549,,,MINLIANYUYUN60382,412449534,15,1.3,119.930183,26.3655,324.1,30,2024-04-26 19:11:24,388
645,,,MINLIANYUYUN60382,412449534,15,2.7,119.929527,26.365002,174.2,30,2024-04-26 19:14:38,458
899,,,MINLIANYUYUN60382,412449534,15,2.7,119.929527,26.365002,174.2,30,2024-04-26 19:14:38,670
726,,,MINLIANYUYUN60382,412449534,15,2.7,119.929527,26.365002,174.2,30,2024-04-26 19:14:38,533
935,0,60382,MINLIANYUYUN60382,412449534,15,4.4,119.929715,26.367227,22.9,30,2024-04-26 19:28:45,715
725,,0000000,,412449534,15,0.9,119.932903,26.368955,98.0,30,2024-04-26 19:35:16,539
614,,0000000,,412449534,0,1.3,119.93315,26.368917,78.0,30,2024-04-26 19:36:03,445
721,,,MINLIANYUYUN60382,412449534,15,0.9,119.934367,26.368267,154.0,30,2024-04-26 19:41:34,545
654,0,60382,MINLIANYUYUN60382,412449534,15,0.5,119.93491,26.368115,7.3,30,2024-04-26 19:47:16,473
775,0,60382,MINLIANYUYUN60382,412449534,15,0.5,119.93491,26.368115,7.3,30,2024-04-26 19:47:16,589
786,0,60382,MINLIANYUYUN60382,412449534,15,0.5,119.93491,26.368115,7.3,30,2024-04-26 19:47:16,592
824,,0000000,,412449534,15,0.0,119.935478,26.366938,0.0,30,2024-04-26 20:50:47,615
715,,0000000,,412449534,15,0.0,119.935478,26.366938,0.0,30,2024-04-26 20:50:47,537
713,,0000000,,412449534,15,0.0,119.935478,26.366938,0.0,30,2024-04-26 20:50:47,534
600,,0000000,,412449534,15,0.1,119.935477,26.366913,0.0,30,2024-04-26 21:47:47,428
705,,0000000,,412449534,15,0.1,119.935477,26.366913,0.0,30,2024-04-26 21:47:47,509
764,,0000000,,412449534,15,0.1,119.935477,26.366913,0.0,30,2024-04-26 21:47:47,569
578,,0000000,,412449534,15,0.2,119.935483,26.366932,0.0,30,2024-04-26 22:05:49,409
753,,0000000,,412449534,15,0.2,119.935483,26.366932,0.0,30,2024-04-26 22:05:49,535
813,,0000000,,412449534,0,0.8,119.934817,26.366783,76.7,30,2024-04-26 22:14:02,604
698,,0000000,,412449534,0,0.8,119.934817,26.366783,76.7,30,2024-04-26 22:14:02,494
822,,0000000,,412449534,0,0.8,119.934817,26.366783,76.7,30,2024-04-26 22:14:02,624
820,,0000000,,412449534,0,0.8,119.934817,26.366783,76.7,30,2024-04-26 22:14:02,601
697,,,MINLIANYUYUN60382   ,412449534,15,5.8,119.929372,26.366837,186.6,0,2024-04-26 22:34:07,501
656,,,MINLIANYUYUN60382,412449534,15,1.2,119.93055,26.364717,168.0,30,2024-04-26 22:37:54,480
660,0,60382,MINLIANYUYUN60382,412449534,15,0.1,119.93044,26.364735,158.5,30,2024-04-26 22:42:58,475
906,,,MINLIANYUYUN60382   ,412449534,15,0.1,119.93045,26.36465,158.5,0,2024-04-26 22:45:15,689
664,,60382,,412449534,15,0.2,119.93048,26.3647,29.2,30,2024-04-26 22:48:58,479
645,,0000000,,412449534,0,0.2,119.9305,26.364667,149.5,30,2024-04-26 22:54:27,453
774,,,MINLIANYUYUN60382   ,412449534,15,0.0,119.93054,26.364715,0.0,0,2024-04-26 22:58:22,575
725,,,MINLIANYUYUN60382,412449534,0,0.2,119.930583,26.364717,66.1,0,2024-04-26 23:02:08,540
709,,0000000,,412449534,15,0.0,119.930527,26.36469,19.0,30,2024-04-26 23:06:56,541
729,,0000000,,412449534,15,0.0,119.930527,26.36469,19.0,30,2024-04-26 23:06:56,549
885,,,MINLIANYUYUN60382,412449534,15,0.1,119.9305,26.364683,126.2,30,2024-04-26 23:15:24,681
662,,,MINLIANYUYUN60382,412449534,15,0.0,119.930552,26.36467,0.0,30,2024-04-26 23:19:22,482
886,,0000000,,412449534,15,0.0,119.93056,26.364695,0.0,30,2024-04-26 23:22:22,658
794,,,MINLIANYUYUN60382,412449534,15,0.0,119.93057,26.364675,0.0,0,2024-04-26 23:25:22,600
935,,60382,,412449534,15,0.1,119.930483,26.3647,193.3,30,2024-04-26 23:30:06,693
551,,60382,,412449534,0,0.2,119.93045,26.364683,268.5,30,2024-04-26 23:35:12,370
710,,0000000,,412449534,15,0.0,119.930527,26.364753,0.0,30,2024-04-26 23:40:23,514
774,,,MINLIANYUYUN60382,412449534,15,0.4,119.930517,26.3647,40.7,30,2024-04-26 23:41:53,560
656,,0000000,,412449534,15,0.1,119.930502,26.364683,40.7,30,2024-04-26 23:45:53,472
772,,,MINLIANYUYUN60382,412449534,15,0.0,119.930578,26.364698,96.7,30,2024-04-26 23:52:23,567
771,,,MINLIANYUYUN60382,412449534,0,0.2,119.9305,26.364733,40.7,30,2024-04-26 23:53:14,566
787,,,MINLIANYUYUN60382,412449534,0,0.2,119.9305,26.364733,40.7,30,2024-04-26 23:53:14,591
602,0,60382,MINLIANYUYUN60382,412449534,15,0.3,119.930473,26.36466,40.7,30,2024-04-27 00:03:52,441
709,,,MINLIANYUYUN60382,412449534,15,1.5,119.92897,26.365945,95.3,30,2024-04-27 00:07:53,502
903,,,MINLIANYUYUN60382,412449534,15,1.1,119.929552,26.364897,310.1,30,2024-04-27 00:10:23,673
638,,,MINLIANYUYUN60382,412449534,15,1.1,119.929552,26.364897,310.1,30,2024-04-27 00:10:23,447
651,,,MINLIANYUYUN60382,412449534,15,1.8,119.932653,26.36796,99.3,30,2024-04-27 00:20:35,491
765,,,MINLIANYUYUN60382,412449534,15,1.0,119.933817,26.367917,116.7,30,2024-04-27 00:24:29,571
781,,,MINLIANYUYUN60382,412449534,15,0.2,119.933967,26.36805,55.7,30,2024-04-27 00:27:24,565
722,,,MINLIANYUYUN60382,412449534,15,0.8,119.934915,26.36587,182.7,30,2024-04-27 00:32:53,518
724,,,MINLIANYUYUN60382,412449534,15,0.8,119.934915,26.36587,182.7,30,2024-04-27 00:32:53,537
648,,,MINLIANYUYUN60382,412449534,15,0.8,119.934915,26.36587,182.7,30,2024-04-27 00:32:53,472
707,,,MINLIANYUYUN60382,412449534,15,0.8,119.934915,26.36587,182.7,30,2024-04-27 00:32:53,508
629,,0000000,,412449534,15,1.0,119.935005,26.36695,18.7,30,2024-04-27 00:51:24,457
642,,0000000,,412449534,15,1.0,119.935005,26.36695,18.7,30,2024-04-27 00:51:24,454
653,,0000000,,412449534,15,1.0,119.935005,26.36695,18.7,30,2024-04-27 00:51:24,460
712,,0000000,,412449534,15,0.1,119.935167,26.366728,0.0,30,2024-04-27 01:39:26,523
856,,0000000,,412449534,15,0.1,119.935167,26.366728,0.0,30,2024-04-27 01:39:26,635
867,,0000000,,412449534,15,0.1,119.935167,26.366728,0.0,30,2024-04-27 01:39:26,656
936,,0000000,,412449534,15,0.0,119.935132,26.36675,0.0,30,2024-04-27 02:33:27,705
709,,0000000,,412449534,15,0.0,119.935132,26.36675,0.0,30,2024-04-27 02:33:27,519
759,,0000000,,412449534,15,0.0,119.935132,26.36675,0.0,30,2024-04-27 02:33:27,556
833,,0000000,,412449534,0,0.3,119.935117,26.36685,326.8,30,2024-04-27 03:12:01,651
677,,0000000,,412449534,0,0.3,119.935117,26.36685,326.8,30,2024-04-27 03:12:01,504
801,,0000000,,412449534,0,0.3,119.935117,26.36685,326.8,30,2024-04-27 03:12:01,601
718,,,MINLIANYUYUN60382,412449534,15,4.9,121.25449,26.366713,402.6,30,2024-04-27 03:31:30,521
837,,,MINLIANYUYUN60382,412449534,15,4.9,121.25449,26.366713,402.6,30,2024-04-27 03:31:30,631
811,,,MINLIANYUYUN60382,412449534,15,4.9,121.25449,26.366713,402.6,30,2024-04-27 03:31:30,617
736,,0000000,,412449534,15,0.6,119.930572,26.364673,347.7,30,2024-04-27 03:47:29,544
870,,0000000,,412449534,0,0.4,119.930133,26.365633,332.1,30,2024-04-27 03:52:26,666
722,,,MINLIANYUYUN60382,412449534,15,5.3,119.929507,26.366737,27.2,30,2024-04-27 03:55:00,524
811,,,MINLIANYUYUN60382,412449534,15,2.4,119.935903,26.367168,159.9,30,2024-04-27 03:59:30,611
874,,,MINLIANYUYUN60382,412449534,15,2.4,119.935903,26.367168,159.9,30,2024-04-27 03:59:30,652
816,,,MINLIANYUYUN60382,412449534,15,2.4,119.935903,26.367168,159.9,30,2024-04-27 03:59:30,625
726,,,MINLIANYUYUN60382   ,412449534,15,7.7,119.93221,26.36841,262.4,0,2024-04-27 05:30:29,517
789,,,MINLIANYUYUN60382,412449534,15,2.0,119.930405,26.364995,160.5,30,2024-04-27 05:34:03,588
1184,0,60382,MINLIANYUYUN60382,412449534,15,0.0,119.930517,26.364675,326.5,30,2024-04-27 05:35:34,912
1007,0,60382,MINLIANYUYUN60382,412449534,15,0.0,119.930517,26.364675,326.5,30,2024-04-27 05:35:34,803
874,0,60382,MINLIANYUYUN60382,412449534,15,0.0,119.930517,26.364675,326.5,30,2024-04-27 05:35:34,669
656,,60382,,412449534,15,0.3,119.930625,26.364715,211.3,30,2024-04-27 18:56:38,499
1115,,0000000,,412449534,15,0.5,119.93045,26.3648,305.7,30,2024-04-27 19:00:43,854
1176,,,MINLIANYUYUN60382,412449534,15,0.2,119.930483,26.364633,92.9,30,2024-04-27 19:06:34,891
890,,,MINLIANYUYUN60382,412449534,15,1.0,119.930517,26.364983,341.5,30,2024-04-27 19:10:14,711
712,,,MINLIANYUYUN60382,412449534,15,0.1,119.930483,26.364933,189.9,30,2024-04-27 19:14:40,526
713,,,MINLIANYUYUN60382,412449534,15,0.3,119.930583,26.364967,146.2,30,2024-04-27 19:19:05,520
675,,,MINLIANYUYUN60382,412449534,15,0.6,119.930383,26.364967,192.3,30,2024-04-27 19:22:01,509
936,,60382,,412449534,0,0.9,119.930433,26.364998,170.3,30,2024-04-27 19:27:06,705
781,0,60382,MINLIANYUYUN60382,412449534,15,1.3,119.930368,26.365227,327.5,30,2024-04-27 19:30:42,596
656,,60382,,412449534,0,2.9,119.929583,26.365967,190.9,30,2024-04-27 19:34:07,486
761,,60382,,412449534,0,2.9,119.929583,26.365967,190.9,30,2024-04-27 19:34:07,582
753,,60382,,412449534,0,2.9,119.929583,26.365967,190.9,30,2024-04-27 19:34:07,566
650,,,MINLIANYUYUN60382   ,412449534,15,6.1,119.932527,26.367952,90.0,0,2024-04-27 19:54:12,477
606,,,MINLIANYUYUN60382   ,412449534,15,6.1,119.932527,26.367952,90.0,0,2024-04-27 19:54:12,456
991,,,MINLIANYUYUN60382   ,412449534,15,6.1,119.932527,26.367952,90.0,0,2024-04-27 19:54:12,683
854,,,MINLIANYUYUN60382,412449534,15,2.4,119.936117,26.3673,170.2,30,2024-04-27 21:33:25,655
778,,,MINLIANYUYUN60382,412449534,15,2.4,119.936117,26.3673,170.2,30,2024-04-27 21:33:25,583
1058,,,MINLIANYUYUN60382,412449534,15,2.4,119.936117,26.3673,170.2,30,2024-04-27 21:33:25,801
861,,,MINLIANYUYUN60382,412449534,15,2.4,119.936117,26.3673,170.2,30,2024-04-27 21:33:25,667
758,,,MINLIANYUYUN60382,412449534,15,4.2,119.93341,26.36881,275.8,30,2024-04-27 22:55:19,561
653,,,MINLIANYUYUN60382,412449534,15,6.0,119.929512,26.366865,209.9,30,2024-04-27 22:58:42,471
711,,,MINLIANYUYUN60382,412449534,15,3.3,119.929307,26.365495,169.2,30,2024-04-27 22:59:49,532
702,,,MINLIANYUYUN60382,412449534,15,3.3,119.929307,26.365495,169.2,30,2024-04-27 22:59:49,518
1121,,,MINLIANYUYUN60382,412449534,15,3.3,119.929307,26.365495,169.2,30,2024-04-27 22:59:49,870
850,,,MINLIANYUYUN60382   ,412449534,15,1.5,119.932408,26.368878,95.9,0,2024-04-27 23:13:20,659
720,,,MINLIANYUYUN60382   ,412449534,15,0.8,119.934848,26.368565,118.9,0,2024-04-27 23:17:50,539
791,,,MINLIANYUYUN60382,412449534,15,0.6,119.935133,26.368233,110.6,30,2024-04-27 23:20:09,610
1008,,,MINLIANYUYUN60382,412449534,15,1.1,119.935067,26.3687,322.1,30,2024-04-27 23:25:20,770
773,,,MINLIANYUYUN60382,412449534,15,1.1,119.935067,26.3687,322.1,30,2024-04-27 23:25:20,584
711,,,MINLIANYUYUN60382,412449534,15,0.1,119.935267,26.36895,152.5,30,2024-04-27 23:34:51,538
841,,,MINLIANYUYUN60382   ,412449534,0,0.6,119.935467,26.368833,134.7,0,2024-04-27 23:36:42,646
993,,,MINLIANYUYUN60382   ,412449534,15,0.6,119.93479,26.367428,287.7,0,2024-04-27 23:41:52,781
1114,,,MINLIANYUYUN60382   ,412449534,15,0.6,119.93479,26.367428,287.7,0,2024-04-27 23:41:52,852
1059,,60382,,412449534,15,0.4,119.934527,26.368162,45.2,30,2024-04-27 23:52:14,824
860,,,MINLIANYUYUN60382,412449534,15,0.4,119.934667,26.36825,45.2,30,2024-04-27 23:53:15,655
783,,,MINLIANYUYUN60382,412449534,15,0.4,119.934667,26.36825,45.2,30,2024-04-27 23:53:15,597
857,,,MINLIANYUYUN60382,412449534,15,0.4,119.934667,26.36825,45.2,30,2024-04-27 23:53:15,665
1297,,0000000,,412449534,15,5.2,119.936363,26.36664,194.1,30,2024-04-28 00:20:24,927
777,,0000000,,412449534,15,5.2,119.936363,26.36664,194.1,30,2024-04-28 00:20:24,584
778,,0000000,,412449534,15,5.2,119.936363,26.36664,194.1,30,2024-04-28 00:20:24,575
548,,0000000,,412449534,15,5.2,119.936363,26.36664,194.1,30,2024-04-28 00:20:24,383
1112,,0000000,,412449534,15,3.7,119.93593,26.367508,307.2,30,2024-04-28 00:34:54,804
781,,0000000,,412449534,15,3.7,119.93593,26.367508,307.2,30,2024-04-28 00:34:54,582
712,,0000000,,412449534,15,3.7,119.93593,26.367508,307.2,30,2024-04-28 00:34:54,517
888,,,MINLIANYUYUN60382   ,412449534,15,0.0,119.935645,26.367017,0.0,0,2024-04-28 01:45:26,675
821,,,MINLIANYUYUN60382   ,412449534,15,0.0,119.935645,26.367017,0.0,0,2024-04-28 01:45:26,629
885,,,MINLIANYUYUN60382   ,412449534,15,0.0,119.935645,26.367017,0.0,0,2024-04-28 01:45:26,676
932,,,MINLIANYUYUN60382   ,412449534,15,7.1,119.934275,26.371922,4.5,0,2024-04-28 02:14:09,707
830,,,MINLIANYUYUN60382   ,412449534,15,7.8,119.934743,26.37986,6.3,0,2024-04-28 02:17:58,616
836,,,MINLIANYUYUN60382   ,412449534,15,6.9,119.93603,26.388828,357.5,0,2024-04-28 02:22:28,633
763,,,MINLIANYUYUN60382   ,412449534,15,6.8,119.93564,26.397537,348.2,0,2024-04-28 02:26:58,549
732,,,MINLIANYUYUN60382   ,412449534,15,6.7,119.933152,26.405122,344.5,0,2024-04-28 02:31:10,550
716,,,MINLIANYUYUN60382,412449534,15,6.3,119.930927,26.411675,349.3,0,2024-04-28 02:34:59,522
867,,,MINLIANYUYUN60382,412449534,15,6.2,119.929983,26.416783,355.4,30,2024-04-28 02:37:56,650
766,,0000000,,412449534,15,5.9,119.926793,26.424923,324.2,30,2024-04-28 02:43:03,571
713,,,MINLIANYUYUN60382,412449534,15,6.4,119.921992,26.430297,302.2,30,2024-04-28 02:47:07,535
653,0,60382,MINLIANYUYUN60382,412449534,15,6.0,119.916732,26.434583,313.7,30,2024-04-28 02:50:50,479
710,0,60382,MINLIANYUYUN60382,412449534,15,5.5,119.913195,26.43826,314.9,30,2024-04-28 02:53:50,541
1179,0,60382,MINLIANYUYUN60382,412449534,15,6.2,119.905958,26.443965,311.2,30,2024-04-28 02:59:00,865
767,,,MINLIANYUYUN60382,412449534,0,6.0,119.899933,26.448017,302.0,30,2024-04-28 03:02:54,566
782,,,MINLIANYUYUN60382,412449534,15,6.0,119.893247,26.452778,312.4,30,2024-04-28 03:07:21,577
770,,60382,,412449534,15,6.1,119.887262,26.456885,311.0,30,2024-04-28 03:11:23,569
774,,0000000,,412449534,15,6.1,119.87998,26.462097,315.3,30,2024-04-28 03:16:21,577
1061,,,MINLIANYUYUN60382,412449534,15,6.0,119.874547,26.466292,312.0,30,2024-04-28 03:20:15,785
546,,60382,,412449534,15,5.2,119.869595,26.470672,307.7,30,2024-04-28 03:24:15,401
717,,,MINLIANYUYUN60382,412449534,15,5.3,119.86567,26.475425,331.4,30,2024-04-28 03:28:15,560
725,,,MINLIANYUYUN60382,412449534,15,5.7,119.861723,26.480183,323.3,30,2024-04-28 03:32:15,555
773,,,MINLIANYUYUN60382,412449534,15,5.0,119.857672,26.484018,310.9,30,2024-04-28 03:35:45,592
1066,,,MINLIANYUYUN60382,412449534,15,4.9,119.853617,26.488232,324.6,30,2024-04-28 03:39:44,841
783,,,MINLIANYUYUN60382,412449534,15,5.4,119.850777,26.492388,330.4,30,2024-04-28 03:43:14,596
769,,,MINLIANYUYUN60382,412449534,15,5.2,119.847012,26.496477,348.6,30,2024-04-28 03:47:14,579
845,,0000^,,412449534,15,4.1,119.844767,26.499495,276.2,30,2024-04-28 03:50:30,644
774,,0000^,,412449534,15,3.5,119.840255,26.501635,300.7,30,2024-04-28 03:55:00,577
704,,0000^,,412449534,15,3.5,119.840255,26.501635,300.7,30,2024-04-28 03:55:00,509
885,,0000^,,412449534,15,3.5,119.840255,26.501635,300.7,30,2024-04-28 03:55:00,680
835,,0000^,,412449534,15,4.9,119.830405,26.515103,341.9,30,2024-04-28 04:10:30,632
783,,0000^,,412449534,15,5.1,119.825102,26.522002,338.8,30,2024-04-28 04:16:30,579
847,,0000^,,412449534,15,5.1,119.825102,26.522002,338.8,30,2024-04-28 04:16:30,651
544,,0000^,,412449534,15,5.1,119.825102,26.522002,338.8,30,2024-04-28 04:16:30,384
1301,,,MINLIANYUYUN60382   ,412449534,15,0.0,119.789655,26.601237,0.0,0,2024-04-28 08:22:38,1003
953,,,MINLIANYUYUN60382   ,412449534,15,0.0,119.789655,26.601237,0.0,0,2024-04-28 08:22:38,701
1005,,,MINLIANYUYUN60382   ,412449534,15,0.0,119.789655,26.601237,0.0,0,2024-04-28 08:22:38,761
842,,,MINLIANYUYUN60382   ,412449534,15,0.0,119.789655,26.601237,0.0,0,2024-04-28 08:22:38,617
955,,,MINLIANYUYUN60382   ,412449534,15,0.0,119.789538,26.601223,0.0,0,2024-04-28 08:46:40,712
1123,,,MINLIANYUYUN60382   ,412449534,15,0.0,119.789538,26.601223,0.0,0,2024-04-28 08:46:40,870
931,,,MINLIANYUYUN60382   ,412449534,15,0.0,119.789538,26.601223,0.0,0,2024-04-28 08:46:40,690
735,,,MINLIANYUYUN60382   ,412449534,15,0.0,119.789538,26.601223,0.0,0,2024-04-28 08:46:40,537
990,,,MINLIANYUYUN60382   ,412449534,15,0.2,119.78967,26.601312,256.3,0,2024-04-28 10:40:45,728
710,,,MINLIANYUYUN60382   ,412449534,15,0.2,119.78967,26.601312,256.3,0,2024-04-28 10:40:45,488
1306,,,MINLIANYUYUN60382   ,412449534,15,0.2,119.78967,26.601312,256.3,0,2024-04-28 10:40:45,952
731,,,MINLIANYUYUN60382   ,412449534,15,0.0,119.789547,26.60128,252.1,0,2024-04-28 11:22:47,531
928,,,MINLIANYUYUN60382   ,412449534,15,0.0,119.789547,26.60128,252.1,0,2024-04-28 11:22:47,695
1022,,,MINLIANYUYUN60382   ,412449534,15,0.0,119.789547,26.60128,252.1,0,2024-04-28 11:22:47,795
793,,,MINLIANYUYUN60382   ,412449534,15,0.0,119.789547,26.60128,252.1,0,2024-04-28 11:22:47,569
909,,,MINLIANYUYUN60382   ,412449534,0,0.0,119.7895,26.6012,72.7,0,2024-04-28 12:32:07,669
989,,,MINLIANYUYUN60382   ,412449534,0,0.0,119.7895,26.6012,72.7,0,2024-04-28 12:32:07,745
856,,,MINLIANYUYUN60382   ,412449534,0,0.0,119.7895,26.6012,72.7,0,2024-04-28 12:32:07,622
1239,,,MINLIANYUYUN60382   ,412449534,15,0.0,119.789302,26.601103,0.0,0,2024-04-28 12:52:51,895
1068,,,MINLIANYUYUN60382   ,412449534,15,0.0,119.789302,26.601103,0.0,0,2024-04-28 12:52:51,800
733,,,MINLIANYUYUN60382   ,412449534,15,0.0,119.789302,26.601103,0.0,0,2024-04-28 12:52:51,526
719,,,MINLIANYUYUN60382   ,412449534,15,0.5,119.790337,26.599968,84.3,0,2024-04-28 14:03:07,512
653,,,MINLIANYUYUN60382   ,412449534,15,0.5,119.790337,26.599968,84.3,0,2024-04-28 14:03:07,438
799,,,MINLIANYUYUN60382   ,412449534,15,0.5,119.790337,26.599968,84.3,0,2024-04-28 14:03:07,599
782,,,MINLIANYUYUN60382   ,412449534,15,0.4,119.789953,26.60076,0.0,0,2024-04-28 14:31:56,566
656,,,MINLIANYUYUN60382   ,412449534,15,0.4,119.789953,26.60076,0.0,0,2024-04-28 14:31:56,450
650,,,MINLIANYUYUN60382   ,412449534,15,0.4,119.789953,26.60076,0.0,0,2024-04-28 14:31:56,459
670,,,MINLIANYUYUN60382   ,412449534,15,0.1,119.789385,26.601193,0.0,0,2024-04-28 15:28:58,478
996,,,MINLIANYUYUN60382   ,412449534,15,0.1,119.789385,26.601193,0.0,0,2024-04-28 15:28:58,729
702,,,MINLIANYUYUN60382   ,412449534,0,0.5,119.789633,26.601417,171.8,0,2024-04-28 15:35:51,488
781,,,MINLIANYUYUN60382   ,412449534,0,0.5,119.789633,26.601417,171.8,0,2024-04-28 15:35:51,555
1118,,,MINLIANYUYUN60382   ,412449534,0,0.5,119.789633,26.601417,171.8,0,2024-04-28 15:35:51,783
812,,,MINLIANYUYUN60382   ,412449534,15,0.2,119.789678,26.601052,176.8,0,2024-04-28 17:00:12,611
711,,,MINLIANYUYUN60382   ,412449534,15,0.2,119.789678,26.601052,176.8,0,2024-04-28 17:00:12,516
827,,,MINLIANYUYUN60382   ,412449534,15,0.2,119.789678,26.601052,176.8,0,2024-04-28 17:00:12,611
1107,,,MINLIANYUYUN60382   ,412449534,15,7.5,119.793762,26.580835,164.8,0,2024-04-28 19:00:03,810
725,,,MINLIANYUYUN60382   ,412449534,15,7.5,119.793762,26.580835,164.8,0,2024-04-28 19:00:03,520
656,,,MINLIANYUYUN60382   ,412449534,15,7.5,119.793762,26.580835,164.8,0,2024-04-28 19:00:03,467
661,,,MINLIANYUYUN60382   ,412449534,15,7.3,119.81064,26.54658,164.6,0,2024-04-28 19:19:49,458
702,,,MINLIANYUYUN60382   ,412449534,15,7.3,119.81064,26.54658,164.6,0,2024-04-28 19:19:49,498
762,,,MINLIANYUYUN60382   ,412449534,0,8.0,119.822633,26.524983,150.1,0,2024-04-28 19:30:59,564
651,,,MINLIANYUYUN60382   ,412449534,15,6.1,119.826595,26.518888,153.3,0,2024-04-28 19:35:02,467
707,,,MINLIANYUYUN60382   ,412449534,15,6.3,119.827892,26.51636,159.0,0,2024-04-28 19:36:37,528
657,,,MINLIANYUYUN60382   ,412449534,15,7.6,119.834865,26.50673,153.8,0,2024-04-28 19:42:32,481
690,,,MINLIANYUYUN60382   ,412449534,15,7.8,119.837023,26.502872,153.0,0,2024-04-28 19:44:32,490
807,,,MINLIANYUYUN60382   ,412449534,15,7.8,119.843457,26.494927,138.4,0,2024-04-28 19:49:02,580
750,,,MINLIANYUYUN60382   ,412449534,15,7.8,119.843457,26.494927,138.4,0,2024-04-28 19:49:02,535
718,,60382,,412449534,15,8.0,119.859678,26.475405,142.3,30,2024-04-28 20:00:02,516
713,,0000000,,412449534,0,8.5,119.866183,26.469067,135.5,30,2024-04-28 20:04:02,516
702,,0000000,,412449534,15,7.4,119.874095,26.463845,131.6,30,2024-04-28 20:08:18,507
821,,60382,,412449534,15,7.8,119.880773,26.458782,129.0,30,2024-04-28 20:12:02,606
938,,,MINLIANYUYUN60382,412449534,15,7.3,119.888617,26.453967,126.8,30,2024-04-28 20:16:08,661
661,,,MINLIANYUYUN60382,412449534,15,7.4,119.895172,26.448582,127.7,30,2024-04-28 20:20:02,475
715,,,MINLIANYUYUN60382,412449534,15,7.1,119.902663,26.444113,119.3,0,2024-04-28 20:24:02,522
813,,,MINLIANYUYUN60382,412449534,15,6.9,119.910062,26.439338,128.8,30,2024-04-28 20:28:02,586
598,,,MINLIANYUYUN60382,412449534,15,7.2,119.915822,26.43466,137.7,30,2024-04-28 20:31:32,412
872,,,MINLIANYUYUN60382,412449534,15,6.8,119.92255,26.428017,139.5,30,2024-04-28 20:36:01,623
652,,,MINLIANYUYUN60382,412449534,15,7.4,119.925907,26.420355,165.9,30,2024-04-28 20:40:02,453
698,0,60382,MINLIANYUYUN60382,412449534,15,7.4,119.926907,26.412277,177.6,30,2024-04-28 20:44:02,499
693,,,MINLIANYUYUN60382,412449534,15,8.1,119.92685,26.404165,182.8,0,2024-04-28 20:47:47,507
756,,,MINLIANYUYUN60382,412449534,15,7.7,119.926352,26.395037,182.1,30,2024-04-28 20:52:02,555
641,,0000000,,412449534,15,8.3,119.926023,26.3841,167.1,30,2024-04-28 20:56:56,455
712,,,MINLIANYUYUN60382,412449534,15,7.8,119.92786,26.375243,165.1,30,2024-04-28 21:01:02,502
723,,,MINLIANYUYUN60382,412449534,15,4.6,119.929332,26.366975,156.4,30,2024-04-28 21:05:03,528
765,,0000000,,412449534,15,0.7,119.930602,26.364718,174.4,30,2024-04-28 21:08:24,555
647,,0000000,,412449534,15,0.0,119.930627,26.364705,176.6,30,2024-04-28 21:11:33,454
751,,,MINLIANYUYUN60382   ,412449534,15,0.5,119.9305,26.364737,195.3,0,2024-04-28 21:13:44,514
695,,,MINLIANYUYUN60382   ,412449534,15,0.5,119.9305,26.364737,195.3,0,2024-04-28 21:13:44,504
655,,,MINLIANYUYUN60382   ,412449534,15,0.5,119.9305,26.364737,195.3,0,2024-04-28 21:13:44,461
