fid,IMO_Number,Call_Sign,ShipName,MMSI,Navigational_Status,SOG,Longitude,Latitude,COG,Ship_and_Cargo_Type,Record_Time,group
2861,,,SHUN LI 38        3V,994164108,15,1.0,121.879285,24.35167,20.7,0,2024-04-15 21:45:28,2038
2842,,,SHUN LI 38        5V,994164108,15,0.4,121.879245,24.352205,100.8,0,2024-04-15 21:50:29,2022
2843,,,SHUN LI 38        5V,994164108,15,0.7,121.879163,24.35256,334.2,0,2024-04-15 21:54:32,2015
2844,,,SHUN LI 38        5V,994164108,15,1.3,121.879128,24.352945,56.1,0,2024-04-15 21:58:33,2033
2912,,,SHUN LI 38        5V,994164108,15,0.5,121.879098,24.35331,334.2,0,2024-04-15 22:02:35,2091
2864,,,SHUN LI 38        5V,994164108,15,0.5,121.879075,24.353555,301.3,0,2024-04-15 22:05:35,2039
2807,,,SHUN LI 38        5V,994164108,15,0.9,121.879027,24.353865,300.6,0,2024-04-15 22:09:37,2028
2949,,,SHUN LI 38        5V,994164108,15,0.5,121.87902,24.35433,320.3,0,2024-04-15 22:15:39,2095
2970,,,SHUN LI 38        5V,994164108,15,0.8,121.878993,24.354463,112.2,0,2024-04-15 22:17:40,2137
2946,,,SHUN LI 38        5V,994164108,15,0.3,121.87899,24.35492,100.8,0,2024-04-15 22:23:41,2105
2941,,,SHUN LI 38        5V,994164108,15,0.1,121.879042,24.355237,100.8,0,2024-04-15 22:27:44,2076
2819,,,SHUN LI 38        4V,994164108,15,0.7,121.878995,24.355498,298.2,0,2024-04-15 22:30:43,1985
2780,,,SHUN LI 38        5V,994164108,15,0.6,121.879123,24.355987,320.0,0,2024-04-15 22:35:46,1970
2751,,,SHUN LI 38        5V,994164108,15,0.1,121.879147,24.35631,100.8,0,2024-04-15 22:38:47,1960
3063,,,SHUN LI 38        5V,994164108,15,0.9,121.879333,24.356853,63.1,0,2024-04-15 22:43:48,2185
2737,,,SHUN LI 38        5V,994164108,15,0.6,121.879418,24.357073,341.4,0,2024-04-15 22:45:48,1956
2943,,,SHUN LI 38        5V,994164108,15,0.2,121.879753,24.357768,100.8,0,2024-04-15 22:51:49,2075
2879,,,SHUN LI 38        5V,994164108,15,0.8,121.879975,24.35831,13.7,0,2024-04-15 22:55:52,2028
2819,,,SHUN LI 38        5V,994164108,15,0.8,121.880262,24.35903,34.6,0,2024-04-15 23:00:53,2025
2870,,,SHUN LI 38        5V,994164108,15,1.2,121.880582,24.359678,100.8,0,2024-04-15 23:04:53,2053
2814,,,SHUN LI 38        4V,994164108,15,12.2,121.875833,24.344528,261.8,0,2024-04-15 23:27:39,1979
2770,,,SHUN LI 38        4V,994164108,15,6.7,121.87357,24.35111,358.6,0,2024-04-15 23:36:53,1960
2801,,,SHUN LI 38        4V,994164108,15,5.5,121.873917,24.35693,359.5,0,2024-04-15 23:39:58,1978
2860,,,SHUN LI 38        4V,994164108,15,7.6,121.874498,24.373477,352.4,0,2024-04-15 23:48:17,2014
2887,,,SHUN LI 38        4V,994164108,15,7.4,121.874523,24.38413,351.2,0,2024-04-15 23:53:35,2031
2800,,,SHUN LI 38        3V,994164108,15,0.2,121.874863,24.392267,100.8,0,2024-04-16 00:01:27,1991
2900,,,SHUN LI 38        3V,994164108,15,0.9,121.875163,24.39254,358.0,0,2024-04-16 00:04:29,2042
2808,,,SHUN LI 38        5V,994164108,15,0.3,121.875513,24.392972,100.8,0,2024-04-16 00:08:29,1974
2854,,,SHUN LI 38        4V,994164108,15,0.0,121.875825,24.393378,100.8,0,2024-04-16 00:12:31,1996
2805,,,SHUN LI 38        4V,994164108,15,1.1,121.87608,24.393677,106.9,0,2024-04-16 00:16:32,1974
2752,,,SHUN LI 38        5V,994164108,15,0.9,121.876318,24.393932,358.8,0,2024-04-16 00:19:35,1925
2501,,,SHUN LI 38        5V,994164108,15,0.8,121.87662,24.394235,71.1,0,2024-04-16 00:23:36,1718
2593,,,SHUN LI 38        5V,994164108,15,0.8,121.877015,24.39466,45.3,0,2024-04-16 00:28:37,1789
2767,,,SHUN LI 38        5V,994164108,15,0.4,121.877528,24.395147,100.8,0,2024-04-16 00:34:38,1959
2880,,,SHUN LI 38        5V,994164108,15,0.4,121.877727,24.39541,100.8,0,2024-04-16 00:37:38,2039
2686,,,SHUN LI 38        3V,994164108,15,1.0,121.878168,24.395882,21.3,0,2024-04-16 00:42:39,1899
2632,,,SHUN LI 38        4V,994164108,15,1.6,121.878463,24.396638,20.0,0,2024-04-16 00:45:39,1879
2754,,,SHUN LI 38        5V,994164108,15,3.1,121.879138,24.394987,168.9,0,2024-04-16 00:50:43,1963
2796,,,SHUN LI 38        4V,994164108,15,3.6,121.879502,24.39244,180.6,0,2024-04-16 00:54:46,1973
2783,,,SHUN LI 38        5V,994164108,15,2.7,121.87997,24.389922,150.8,0,2024-04-16 00:58:49,1945
2736,,,SHUN LI 38        5V,994164108,15,3.2,121.880093,24.387997,167.8,0,2024-04-16 01:00:49,1919
2651,,,SHUN LI 38        5V,994164108,15,2.3,121.880785,24.37959,149.3,0,2024-04-16 01:11:00,1880
2762,,,SHUN LI 38        5V,994164108,15,3.6,121.881097,24.376995,178.2,0,2024-04-16 01:15:04,1957
2823,,,SHUN LI 38        4V,994164108,15,3.8,121.881142,24.375988,173.9,0,2024-04-16 01:16:06,1998
2630,,,SHUN LI 38        5V,994164108,15,2.6,121.881165,24.372172,168.7,0,2024-04-16 01:22:11,1855
2688,,,SHUN LI 38        5V,994164108,15,4.1,121.88124,24.367947,190.3,0,2024-04-16 01:27:15,1889
2593,,,SHUN LI 38        4V,994164108,15,2.8,121.881255,24.364715,242.1,0,2024-04-16 01:31:18,1818
2556,,,SHUN LI 38        5V,994164108,15,3.3,121.881112,24.36164,171.5,0,2024-04-16 01:35:23,1816
2591,,,SHUN LI 38        5V,994164108,15,3.0,121.881042,24.358745,182.6,0,2024-04-16 01:38:27,1834
2519,,,SHUN LI 38        4V,994164108,15,0.6,121.88093,24.357127,100.8,0,2024-04-16 01:40:27,1771
2484,,,SHUN LI 38        4V,994164108,15,3.5,121.880967,24.352255,165.7,0,2024-04-16 01:47:35,1768
2728,,,SHUN LI 38        4V,994164108,15,12.5,121.878222,24.347547,214.0,0,2024-04-16 01:51:41,1930
2764,,,SHUN LI 38        5V,994164108,15,8.7,121.872207,24.341667,54.5,0,2024-04-16 01:54:45,1972
2530,,,SHUN LI 38        5V,994164108,15,0.8,121.882127,24.39004,313.1,0,2024-04-16 02:20:28,1766
2312,,,SHUN LI 38        5V,994164108,15,0.2,121.882205,24.390258,100.8,0,2024-04-16 02:24:28,1631
2312,,,SHUN LI 38        4V,994164108,15,0.9,121.882435,24.390498,14.6,0,2024-04-16 02:28:29,1610
2249,,,SHUN LI 38        5V,994164108,15,0.8,121.882605,24.390753,88.7,0,2024-04-16 02:32:31,1571
2626,,,SHUN LI 38        4V,994164108,15,0.8,121.882802,24.390925,100.8,0,2024-04-16 02:37:34,1828
2476,,,SHUN LI 38        5V,994164108,15,0.3,121.882847,24.390972,100.8,0,2024-04-16 02:39:34,1737
2474,,,SHUN LI 38        3V,994164108,15,1.0,121.883042,24.391117,141.6,0,2024-04-16 02:45:32,1724
2477,,,SHUN LI 38        5V,994164108,15,0.8,121.883165,24.391225,127.9,0,2024-04-16 02:49:47,1724
2468,,,SHUN LI 38        4V,994164108,15,1.0,121.883225,24.391313,276.1,0,2024-04-16 02:52:47,1727
2561,,,SHUN LI 38        4V,994164108,15,0.5,121.883383,24.391467,54.4,0,2024-04-16 02:57:46,1802
2679,,,SHUN LI 38        4V,994164108,15,0.6,121.883517,24.391582,105.9,0,2024-04-16 03:01:46,1884
2696,,,SHUN LI 38        4V,994164108,15,0.7,121.88365,24.39172,36.3,0,2024-04-16 03:05:46,1938
2659,,,SHUN LI 38        4V,994164108,15,0.6,121.883733,24.391828,322.2,0,2024-04-16 03:08:47,1906
2692,,,SHUN LI 38        4V,994164108,15,0.6,121.883855,24.39199,212.0,0,2024-04-16 03:13:48,1922
2643,,,SHUN LI 38        4V,994164108,15,0.8,121.883927,24.392112,98.7,0,2024-04-16 03:16:47,1858
2683,,,SHUN LI 38        5V,994164108,15,0.3,121.884045,24.39225,100.8,0,2024-04-16 03:20:48,1889
2681,,,SHUN LI 38        4V,994164108,15,1.2,121.884148,24.392447,308.1,0,2024-04-16 03:25:47,1883
2862,,,SHUN LI 38        4V,994164108,15,0.4,121.884203,24.392557,276.4,0,2024-04-16 03:28:47,1990
2334,,,SHUN LI 38        4V,994164108,15,0.3,121.884247,24.392705,100.8,0,2024-04-16 03:32:49,1616
2180,,,SHUN LI 38        4V,994164108,15,0.3,121.884395,24.392897,100.8,0,2024-04-16 03:37:51,1512
2352,,,SHUN LI 38        4V,994164108,15,0.7,121.884508,24.393042,58.6,0,2024-04-16 03:42:52,1658
2402,,,SHUN LI 38        4V,994164108,15,1.0,121.884542,24.393113,298.9,0,2024-04-16 03:44:51,1668
2371,,,SHUN LI 38        4V,994164108,15,0.3,121.884632,24.39324,100.8,0,2024-04-16 03:50:54,1663
2392,,,SHUN LI 38        4V,994164108,15,0.8,121.884693,24.39333,311.9,0,2024-04-16 03:54:55,1695
2298,,,SHUN LI 38        4V,994164108,15,0.6,121.884713,24.39341,359.4,0,2024-04-16 03:58:56,1626
2240,,,SHUN LI 38        4V,994164108,15,0.7,121.884718,24.393443,320.8,0,2024-04-16 04:01:57,1570
2085,,,SHUN LI 38        4V,994164108,15,0.4,121.884693,24.393513,344.0,0,2024-04-16 04:06:58,1450
2137,,,SHUN LI 38        4V,994164108,15,0.5,121.884707,24.393513,100.8,0,2024-04-16 04:09:58,1505
2143,,,SHUN LI 38        4V,994164108,15,1.9,121.884747,24.393237,194.7,0,2024-04-16 04:14:58,1492
2199,,,SHUN LI 38        4V,994164108,15,1.0,121.884465,24.393073,100.8,0,2024-04-16 04:18:58,1541
2158,,,SHUN LI 38        4V,994164108,15,2.0,121.885457,24.396788,359.0,0,2024-04-16 04:23:59,1518
2088,,,SHUN LI 38        4V,994164108,15,1.2,121.885633,24.399993,352.3,0,2024-04-16 04:27:58,1485
2028,,,SHUN LI 38        4V,994164108,15,0.6,121.885372,24.403948,242.9,0,2024-04-16 04:38:00,1433
2249,,,SHUN LI 38        4V,994164108,15,1.9,121.887025,24.407492,335.6,0,2024-04-16 04:46:03,1582
2115,,,SHUN LI 38        4V,994164108,15,2.5,121.887062,24.410637,343.0,0,2024-04-16 04:51:07,1495
2056,,,SHUN LI 38        4V,994164108,15,9.4,121.886108,24.418678,358.0,0,2024-04-16 04:54:33,1460
2101,,,SHUN LI 38        4V,994164108,15,9.6,121.885232,24.426668,352.0,0,2024-04-16 04:57:33,1498
2147,,,SHUN LI 38        4V,994164108,15,10.0,121.884028,24.443463,357.7,0,2024-04-16 05:03:35,1530
2310,,,SHUN LI 38        4V,994164108,15,10.3,121.88341,24.452218,0.8,0,2024-04-16 05:06:36,1651
2204,,,SHUN LI 38        4V,994164108,15,10.7,121.882603,24.466923,351.8,0,2024-04-16 05:11:38,1566
2206,,,SHUN LI 38        4V,994164108,15,10.5,121.881865,24.47897,351.5,0,2024-04-16 05:15:40,1595
2199,,,SHUN LI 38        4V,994164108,15,10.9,121.881413,24.48801,358.8,0,2024-04-16 05:18:40,1572
2210,,,SHUN LI 38        4V,994164108,15,10.2,121.881585,24.502782,359.7,0,2024-04-16 05:23:42,1601
2261,,,SHUN LI 38        4V,994164108,15,10.2,121.881642,24.508543,358.7,0,2024-04-16 05:25:43,1628
2330,,,SHUN LI 38        5V,994164108,15,10.2,121.881817,24.525465,355.7,0,2024-04-16 05:31:43,1684
2336,,,SHUN LI 38        4V,994164108,15,10.0,121.881847,24.53713,0.2,0,2024-04-16 05:35:46,1680
2245,,,SHUN LI 38        4V,994164108,15,10.2,121.884238,24.554355,359.2,0,2024-04-16 05:41:47,1616
2325,,,SHUN LI 38        4V,994164108,15,10.4,121.884532,24.560128,3.1,0,2024-04-16 05:43:48,1675
2427,,,SHUN LI 38        4V,994164108,15,10.2,121.885523,24.577393,359.2,0,2024-04-16 05:49:51,1770
2433,,,SHUN LI 38        4V,994164108,15,10.6,121.884452,24.585997,344.2,0,2024-04-16 05:52:52,1766
2565,,,SHUN LI 38        4V,994164108,15,9.1,121.875543,24.593527,255.1,0,2024-04-16 05:57:54,1859
2308,,,SHUN LI 38        4V,994164108,15,9.6,121.869023,24.587822,171.1,0,2024-04-16 06:01:28,1658
2285,,,SHUN LI 38        4V,994164108,15,5.7,121.869227,24.585827,182.1,0,2024-04-16 06:02:30,1637
2583,,,SHUN LI 38        4V,994164108,15,0.0,121.869993,24.586002,100.8,0,2024-04-16 06:09:33,1888
3300,,,SHUN LI 38        4V,994164108,15,0.0,121.869943,24.586007,100.8,0,2024-04-16 06:17:40,2463
3407,,,SHUN LI 38        4V,994164108,15,0.1,121.870002,24.585998,100.8,0,2024-04-16 06:20:43,2545
3358,,,SHUN LI 38        4V,994164108,15,0.0,121.870017,24.58598,100.8,0,2024-04-16 06:24:47,2526
3388,,,SHUN LI 38        4V,994164108,15,0.1,121.869885,24.585967,100.8,0,2024-04-16 06:29:49,2526
3094,,,SHUN LI 38        4V,994164108,15,7.3,121.869282,24.585105,183.2,0,2024-04-16 06:32:51,2298
3113,,,SHUN LI 38        5V,994164108,15,0.1,121.86955,24.58382,100.8,0,2024-04-16 06:36:54,2293
2771,,,SHUN LI 38        4V,994164108,15,0.0,121.869628,24.583853,100.8,0,2024-04-16 06:45:00,2013
3089,,,SHUN LI 38        4V,994164108,15,0.0,121.869557,24.583837,100.8,0,2024-04-16 06:48:02,2277
3436,,,SHUN LI 38        4V,994164108,15,0.1,121.869508,24.583873,100.8,0,2024-04-16 06:53:06,2548
3278,,,SHUN LI 38        4V,994164108,15,0.0,121.869553,24.583848,100.8,0,2024-04-16 06:57:11,2430
3442,,,SHUN LI 38        4V,994164108,15,0.1,121.869562,24.583832,100.8,0,2024-04-16 07:01:14,2549
3185,,,SHUN LI 38        4V,994164108,15,0.1,121.869475,24.583822,100.8,0,2024-04-16 07:06:19,2333
3091,,,SHUN LI 38        4V,994164108,15,0.1,121.869558,24.583892,100.8,0,2024-04-16 07:14:26,2269
3274,,,SHUN LI 38        4V,994164108,15,0.3,121.86969,24.58385,100.8,0,2024-04-16 07:19:31,2403
3224,,,SHUN LI 38        4V,994164108,15,0.2,121.869478,24.58384,100.8,0,2024-04-16 07:20:32,2355
3024,,,SHUN LI 38        4V,994164108,15,0.3,121.869555,24.583883,100.8,0,2024-04-16 07:28:39,2205
3291,,,SHUN LI 38        4V,994164108,15,0.2,121.869513,24.583873,100.8,0,2024-04-16 07:35:45,2407
3520,,,SHUN LI 38        4V,994164108,15,0.0,121.869703,24.583933,100.8,0,2024-04-16 07:39:52,2597
3351,,,SHUN LI 38        4V,994164108,15,0.4,121.86993,24.583927,100.8,0,2024-04-16 07:42:55,2445
3274,,,SHUN LI 38        4V,994164108,15,0.3,121.86952,24.583875,100.8,0,2024-04-16 07:46:59,2385
3213,,,SHUN LI 38        4V,994164108,15,0.3,121.86974,24.583863,100.8,0,2024-04-16 07:51:03,2337
3299,,,SHUN LI 38        4V,994164108,15,0.3,121.869623,24.58384,100.8,0,2024-04-16 07:53:06,2413
3245,,,SHUN LI 38        4V,994164108,15,0.1,121.869553,24.583842,270.4,0,2024-04-16 08:03:53,2339
2926,,,SHUN LI 38        4V,994164108,15,0.2,121.86955,24.583867,270.4,0,2024-04-16 08:12:58,2077
3129,,,SHUN LI 38        4V,994164108,15,0.0,121.869578,24.583812,270.4,0,2024-04-16 08:16:58,2259
3288,,,SHUN LI 38        4V,994164108,15,0.0,121.869517,24.583818,270.4,0,2024-04-16 08:19:58,2401
3576,,,SHUN LI 38        4V,994164108,15,0.0,121.869567,24.583865,270.4,0,2024-04-16 08:24:01,2622
3491,,,SHUN LI 38        4V,994164108,15,0.1,121.869508,24.583892,270.4,0,2024-04-16 08:28:00,2549
3539,,,SHUN LI 38        4V,994164108,15,0.0,121.869473,24.58388,270.4,0,2024-04-16 08:32:01,2594
3601,,,SHUN LI 38        4V,994164108,15,0.0,121.869577,24.583862,270.4,0,2024-04-16 08:37:01,2629
3500,,,SHUN LI 38        4V,994164108,15,0.0,121.869552,24.583843,270.4,0,2024-04-16 08:41:01,2579
3755,,,SHUN LI 38        4V,994164108,15,0.0,121.86957,24.583847,270.4,0,2024-04-16 08:44:03,2746
3444,,,SHUN LI 38        4V,994164108,15,0.0,121.869388,24.583973,270.4,0,2024-04-16 08:49:02,2531
3585,,,SHUN LI 38        4V,994164108,15,0.0,121.869527,24.58386,270.4,0,2024-04-16 08:53:05,2622
3317,,,SHUN LI 38        4V,994164108,15,0.0,121.869563,24.583847,270.4,0,2024-04-16 08:54:05,2408
3087,,,SHUN LI 38        3V,994164108,15,0.0,121.869553,24.583843,270.4,0,2024-04-16 09:00:01,2229
3135,,,SHUN LI 38        4V,994164108,15,0.0,121.869533,24.583872,270.4,0,2024-04-16 09:05:17,2263
3435,,,SHUN LI 38        4V,994164108,15,0.0,121.869573,24.583858,270.4,0,2024-04-16 09:10:18,2525
3523,,,SHUN LI 38        4V,994164108,15,0.0,121.869475,24.58384,270.4,0,2024-04-16 09:13:18,2563
3414,,,SHUN LI 38        4V,994164108,15,0.0,121.869555,24.583833,270.4,0,2024-04-16 09:16:18,2494
3434,,,SHUN LI 38        4V,994164108,15,0.0,121.869428,24.583828,270.4,0,2024-04-16 09:22:20,2492
3572,,,SHUN LI 38        4V,994164108,15,0.0,121.869582,24.583835,270.4,0,2024-04-16 09:25:20,2609
3522,,,SHUN LI 38        4V,994164108,15,0.1,121.869547,24.583867,270.4,0,2024-04-16 09:30:22,2592
3121,,,SHUN LI 38        4V,994164108,15,0.0,121.869528,24.583888,270.4,0,2024-04-16 09:31:23,2250
3109,,,SHUN LI 38        4V,994164108,15,0.0,121.869512,24.583878,270.4,0,2024-04-16 09:37:22,2243
3432,,,SHUN LI 38        4V,994164108,15,0.0,121.869568,24.58385,270.4,0,2024-04-16 09:42:22,2463
3358,,,SHUN LI 38        4V,994164108,15,0.0,121.869542,24.583875,270.4,0,2024-04-16 09:45:23,2416
3273,,,SHUN LI 38        4V,994164108,15,0.0,121.869563,24.583855,270.4,0,2024-04-16 09:50:23,2366
3364,,,SHUN LI 38        4V,994164108,15,0.0,121.8696,24.58385,270.4,0,2024-04-16 09:54:22,2429
3504,,,SHUN LI 38        3V,994164108,15,0.0,121.869625,24.583857,270.4,0,2024-04-16 09:57:23,2553
3425,,,SHUN LI 38        4V,994164108,15,0.0,121.869567,24.58387,270.4,0,2024-04-16 10:02:25,2466
3395,,,SHUN LI 38        4V,994164108,15,0.0,121.869588,24.583888,270.4,0,2024-04-16 10:07:24,2437
3473,,,SHUN LI 38        4V,994164108,15,0.0,121.869513,24.583882,270.4,0,2024-04-16 10:11:23,2507
3415,,,SHUN LI 38        4V,994164108,15,0.0,121.86956,24.583893,270.4,0,2024-04-16 10:14:23,2450
3395,,,SHUN LI 38        4V,994164108,15,0.0,121.869555,24.583892,270.4,0,2024-04-16 10:19:24,2422
3254,,,SHUN LI 38        4V,994164108,15,0.1,121.869467,24.583863,270.4,0,2024-04-16 10:23:25,2332
3500,,,SHUN LI 38        4V,994164108,15,0.1,121.869597,24.583873,270.4,0,2024-04-16 10:28:25,2546
3594,,,SHUN LI 38        4V,994164108,15,0.2,121.869555,24.583885,270.4,0,2024-04-16 10:32:26,2598
3551,,,SHUN LI 38        4V,994164108,15,0.0,121.869542,24.5839,270.4,0,2024-04-16 10:36:29,2557
3566,,,SHUN LI 38        4V,994164108,15,0.2,121.869555,24.58386,270.4,0,2024-04-16 10:40:29,2587
3378,,,SHUN LI 38        4V,994164108,15,0.0,121.869595,24.583893,270.4,0,2024-04-16 10:45:29,2442
3577,,,SHUN LI 38        4V,994164108,15,0.1,121.869513,24.58385,270.4,0,2024-04-16 10:49:29,2597
3424,,,SHUN LI 38        4V,994164108,15,0.1,121.869568,24.58386,270.4,0,2024-04-16 10:50:29,2455
3540,,,SHUN LI 38        4V,994164108,15,0.1,121.869558,24.583902,270.4,0,2024-04-16 10:56:30,2568
3758,,,SHUN LI 38        4V,994164108,15,0.1,121.869748,24.583465,270.4,0,2024-04-16 11:01:52,2748
3365,,,SHUN LI 38        4V,994164108,15,0.0,121.869625,24.583762,270.4,0,2024-04-16 11:04:03,2429
3295,,,SHUN LI 38        4V,994164108,15,0.1,121.86967,24.58374,270.4,0,2024-04-16 11:07:36,2390
3387,,,SHUN LI 38        4V,994164108,15,0.1,121.869525,24.583915,270.4,0,2024-04-16 11:13:42,2427
3292,,,SHUN LI 38        4V,994164108,15,1.0,121.869553,24.583855,120.0,0,2024-04-16 11:16:00,2368
3403,,,SHUN LI 38        4V,994164108,15,0.4,121.868912,24.585465,270.4,0,2024-04-16 11:21:03,2419
3288,,,SHUN LI 38        3V,994164108,15,8.1,121.870627,24.591423,58.4,0,2024-04-16 11:25:02,2367
3374,,,SHUN LI 38        4V,994164108,15,7.3,121.881657,24.592613,159.5,0,2024-04-16 11:30:02,2428
3468,,,SHUN LI 38        4V,994164108,15,6.5,121.882623,24.585083,180.0,0,2024-04-16 11:34:04,2512
3597,,,SHUN LI 38        4V,994164108,15,7.2,121.883568,24.577622,173.7,0,2024-04-16 11:38:05,2604
3658,,,SHUN LI 38        3V,994164108,15,6.9,121.884363,24.571938,169.6,0,2024-04-16 11:41:05,2663
3760,,,SHUN LI 38        3V,994164108,15,6.9,121.885043,24.562385,176.9,0,2024-04-16 11:46:05,2713
3481,,,SHUN LI 38        3V,994164108,15,6.9,121.885008,24.554413,180.1,0,2024-04-16 11:50:05,2495
3612,,,SHUN LI 38        4V,994164108,15,6.9,121.884708,24.548338,184.5,0,2024-04-16 11:53:07,2620
3622,,,SHUN LI 38        4V,994164108,15,7.7,121.884088,24.536205,180.9,0,2024-04-16 11:59:08,2637
3718,,,SHUN LI 38        4V,994164108,15,7.4,121.884237,24.527767,184.3,0,2024-04-16 12:03:08,2687
3410,,,SHUN LI 38        4V,994164108,15,7.7,121.883512,24.521238,178.2,0,2024-04-16 12:06:09,2487
3374,,,SHUN LI 38        4V,994164108,15,8.6,121.881402,24.500698,181.9,0,2024-04-16 12:15:11,2414
3344,,,SHUN LI 38        4V,994164108,15,7.9,121.88123,24.496047,180.1,0,2024-04-16 12:17:11,2384
3485,,,SHUN LI 38        4V,994164108,15,8.1,121.881648,24.482447,177.2,0,2024-04-16 12:23:11,2528
3434,,,SHUN LI 38        4V,994164108,15,4.2,121.882197,24.475128,174.6,0,2024-04-16 12:27:10,2492
3433,,,SHUN LI 38        4V,994164108,15,4.7,121.882307,24.473802,175.1,0,2024-04-16 12:28:10,2489
3432,,,SHUN LI 38        4V,994164108,15,4.9,121.881825,24.464612,185.1,0,2024-04-16 12:35:10,2487
3531,,,SHUN LI 38        4V,994164108,15,5.5,121.880727,24.453613,191.0,0,2024-04-16 12:43:11,2547
3361,,,SHUN LI 38        4V,994164108,15,4.9,121.879782,24.446633,192.3,0,2024-04-16 12:48:13,2433
3439,,,SHUN LI 38        4V,994164108,15,5.0,121.879963,24.440905,177.4,0,2024-04-16 12:52:12,2477
3573,,,SHUN LI 38        4V,994164108,15,5.4,121.879693,24.43513,183.8,0,2024-04-16 12:56:14,2583
3285,,,SHUN LI 38        4V,994164108,15,5.2,121.879372,24.430625,186.0,0,2024-04-16 12:59:15,2347
3466,,,SHUN LI 38        4V,994164108,15,5.4,121.878615,24.421418,184.8,0,2024-04-16 13:05:25,2493
3415,,,SHUN LI 38        4V,994164108,15,5.3,121.878355,24.41844,183.0,0,2024-04-16 13:07:25,2442
3598,,,SHUN LI 38        4V,994164108,15,5.1,121.877793,24.411002,178.3,0,2024-04-16 13:12:28,2590
3507,,,SHUN LI 38        4V,994164108,15,5.1,121.877268,24.403433,176.1,0,2024-04-16 13:17:31,2534
3433,,,SHUN LI 38        4V,994164108,15,3.8,121.877882,24.397305,179.8,0,2024-04-16 13:21:38,2505
3447,,,SHUN LI 38        4V,994164108,15,1.9,121.877832,24.396593,187.6,0,2024-04-16 13:22:38,2484
2522,,,SHUN LI 38        4V,994164108,15,0.3,121.877445,24.394923,270.4,0,2024-04-16 13:31:50,1752
2851,,,SHUN LI 38        4V,994164108,15,0.5,121.877018,24.394287,270.4,0,2024-04-16 13:37:56,2028
3323,,,SHUN LI 38        4V,994164108,15,0.4,121.876787,24.393983,270.4,0,2024-04-16 13:40:58,2395
3467,,,SHUN LI 38        4V,994164108,15,0.4,121.876448,24.393465,270.4,0,2024-04-16 13:45:06,2498
3276,,,SHUN LI 38        4V,994164108,15,0.8,121.876245,24.39313,270.4,0,2024-04-16 13:49:22,2321
3329,,,SHUN LI 38        4V,994164108,15,0.6,121.875998,24.392857,270.4,0,2024-04-16 13:51:28,2359
2911,,,SHUN LI 38        4V,994164108,15,0.5,121.875553,24.392353,270.4,0,2024-04-16 13:56:46,2016
2575,,,SHUN LI 38        4V,994164108,15,0.4,121.875357,24.391777,246.4,0,2024-04-16 14:02:20,1778
3066,,,SHUN LI 38        4V,994164108,15,0.4,121.875085,24.391465,233.7,0,2024-04-16 14:06:19,2133
3043,,,SHUN LI 38        4V,994164108,15,0.3,121.87486,24.391105,264.5,0,2024-04-16 14:10:18,2137
3349,,,SHUN LI 38        4V,994164108,15,0.6,121.874598,24.39067,222.2,0,2024-04-16 14:15:19,2413
3425,,,SHUN LI 38        4V,994164108,15,0.4,121.874362,24.390405,258.0,0,2024-04-16 14:19:18,2448
3412,,,SHUN LI 38        4V,994164108,15,0.4,121.874102,24.390207,270.4,0,2024-04-16 14:23:19,2430
3474,,,SHUN LI 38        4V,994164108,15,0.4,121.873917,24.390022,260.5,0,2024-04-16 14:27:21,2490
3591,,,SHUN LI 38        4V,994164108,15,1.0,121.873767,24.38988,242.8,0,2024-04-16 14:30:19,2596
3420,,,SHUN LI 38        4V,994164108,15,0.5,121.873528,24.389708,148.0,0,2024-04-16 14:34:22,2460
3407,,,SHUN LI 38        4V,994164108,15,0.3,121.873305,24.389582,270.4,0,2024-04-16 14:38:24,2438
3524,,,SHUN LI 38        4V,994164108,15,0.4,121.87312,24.38944,270.4,0,2024-04-16 14:42:25,2525
3349,,,SHUN LI 38        4V,994164108,15,0.2,121.872892,24.389265,270.4,0,2024-04-16 14:47:27,2399
3438,,,SHUN LI 38        4V,994164108,15,0.4,121.87283,24.38917,270.4,0,2024-04-16 14:49:29,2472
3220,,,SHUN LI 38        4V,994164108,15,0.4,121.872788,24.38904,269.4,0,2024-04-16 14:52:29,2305
3258,,,SHUN LI 38        4V,994164108,15,0.2,121.872815,24.388742,270.4,0,2024-04-16 14:59:31,2324
3275,,,SHUN LI 38        4V,994164108,15,0.6,121.872812,24.388607,256.7,0,2024-04-16 15:02:32,2309
3572,,,SHUN LI 38        4V,994164108,15,0.3,121.87287,24.388323,270.4,0,2024-04-16 15:08:33,2545
3331,,,SHUN LI 38        4V,994164108,15,0.2,121.87287,24.388147,270.4,0,2024-04-16 15:12:34,2379
2661,,,SHUN LI 38        3V,994164108,15,0.1,121.87288,24.387948,270.4,0,2024-04-16 15:17:30,1849
2714,,,SHUN LI 38        4V,994164108,15,0.3,121.872907,24.387602,270.4,0,2024-04-16 15:25:48,1878
3179,,,SHUN LI 38        4V,994164108,15,0.1,121.872838,24.387515,270.4,0,2024-04-16 15:29:46,2245
3301,,,SHUN LI 38        4V,994164108,15,0.1,121.872823,24.387387,270.4,0,2024-04-16 15:32:47,2359
3256,,,SHUN LI 38        4V,994164108,15,0.5,121.872753,24.387225,149.7,0,2024-04-16 15:35:46,2299
3310,,,SHUN LI 38        4V,994164108,15,0.2,121.872668,24.387007,270.4,0,2024-04-16 15:40:49,2361
3154,,,SHUN LI 38        4V,994164108,15,0.4,121.872515,24.386822,213.1,0,2024-04-16 15:44:47,2209
3111,,,SHUN LI 38        3V,994164108,15,0.4,121.872418,24.386617,118.2,0,2024-04-16 15:48:48,2203
3030,,,SHUN LI 38        3V,994164108,15,0.5,121.872407,24.38652,116.0,0,2024-04-16 15:50:49,2100
3012,,,SHUN LI 38        3V,994164108,15,0.4,121.872312,24.386363,240.1,0,2024-04-16 15:53:50,2151
3152,,,SHUN LI 38        4V,994164108,15,0.4,121.872095,24.385912,270.4,0,2024-04-16 16:01:49,2204
2975,,,SHUN LI 38        4V,994164108,15,0.2,121.87202,24.38581,270.4,0,2024-04-16 16:03:48,2067
3217,,,SHUN LI 38        4V,994164108,15,0.1,121.87179,24.385428,270.4,0,2024-04-16 16:09:48,2251
3075,,,SHUN LI 38        4V,994164108,15,0.5,121.87157,24.385148,216.2,0,2024-04-16 16:13:47,2142
3339,,,SHUN LI 38        4V,994164108,15,0.5,121.871308,24.384877,149.4,0,2024-04-16 16:18:46,2354
2968,,,SHUN LI 38        4V,994164108,15,0.3,121.871175,24.384637,261.1,0,2024-04-16 16:22:45,2083
3042,,,SHUN LI 38        3V,994164108,15,0.6,121.870915,24.384422,223.7,0,2024-04-16 16:26:44,2133
2928,,,SHUN LI 38        3V,994164108,15,0.3,121.87068,24.384213,270.4,0,2024-04-16 16:30:44,2015
2739,,,SHUN LI 38        4V,994164108,15,0.4,121.870468,24.384083,213.9,0,2024-04-16 16:34:44,1921
2824,,,SHUN LI 38        4V,994164108,15,0.5,121.870302,24.38398,270.4,0,2024-04-16 16:38:45,1933
2842,,,SHUN LI 38        4V,994164108,15,0.0,121.869993,24.383818,270.4,0,2024-04-16 16:43:48,1965
2898,,,SHUN LI 38        4V,994164108,15,0.1,121.869772,24.383755,270.4,0,2024-04-16 16:46:47,2016
2912,,,SHUN LI 38        4V,994164108,15,0.4,121.869472,24.383608,319.9,0,2024-04-16 16:51:49,2010
2944,,,SHUN LI 38        4V,994164108,15,0.0,121.869287,24.38352,270.4,0,2024-04-16 16:55:49,2041
3035,,,SHUN LI 38        4V,994164108,15,0.3,121.868992,24.38345,270.4,0,2024-04-16 16:59:49,2116
2781,,,SHUN LI 38        4V,994164108,15,0.3,121.868835,24.383338,270.4,0,2024-04-16 17:03:52,1962
2849,,,SHUN LI 38        4V,994164108,15,0.8,121.868647,24.383255,229.9,0,2024-04-16 17:06:52,1987
2956,,,SHUN LI 38        4V,994164108,15,4.8,121.86958,24.384858,22.1,0,2024-04-16 17:11:53,2057
2987,,,SHUN LI 38        4V,994164108,15,4.9,121.873097,24.392783,18.0,0,2024-04-16 17:17:57,2087
2931,,,SHUN LI 38        4V,994164108,15,0.3,121.873922,24.394738,270.4,0,2024-04-16 17:23:04,2045
2958,,,SHUN LI 38        4V,994164108,15,0.6,121.874053,24.394863,112.1,0,2024-04-16 17:27:08,2086
2850,,,SHUN LI 38        4V,994164108,15,0.0,121.874012,24.394912,270.4,0,2024-04-16 17:30:09,1978
2916,,,SHUN LI 38        4V,994164108,15,0.2,121.874017,24.39491,270.4,0,2024-04-16 17:33:12,2048
2836,,,SHUN LI 38        4V,994164108,15,0.2,121.873892,24.395097,270.4,0,2024-04-16 17:39:17,2002
2829,,,SHUN LI 38        4V,994164108,15,4.7,121.873783,24.395633,278.5,0,2024-04-16 17:42:19,1993
2765,,,SHUN LI 38        4V,994164108,15,7.6,121.873392,24.390147,182.5,0,2024-04-16 17:48:21,1935
2776,,,SHUN LI 38        4V,994164108,15,5.9,121.873373,24.382218,177.7,0,2024-04-16 17:52:23,1953
2895,,,SHUN LI 38        4V,994164108,15,6.0,121.873415,24.377462,180.8,0,2024-04-16 17:55:24,2044
2844,,,SHUN LI 38        4V,994164108,15,7.0,121.873363,24.352132,182.3,0,2024-04-16 18:08:58,2008
2780,,,SHUN LI 38        4V,994164108,15,0.4,121.873265,24.349127,75.1,0,2024-04-16 18:11:59,1973
2939,,,SHUN LI 38        4V,994164108,15,0.1,121.872948,24.349255,270.4,0,2024-04-16 18:17:00,2080
3082,,,SHUN LI 38        4V,994164108,15,0.1,121.872723,24.349383,270.4,0,2024-04-16 18:21:01,2193
2885,,,SHUN LI 38        4V,994164108,15,0.2,121.872525,24.349432,270.4,0,2024-04-16 18:24:00,2054
2721,,,SHUN LI 38        4V,994164108,15,0.5,121.872308,24.34941,308.4,0,2024-04-16 18:27:00,1919
2781,,,SHUN LI 38        4V,994164108,15,0.4,121.872037,24.34931,270.4,0,2024-04-16 18:32:02,1979
2842,,,SHUN LI 38        4V,994164108,15,0.5,121.871812,24.34921,270.4,0,2024-04-16 18:36:02,2013
3006,,,SHUN LI 38        4V,994164108,15,0.1,121.871597,24.34912,270.4,0,2024-04-16 18:40:04,2147
2811,,,SHUN LI 38        4V,994164108,15,0.5,121.871455,24.349013,210.8,0,2024-04-16 18:44:05,2026
2981,,,SHUN LI 38        4V,994164108,15,0.6,121.87125,24.348962,121.4,0,2024-04-16 18:49:07,2133
2910,,,SHUN LI 38        4V,994164108,15,0.2,121.87107,24.348877,270.4,0,2024-04-16 18:53:05,2104
2898,,,SHUN LI 38        4V,994164108,15,0.3,121.870937,24.348832,270.4,0,2024-04-16 18:57:06,2067
2830,,,SHUN LI 38        4V,994164108,15,0.6,121.870737,24.3487,1.1,0,2024-04-16 19:02:08,1996
2606,,,SHUN LI 38        4V,994164108,15,0.6,121.870667,24.348663,270.4,0,2024-04-16 19:04:09,1839
2846,,,SHUN LI 38        4V,994164108,15,0.7,121.870333,24.348532,1.3,0,2024-04-16 19:14:15,2023
2823,,,SHUN LI 38        4V,994164108,15,0.3,121.870192,24.34851,270.4,0,2024-04-16 19:18:17,1982
2823,,,SHUN LI 38        4V,994164108,15,0.7,121.870168,24.348552,227.0,0,2024-04-16 19:19:17,2016
2909,,,SHUN LI 38        4V,994164108,15,0.6,121.869915,24.348492,270.4,0,2024-04-16 19:25:17,2069
2878,,,SHUN LI 38        4V,994164108,15,0.1,121.869772,24.348488,270.4,0,2024-04-16 19:31:17,2099
2815,,,SHUN LI 38        4V,994164108,15,0.3,121.869715,24.348483,270.4,0,2024-04-16 19:32:17,2039
3258,,,SHUN LI 38        4V,994164108,15,0.1,121.86954,24.348472,270.4,0,2024-04-16 19:39:17,2360
2824,,,SHUN LI 38        4V,994164108,15,0.3,121.869437,24.348502,270.4,0,2024-04-16 19:43:18,2032
2836,,,SHUN LI 38        4V,994164108,15,0.6,121.869402,24.348502,270.4,0,2024-04-16 19:44:16,2037
2827,,,SHUN LI 38        4V,994164108,15,1.0,121.869203,24.348597,245.2,0,2024-04-16 19:51:20,2026
2910,,,SHUN LI 38        4V,994164108,15,1.0,121.869087,24.348823,359.6,0,2024-04-16 19:55:20,2096
2762,,,SHUN LI 38        4V,994164108,15,0.6,121.869055,24.349085,270.4,0,2024-04-16 19:57:21,1988
2768,,,SHUN LI 38        3V,994164108,15,1.5,121.86918,24.34994,33.9,0,2024-04-16 20:02:24,1970
2931,,,SHUN LI 38        4V,994164108,15,1.7,121.869328,24.350423,266.6,0,2024-04-16 20:05:27,2111
2708,,,SHUN LI 38        4V,994164108,15,11.6,121.878152,24.346685,27.2,0,2024-04-16 20:28:35,1944
2629,,,SHUN LI 38        4V,994164108,15,11.6,121.88566,24.365147,50.6,0,2024-04-16 20:34:42,1884
2645,,,SHUN LI 38        4V,994164108,15,5.6,121.897222,24.360615,13.0,0,2024-04-16 20:39:44,1891
2707,,,SHUN LI 38        4V,994164108,15,7.1,121.896917,24.370483,8.1,0,2024-04-16 20:44:43,1926
2738,,,SHUN LI 38        4V,994164108,15,3.9,121.897205,24.379138,352.0,0,2024-04-16 20:48:46,1963
2610,,,SHUN LI 38        4V,994164108,15,6.8,121.897127,24.380937,357.3,0,2024-04-16 20:49:46,1855
2920,,,SHUN LI 38        4V,994164108,15,7.2,121.896638,24.396778,359.1,0,2024-04-16 20:59:52,2067
2693,,,SHUN LI 38        4V,994164108,15,1.7,121.896938,24.410103,13.4,0,2024-04-16 21:07:54,1894
2755,,,SHUN LI 38        4V,994164108,15,0.3,121.897105,24.4104,270.4,0,2024-04-16 21:13:59,1957
2762,,,SHUN LI 38        4V,994164108,15,1.1,121.897177,24.410508,206.3,0,2024-04-16 21:15:59,1930
2631,,,SHUN LI 38        4V,994164108,15,0.6,121.89729,24.410633,354.9,0,2024-04-16 21:19:02,1870
2710,,,SHUN LI 38        4V,994164108,15,0.4,121.897485,24.41073,270.4,0,2024-04-16 21:24:06,1919
2677,,,SHUN LI 38        4V,994164108,15,0.1,121.897588,24.410762,270.4,0,2024-04-16 21:27:06,1901
2646,,,SHUN LI 38        3V,994164108,15,1.5,121.897752,24.410868,19.5,0,2024-04-16 21:31:02,1873
2589,,,SHUN LI 38        4V,994164108,15,0.6,121.897942,24.410963,112.4,0,2024-04-16 21:36:20,1825
2566,,,SHUN LI 38        4V,994164108,15,0.4,121.898163,24.41109,202.1,0,2024-04-16 21:41:19,1830
2876,,,SHUN LI 38        4V,994164108,15,0.7,121.89828,24.411145,213.8,0,2024-04-16 21:44:20,2075
2793,,,SHUN LI 38        4V,994164108,15,0.4,121.89847,24.411235,45.4,0,2024-04-16 21:48:20,2025
2795,,,SHUN LI 38        4V,994164108,15,0.9,121.898748,24.41137,155.7,0,2024-04-16 21:54:21,2021
2809,,,SHUN LI 38        4V,994164108,15,1.1,121.89889,24.411432,84.8,0,2024-04-16 21:57:20,2007
2926,,,SHUN LI 38        4V,994164108,15,1.1,121.899103,24.411593,314.2,0,2024-04-16 22:02:21,2105
2796,,,SHUN LI 38        4V,994164108,15,0.4,121.899253,24.412,1.7,0,2024-04-16 22:06:22,2014
2720,,,SHUN LI 38        4V,994164108,15,1.2,121.89943,24.412592,1.6,0,2024-04-16 22:10:23,1950
2759,,,SHUN LI 38        4V,994164108,15,0.3,121.89965,24.413275,75.5,0,2024-04-16 22:14:22,1957
2859,,,SHUN LI 38        4V,994164108,15,3.9,121.900183,24.411982,175.0,0,2024-04-16 22:19:24,2056
2854,,,SHUN LI 38        4V,994164108,15,4.1,121.899817,24.405483,198.0,0,2024-04-16 22:27:23,2051
2768,,,SHUN LI 38        4V,994164108,15,4.3,121.899665,24.402678,182.4,0,2024-04-16 22:30:25,1983
2885,,,SHUN LI 38        4V,994164108,15,1.5,121.899412,24.38905,349.7,0,2024-04-16 22:49:24,2090
2975,,,SHUN LI 38        4V,994164108,15,3.9,121.899867,24.388832,164.2,0,2024-04-16 22:54:25,2153
2768,,,SHUN LI 38        4V,994164108,15,2.1,121.900523,24.385645,230.6,0,2024-04-16 22:58:27,2014
2821,,,SHUN LI 38        4V,994164108,15,2.1,121.900963,24.381183,193.4,0,2024-04-16 23:03:28,2060
2784,,,SHUN LI 38        4V,994164108,15,6.8,121.91339,24.387487,5.4,0,2024-04-16 23:43:00,1996
2756,,,SHUN LI 38        4V,994164108,15,7.1,121.913687,24.38946,5.5,0,2024-04-16 23:44:03,1993
2868,,,SHUN LI 38        4V,994164108,15,7.0,121.914495,24.400588,355.6,0,2024-04-16 23:50:22,2066
2839,,,SHUN LI 38        4V,994164108,15,7.0,121.914075,24.409005,357.7,0,2024-04-16 23:54:47,2055
2873,,,SHUN LI 38        4V,994164108,15,6.9,121.914342,24.414657,354.5,0,2024-04-16 23:58:04,2070
2990,,,SHUN LI 38        4V,994164108,15,1.1,121.91446,24.420667,45.5,0,2024-04-17 00:03:07,2176
2879,,,SHUN LI 38        4V,994164108,15,1.1,121.914918,24.420732,76.5,0,2024-04-17 00:07:12,2095
2881,,,SHUN LI 38        4V,994164108,15,0.8,121.915318,24.420872,314.0,0,2024-04-17 00:11:13,2075
2915,,,SHUN LI 38        4V,994164108,15,0.4,121.915712,24.421025,270.4,0,2024-04-17 00:15:16,2103
2834,,,SHUN LI 38        4V,994164108,15,0.6,121.915977,24.421092,270.4,0,2024-04-17 00:18:18,2027
2737,,,SHUN LI 38        4V,994164108,15,1.1,121.91611,24.42109,20.3,0,2024-04-17 00:20:18,1946
2751,,,SHUN LI 38        4V,994164108,15,0.8,121.916672,24.421132,270.4,0,2024-04-17 00:27:25,1960
2847,,,SHUN LI 38        4V,994164108,15,1.1,121.916988,24.42111,46.2,0,2024-04-17 00:31:27,2017
2771,,,SHUN LI 38        4V,994164108,15,1.4,121.917217,24.42113,224.5,0,2024-04-17 00:34:29,1975
2644,,,SHUN LI 38        4V,994164108,15,0.6,121.917602,24.421167,270.4,0,2024-04-17 00:39:30,1878
2405,,,SHUN LI 38        4V,994164108,15,1.3,121.91792,24.421163,73.8,0,2024-04-17 00:43:34,1696
2373,,,SHUN LI 38        4V,994164108,15,1.5,121.918117,24.42114,40.6,0,2024-04-17 00:46:37,1669
2466,,,SHUN LI 38        4V,994164108,15,0.5,121.918428,24.421105,270.4,0,2024-04-17 00:50:39,1729
2608,,,SHUN LI 38        4V,994164108,15,0.9,121.918818,24.421017,312.6,0,2024-04-17 00:55:42,1854
2869,,,SHUN LI 38        4V,994164108,15,0.8,121.91906,24.420953,270.4,0,2024-04-17 00:59:44,2047
2662,,,SHUN LI 38        4V,994164108,15,0.9,121.919262,24.420927,50.2,0,2024-04-17 01:03:01,1896
2680,,,SHUN LI 38        4V,994164108,15,0.3,121.919587,24.42088,270.4,0,2024-04-17 01:08:05,1892
2784,,,SHUN LI 38        4V,994164108,15,1.0,121.919865,24.420867,307.3,0,2024-04-17 01:12:06,1979
2832,,,SHUN LI 38        4V,994164108,15,0.5,121.920082,24.420882,312.2,0,2024-04-17 01:16:08,2011
2858,,,SHUN LI 38        4V,994164108,15,0.7,121.92029,24.42088,41.5,0,2024-04-17 01:20:08,2040
2841,,,SHUN LI 38        4V,994164108,15,0.6,121.920467,24.420802,294.1,0,2024-04-17 01:24:08,2044
2856,,,SHUN LI 38        4V,994164108,15,0.7,121.920722,24.420573,125.6,0,2024-04-17 01:29:08,2037
2832,,,SHUN LI 38        4V,994164108,15,0.7,121.92101,24.4199,58.7,0,2024-04-17 01:33:09,2042
2829,,,SHUN LI 38        4V,994164108,15,1.0,121.921055,24.419755,209.3,0,2024-04-17 01:34:09,2051
2859,,,SHUN LI 38        4V,994164108,15,0.7,121.920403,24.423678,304.2,0,2024-04-17 01:45:14,2065
2959,,,SHUN LI 38        4V,994164108,15,1.4,121.920342,24.423632,281.4,0,2024-04-17 01:46:15,2154
2878,,,SHUN LI 38        4V,994164108,15,0.8,121.919942,24.423582,270.4,0,2024-04-17 01:52:19,2089
2952,,,SHUN LI 38        4V,994164108,15,10.0,121.919597,24.423443,277.9,0,2024-04-17 01:57:21,2125
2725,,,SHUN LI 38        4V,994164108,15,11.4,121.91645,24.423115,251.8,0,2024-04-17 01:58:23,1960
2712,,,SHUN LI 38        4V,994164108,15,11.3,121.901377,24.419768,273.7,0,2024-04-17 02:02:48,1923
2416,,,SHUN LI 38        4V,994164108,15,6.7,121.898727,24.410733,180.8,0,2024-04-17 02:08:47,1728
2679,,,SHUN LI 38        4V,994164108,15,6.7,121.898717,24.404655,180.6,0,2024-04-17 02:12:02,1894
2855,,,SHUN LI 38        4V,994164108,15,6.6,121.898288,24.395167,185.4,0,2024-04-17 02:17:02,2069
2953,,,SHUN LI 38        4V,994164108,15,6.7,121.898185,24.387773,180.3,0,2024-04-17 02:21:03,2131
2899,,,SHUN LI 38        4V,994164108,15,6.9,121.89803,24.378162,183.6,0,2024-04-17 02:26:05,2108
2947,,,SHUN LI 38        4V,994164108,15,0.6,121.892355,24.374332,91.3,0,2024-04-17 02:31:06,2134
2861,,,SHUN LI 38        4V,994164108,15,0.2,121.892402,24.374345,270.4,0,2024-04-17 02:33:06,2061
2946,,,SHUN LI 38        4V,994164108,15,0.3,121.892475,24.37443,270.4,0,2024-04-17 02:36:07,2110
2898,,,SHUN LI 38        4V,994164108,15,0.3,121.892565,24.374588,147.0,0,2024-04-17 02:40:08,2098
2796,,,SHUN LI 38        4V,994164108,15,0.3,121.892755,24.374705,270.4,0,2024-04-17 02:46:09,2010
2793,,,SHUN LI 38        4V,994164108,15,0.2,121.892903,24.374667,270.4,0,2024-04-17 02:51:09,2038
2704,,,SHUN LI 38        4V,994164108,15,0.4,121.89298,24.37462,36.7,0,2024-04-17 02:55:10,1940
2738,,,SHUN LI 38        4V,994164108,15,0.3,121.893028,24.374572,270.4,0,2024-04-17 02:58:12,1956
2736,,,SHUN LI 38        4V,994164108,15,0.3,121.893072,24.374518,270.4,0,2024-04-17 03:02:14,1955
2822,,,SHUN LI 38        4V,994164108,15,0.8,121.893135,24.374408,103.6,0,2024-04-17 03:07:12,2023
2920,,,SHUN LI 38        4V,994164108,15,0.3,121.89322,24.374222,270.4,0,2024-04-17 03:15:14,2105
2739,,,SHUN LI 38        4V,994164108,15,0.8,121.893215,24.37422,21.0,0,2024-04-17 03:16:14,1969
2723,,,SHUN LI 38        4V,994164108,15,0.0,121.893275,24.374082,270.4,0,2024-04-17 03:23:14,1968
2712,,,SHUN LI 38        4V,994164108,15,1.1,121.893328,24.374053,193.1,0,2024-04-17 03:27:13,1975
2721,,,SHUN LI 38        4V,994164108,15,0.6,121.893337,24.37395,207.3,0,2024-04-17 03:30:13,1969
2892,,,SHUN LI 38        4V,994164108,15,0.4,121.893342,24.37387,77.4,0,2024-04-17 03:35:13,2095
2516,,,SHUN LI 38        4V,994164108,15,0.4,121.893338,24.373855,270.4,0,2024-04-17 03:36:14,1781
2794,,,SHUN LI 38        3V,994164108,15,0.3,121.893372,24.37361,270.4,0,2024-04-17 03:43:13,2001
2629,,,SHUN LI 38        3V,994164108,15,0.3,121.89341,24.373445,243.1,0,2024-04-17 03:47:08,1884
2871,,,SHUN LI 38        4V,994164108,15,0.9,121.893593,24.373217,131.2,0,2024-04-17 03:52:25,2091
2888,,,SHUN LI 38        4V,994164108,15,1.5,121.89387,24.373147,124.0,0,2024-04-17 03:55:26,2106
2759,,,SHUN LI 38        4V,994164108,15,0.8,121.89464,24.373408,21.2,0,2024-04-17 03:59:27,2015
2731,,,SHUN LI 38        4V,994164108,15,3.5,121.89496,24.373108,274.1,0,2024-04-17 04:04:30,1992
2749,,,SHUN LI 38        4V,994164108,15,1.5,121.89299,24.373987,312.1,0,2024-04-17 04:08:31,1990
2831,,,SHUN LI 38        4V,994164108,15,1.3,121.892525,24.375352,312.4,0,2024-04-17 04:11:30,2051
3035,,,SHUN LI 38        4V,994164108,15,9.5,121.89156,24.381705,351.0,0,2024-04-17 04:16:30,2230
2892,,,SHUN LI 38        4V,994164108,15,10.4,121.890872,24.387387,352.6,0,2024-04-17 04:18:30,2093
2756,,,SHUN LI 38        4V,994164108,15,10.7,121.887597,24.410362,350.2,0,2024-04-17 04:26:30,2010
2927,,,SHUN LI 38        4V,994164108,15,10.1,121.885507,24.42749,7.1,0,2024-04-17 04:32:30,2159
2728,,,SHUN LI 38        4V,994164108,15,10.1,121.885505,24.433205,357.5,0,2024-04-17 04:34:30,1978
2763,,,SHUN LI 38        9V,994164108,15,0.2,121.877587,24.404638,30.4,0,2024-04-17 15:05:33,1885
2639,,,SHUN LI 38        9V,994164108,15,1.0,121.878032,24.404922,91.8,0,2024-04-17 15:09:44,1790
2691,,,SHUN LI 38        9V,994164108,15,0.2,121.878408,24.405145,30.4,0,2024-04-17 15:13:43,1836
2678,,,SHUN LI 38        9V,994164108,15,0.3,121.878835,24.40545,40.3,0,2024-04-17 15:17:42,1813
2585,,,SHUN LI 38        9V,994164108,15,0.7,121.879383,24.405765,52.5,0,2024-04-17 15:21:43,1757
2647,,,SHUN LI 38        9V,994164108,15,0.2,121.879923,24.406062,30.4,0,2024-04-17 15:25:39,1797
2558,,,SHUN LI 38        9V,994164108,15,0.2,121.880573,24.406415,30.4,0,2024-04-17 15:30:40,1741
2645,,,SHUN LI 38        9V,994164108,15,0.5,121.881378,24.406897,51.4,0,2024-04-17 15:37:40,1768
2774,,,SHUN LI 38        9V,994164108,15,0.4,121.881822,24.407162,19.1,0,2024-04-17 15:41:39,1873
2717,,,SHUN LI 38        9V,994164108,15,0.6,121.882402,24.407513,66.5,0,2024-04-17 15:46:41,1846
2623,,,SHUN LI 38        9V,994164108,15,0.5,121.88277,24.40775,354.7,0,2024-04-17 15:49:42,1783
2756,,,SHUN LI 38        9V,994164108,15,0.2,121.883383,24.40803,30.4,0,2024-04-17 15:54:43,1881
2798,,,SHUN LI 38        9V,994164108,15,0.2,121.883898,24.408257,30.4,0,2024-04-17 15:58:40,1899
2822,,,SHUN LI 38        9V,994164108,15,0.4,121.884397,24.408463,90.2,0,2024-04-17 16:02:42,1929
2849,,,SHUN LI 38        9V,994164108,15,0.5,121.88502,24.408623,54.8,0,2024-04-17 16:07:42,1938
2742,,,SHUN LI 38        9V,994164108,15,0.6,121.885273,24.408767,50.0,0,2024-04-17 16:10:42,1854
2718,,,SHUN LI 38        9V,994164108,15,0.9,121.885795,24.408958,86.4,0,2024-04-17 16:15:43,1815
2661,,,SHUN LI 38        9V,994164108,15,0.5,121.886103,24.409055,84.2,0,2024-04-17 16:19:41,1773
2432,,,SHUN LI 38        9V,994164108,15,0.8,121.886428,24.40906,351.8,0,2024-04-17 16:22:40,1618
2364,,,SHUN LI 38        9V,994164108,15,0.3,121.886887,24.409128,30.4,0,2024-04-17 16:27:40,1575
2467,,,SHUN LI 38        9V,994164108,15,0.4,121.8871,24.40916,17.9,0,2024-04-17 16:29:40,1655
2600,,,SHUN LI 38        9V,994164108,15,0.4,121.887645,24.409305,91.1,0,2024-04-17 16:34:41,1770
2585,,,SHUN LI 38        9V,994164108,15,0.6,121.888072,24.409355,21.6,0,2024-04-17 16:39:39,1746
2605,,,SHUN LI 38        9V,994164108,15,0.4,121.888307,24.40943,74.4,0,2024-04-17 16:43:41,1757
2584,,,SHUN LI 38        9V,994164108,15,0.3,121.888668,24.40946,30.4,0,2024-04-17 16:47:40,1725
2577,,,SHUN LI 38        9V,994164108,15,0.5,121.888968,24.409465,129.2,0,2024-04-17 16:51:41,1737
2500,,,SHUN LI 38        9V,994164108,15,0.5,121.889522,24.40945,111.3,0,2024-04-17 16:56:42,1663
2492,,,SHUN LI 38        9V,994164108,15,0.3,121.889715,24.409472,70.6,0,2024-04-17 16:59:42,1671
2537,,,SHUN LI 38        9V,994164108,15,0.5,121.88988,24.409512,82.3,0,2024-04-17 17:01:43,1698
2574,,,SHUN LI 38        9V,994164108,15,5.3,121.884002,24.413412,327.0,0,2024-04-17 17:07:44,1731
2526,,,SHUN LI 38        9V,994164108,15,5.2,121.88183,24.418663,344.7,0,2024-04-17 17:11:44,1703
2633,,,SHUN LI 38        9V,994164108,15,4.5,121.880493,24.424205,345.5,0,2024-04-17 17:15:46,1798
2358,,,SHUN LI 38        9V,994164108,15,0.6,121.8818,24.42555,76.6,0,2024-04-17 17:18:45,1596
2302,,,SHUN LI 38        9V,994164108,15,0.4,121.879828,24.424935,30.4,0,2024-04-17 17:24:51,1577
2520,,,SHUN LI 38        9V,994164108,15,6.6,121.881487,24.424177,181.2,0,2024-04-17 17:28:51,1715
2566,,,SHUN LI 38        9V,994164108,15,6.8,121.881347,24.418543,185.2,0,2024-04-17 17:31:54,1746
2490,,,SHUN LI 38        9V,994164108,15,6.5,121.881445,24.41116,175.3,0,2024-04-17 17:35:57,1693
2569,,,SHUN LI 38        9V,994164108,15,7.4,121.881625,24.401578,181.1,0,2024-04-17 17:41:00,1749
2549,,,SHUN LI 38        9V,994164108,15,7.3,121.881438,24.39545,183.7,0,2024-04-17 17:44:04,1724
2616,,,SHUN LI 38        9V,994164108,15,7.6,121.881707,24.387143,180.0,0,2024-04-17 17:48:07,1797
2511,,,SHUN LI 38        9V,994164108,15,7.4,121.881638,24.38305,183.9,0,2024-04-17 17:50:07,1734
2541,,,SHUN LI 38        9V,994164108,15,0.5,121.88172,24.379678,30.4,0,2024-04-17 17:57:11,1733
2449,,,SHUN LI 38        9V,994164108,15,0.6,121.881727,24.379607,30.4,0,2024-04-17 17:59:11,1674
2523,,,SHUN LI 38        9V,994164108,15,0.8,121.881287,24.379375,237.1,0,2024-04-17 18:05:35,1738
2567,,,SHUN LI 38        9V,994164108,15,1.1,121.880897,24.379168,217.5,0,2024-04-17 18:09:35,1772
2629,,,SHUN LI 38        9V,994164108,15,0.4,121.880435,24.378937,30.4,0,2024-04-17 18:13:37,1808
2533,,,SHUN LI 38        9V,994164108,15,0.4,121.880033,24.378792,30.4,0,2024-04-17 18:17:41,1753
2565,,,SHUN LI 38        9V,994164108,15,0.2,121.879722,24.378702,30.4,0,2024-04-17 18:20:44,1777
2634,,,SHUN LI 38        9V,994164108,15,1.3,121.879162,24.378557,264.0,0,2024-04-17 18:25:49,1823
2702,,,SHUN LI 38        9V,994164108,15,0.4,121.878688,24.378505,30.4,0,2024-04-17 18:29:53,1891
2612,,,SHUN LI 38        9V,994164108,15,0.3,121.878315,24.37833,30.4,0,2024-04-17 18:33:54,1837
2588,,,SHUN LI 38        9V,994164108,15,0.2,121.878035,24.378202,30.4,0,2024-04-17 18:36:56,1823
2764,,,SHUN LI 38        9V,994164108,15,1.8,121.877697,24.378067,135.2,0,2024-04-17 18:41:00,1939
2664,,,SHUN LI 38        9V,994164108,15,0.9,121.877217,24.377922,283.4,0,2024-04-17 18:46:06,1859
2667,,,SHUN LI 38        9V,994164108,15,1.1,121.876842,24.377875,353.8,0,2024-04-17 18:50:12,1888
2611,,,SHUN LI 38        9V,994164108,15,0.9,121.876533,24.377783,233.7,0,2024-04-17 18:53:14,1852
2709,,,SHUN LI 38        9V,994164108,15,1.2,121.876167,24.377695,242.6,0,2024-04-17 18:57:19,1898
2702,,,SHUN LI 38        9V,994164108,15,0.8,121.875745,24.377508,30.4,0,2024-04-17 19:02:29,1896
2682,,,SHUN LI 38        9V,994164108,15,0.8,121.875387,24.37748,30.4,0,2024-04-17 19:05:35,1872
2542,,,SHUN LI 38        9V,994164108,15,0.9,121.875113,24.377432,133.0,0,2024-04-17 19:08:39,1786
2619,,,SHUN LI 38        9V,994164108,15,0.7,121.874495,24.377268,30.4,0,2024-04-17 19:15:52,1849
2716,,,SHUN LI 38        9V,994164108,15,0.4,121.874327,24.377225,30.4,0,2024-04-17 19:17:55,1914
2436,,,SHUN LI 38        9V,994164108,15,1.6,121.87408,24.377155,272.7,0,2024-04-17 19:21:01,1707
2532,,,SHUN LI 38        9V,994164108,15,1.3,121.873535,24.37709,205.6,0,2024-04-17 19:28:13,1783
2627,,,SHUN LI 38        9V,994164108,15,0.3,121.873095,24.377145,30.4,0,2024-04-17 19:35:24,1867
2612,,,SHUN LI 38        9V,994164108,15,1.6,121.872928,24.3772,276.2,0,2024-04-17 19:38:29,1858
2588,,,SHUN LI 38        9V,994164108,15,0.0,121.872662,24.377272,30.4,0,2024-04-17 19:43:36,1852
2766,,,SHUN LI 38        9V,994164108,15,0.5,121.872467,24.37758,30.4,0,2024-04-17 19:47:40,1937
2719,,,SHUN LI 38        9V,994164108,15,1.0,121.87214,24.377953,309.5,0,2024-04-17 19:50:45,1904
2776,,,SHUN LI 38        9V,994164108,15,1.8,121.871782,24.378502,337.9,0,2024-04-17 19:52:47,1942
2695,,,SHUN LI 38        9V,994164108,15,3.0,121.87389,24.372648,176.9,0,2024-04-17 20:05:15,1891
2646,,,SHUN LI 38        9V,994164108,15,3.6,121.874153,24.368513,160.5,0,2024-04-17 20:11:24,1866
2836,,,SHUN LI 38        9V,994164108,15,3.5,121.873698,24.365303,180.1,0,2024-04-17 20:16:34,1989
2656,,,SHUN LI 38        9V,994164108,15,1.2,121.874147,24.362272,182.8,0,2024-04-17 20:23:30,1877
2765,,,SHUN LI 38        9V,994164108,15,0.8,121.874197,24.36008,100.8,0,2024-04-17 20:27:49,1983
2826,,,SHUN LI 38        9V,994164108,15,0.4,121.875468,24.3593,66.1,0,2024-04-17 20:32:50,1977
2874,,,SHUN LI 38        9V,994164108,15,3.9,121.880135,24.359752,354.0,0,2024-04-17 20:36:50,2026
2846,,,SHUN LI 38        9V,994164108,15,5.9,121.88001,24.366215,0.8,0,2024-04-17 20:40:51,2015
2941,,,SHUN LI 38        9V,994164108,15,5.9,121.880273,24.371117,7.4,0,2024-04-17 20:43:53,2086
2851,,,SHUN LI 38        9V,994164108,15,7.5,121.880537,24.376445,4.2,0,2024-04-17 20:46:53,2003
2885,,,SHUN LI 38        9V,994164108,15,4.8,121.880862,24.386222,346.6,0,2024-04-17 20:51:54,2041
2805,,,SHUN LI 38        9V,994164108,15,6.9,121.875518,24.39261,268.8,0,2024-04-17 20:57:55,1983
2913,,,SHUN LI 38        9V,994164108,15,7.0,121.874763,24.386965,165.5,0,2024-04-17 21:01:55,2048
2761,,,SHUN LI 38        9V,994164108,15,0.7,121.875507,24.385587,31.1,0,2024-04-17 21:05:55,1963
2761,,,SHUN LI 38        9V,994164108,15,0.9,121.876017,24.386222,221.0,0,2024-04-17 21:12:54,1941
2785,,,SHUN LI 38        9V,994164108,15,0.2,121.876187,24.386617,30.4,0,2024-04-17 21:17:55,1949
2935,,,SHUN LI 38        9V,994164108,15,0.4,121.876233,24.386877,52.1,0,2024-04-17 21:20:55,2069
3004,,,SHUN LI 38        9V,994164108,15,0.4,121.876317,24.387213,336.0,0,2024-04-17 21:25:55,2148
2821,,,SHUN LI 38        9V,994164108,15,0.7,121.87641,24.38744,75.8,0,2024-04-17 21:29:55,2027
2999,,,SHUN LI 38        9V,994164108,15,1.0,121.876437,24.387538,178.5,0,2024-04-17 21:31:55,2138
2844,,,SHUN LI 38        9V,994164108,15,0.8,121.876612,24.387855,339.8,0,2024-04-17 21:37:58,2007
2686,,,SHUN LI 38        9V,994164108,15,0.4,121.87664,24.387923,30.4,0,2024-04-17 21:38:59,1875
2524,,,SHUN LI 38        9V,994164108,15,1.4,121.876835,24.388292,358.2,0,2024-04-17 21:45:01,1753
2570,,,SHUN LI 38        9V,994164108,15,0.6,121.877095,24.388593,29.5,0,2024-04-17 21:50:00,1776
2687,,,SHUN LI 38        9V,994164108,15,1.2,121.877297,24.388805,53.0,0,2024-04-17 21:54:01,1894
2947,,,SHUN LI 38        9V,994164108,15,0.6,121.877457,24.388918,334.2,0,2024-04-17 21:57:01,2060
2910,,,SHUN LI 38        9V,994164108,15,0.5,121.877627,24.389057,114.2,0,2024-04-17 22:00:00,2037
2752,,,SHUN LI 38        9V,994164108,15,1.0,121.877872,24.389253,142.1,0,2024-04-17 22:04:02,1922
2819,,,SHUN LI 38        9V,994164108,15,0.6,121.878257,24.389552,319.9,0,2024-04-17 22:11:02,1993
2866,,,SHUN LI 38        9V,994164108,15,0.4,121.878422,24.389663,137.9,0,2024-04-17 22:14:03,1997
2871,,,SHUN LI 38        9V,994164108,15,1.4,121.87863,24.389842,147.6,0,2024-04-17 22:18:02,2020
2686,,,SHUN LI 38        9V,994164108,15,1.4,121.87876,24.39008,342.3,0,2024-04-17 22:22:01,1885
2500,,,SHUN LI 38        9V,994164108,15,1.0,121.878703,24.390793,357.4,0,2024-04-17 22:27:02,1694
1949,,,SHUN LI 38        9V,994164108,15,0.8,121.878747,24.391483,10.8,0,2024-04-17 22:30:04,1304
1864,,,SHUN LI 38        9V,994164108,15,3.6,121.880065,24.388685,163.8,0,2024-04-17 22:35:03,1258
2035,,,SHUN LI 38        9V,994164108,15,1.4,121.880388,24.387117,151.2,0,2024-04-17 22:37:04,1385
2248,,,SHUN LI 38        9V,994164108,15,2.7,121.881377,24.382862,186.3,0,2024-04-17 22:43:05,1533
2632,,,SHUN LI 38        9V,994164108,15,2.3,121.881577,24.381355,176.2,0,2024-04-17 22:46:06,1810
2380,,,SHUN LI 38        9V,994164108,15,3.9,121.881942,24.377725,177.3,0,2024-04-17 22:51:06,1670
2533,,,SHUN LI 38        9V,994164108,15,3.3,121.882083,24.376137,160.9,0,2024-04-17 22:53:05,1769
2438,,,SHUN LI 38        9V,994164108,15,2.7,121.882552,24.372047,186.0,0,2024-04-17 22:59:07,1683
2322,,,SHUN LI 38        9V,994164108,15,2.2,121.882845,24.369787,164.1,0,2024-04-17 23:02:08,1574
2537,,,SHUN LI 38        9V,994164108,15,11.2,121.883737,24.36372,176.3,0,2024-04-17 23:08:10,1739
2545,,,SHUN LI 38        9V,994164108,15,11.6,121.88414,24.36044,173.2,0,2024-04-17 23:09:13,1782
2670,,,SHUN LI 38        9V,994164108,15,11.3,121.88141,24.348393,196.0,0,2024-04-17 23:13:15,1877
2829,,,SHUN LI 38        9V,994164108,15,7.7,121.884367,24.382315,359.3,0,2024-04-17 23:36:58,2002
3002,,,SHUN LI 38        9V,994164108,15,7.5,121.884223,24.384485,356.8,0,2024-04-17 23:37:59,2119
2674,,,SHUN LI 38        9V,994164108,15,0.5,121.884222,24.389742,30.4,0,2024-04-17 23:43:12,1864
2628,,,SHUN LI 38        9V,994164108,15,0.4,121.884645,24.390317,30.4,0,2024-04-17 23:48:25,1834
2630,,,SHUN LI 38        9V,994164108,15,0.8,121.88471,24.390425,30.4,0,2024-04-17 23:49:28,1856
2575,,,SHUN LI 38        9V,994164108,15,0.9,121.885367,24.39074,329.4,0,2024-04-17 23:55:04,1801
2583,,,SHUN LI 38        9V,994164108,15,0.7,121.885545,24.391102,30.4,0,2024-04-18 00:00:05,1810
2443,,,SHUN LI 38        9V,994164108,15,0.7,121.885717,24.391308,348.8,0,2024-04-18 00:04:08,1690
2427,,,SHUN LI 38        9V,994164108,15,0.6,121.885838,24.391493,30.4,0,2024-04-18 00:07:09,1688
2579,,,SHUN LI 38        9V,994164108,15,0.7,121.886075,24.391732,30.4,0,2024-04-18 00:11:07,1806
2626,,,SHUN LI 38        9V,994164108,15,0.6,121.886292,24.391915,115.1,0,2024-04-18 00:15:08,1811
2572,,,SHUN LI 38        9V,994164108,15,0.6,121.88652,24.392247,105.8,0,2024-04-18 00:21:07,1806
2700,,,SHUN LI 38        9V,994164108,15,0.7,121.886775,24.392417,91.9,0,2024-04-18 00:25:08,1862
2462,,,SHUN LI 38        9V,994164108,15,1.2,121.886777,24.392478,294.4,0,2024-04-18 00:26:08,1725
2593,,,SHUN LI 38        9V,994164108,15,0.4,121.887,24.392667,30.4,0,2024-04-18 00:30:09,1821
2500,,,SHUN LI 38        9V,994164108,15,0.5,121.887415,24.392957,30.4,0,2024-04-18 00:37:08,1756
2531,,,SHUN LI 38        9V,994164108,15,0.5,121.887712,24.393098,30.4,0,2024-04-18 00:41:08,1771
2608,,,SHUN LI 38        9V,994164108,15,0.2,121.887823,24.393233,30.4,0,2024-04-18 00:45:08,1827
2567,,,SHUN LI 38        9V,994164108,15,0.1,121.888045,24.39338,30.4,0,2024-04-18 00:49:08,1807
2674,,,SHUN LI 38        9V,994164108,15,0.4,121.888328,24.393507,30.4,0,2024-04-18 00:54:10,1881
2714,,,SHUN LI 38        9V,994164108,15,0.3,121.888377,24.393582,30.4,0,2024-04-18 00:55:11,1911
2816,,,SHUN LI 38        9V,994164108,15,0.3,121.888695,24.393737,30.4,0,2024-04-18 01:02:13,1948
2705,,,SHUN LI 38        9V,994164108,15,0.3,121.888898,24.393822,30.4,0,2024-04-18 01:06:14,1870
2705,,,SHUN LI 38        9V,994164108,15,0.3,121.889038,24.393843,30.4,0,2024-04-18 01:09:16,1887
2712,,,SHUN LI 38        9V,994164108,15,1.6,121.889178,24.393685,312.5,0,2024-04-18 01:12:16,1901
2797,,,SHUN LI 38        9V,994164108,15,4.0,121.889035,24.394607,343.6,0,2024-04-18 01:18:22,1979
2809,,,SHUN LI 38        9V,994164108,15,3.7,121.889078,24.39604,8.0,0,2024-04-18 01:20:23,1965
2603,,,SHUN LI 38        9V,994164108,15,0.6,121.888445,24.400652,30.4,0,2024-04-18 01:26:25,1825
2636,,,SHUN LI 38        9V,994164108,15,3.9,121.887957,24.402503,326.6,0,2024-04-18 01:29:26,1841
2707,,,SHUN LI 38        9V,994164108,15,2.7,121.887615,24.40559,24.8,0,2024-04-18 01:33:25,1899
2671,,,SHUN LI 38        9V,994164108,15,10.0,121.883315,24.399288,214.3,0,2024-04-18 01:38:44,1871
2826,,,SHUN LI 38        9V,994164108,15,9.1,121.882455,24.391095,186.3,0,2024-04-18 01:42:04,1988
2671,,,SHUN LI 38        9V,994164108,15,6.9,121.881973,24.384377,182.8,0,2024-04-18 01:45:05,1861
2612,,,SHUN LI 38        9V,994164108,15,5.2,121.881125,24.377192,205.3,0,2024-04-18 01:49:06,1824
2558,,,SHUN LI 38        9V,994164108,15,1.0,121.881148,24.37616,207.3,0,2024-04-18 01:51:07,1829
2788,,,SHUN LI 38        9V,994164108,15,6.7,121.88163,24.363845,161.4,0,2024-04-18 01:59:12,1978
2702,,,SHUN LI 38        9V,994164108,15,5.2,121.882145,24.356565,185.0,0,2024-04-18 02:03:14,1927
2659,,,SHUN LI 38        9V,994164108,15,6.9,121.88226,24.348907,181.1,0,2024-04-18 02:07:18,1890
2748,,,SHUN LI 38        9V,994164108,15,6.5,121.882847,24.341228,173.3,0,2024-04-18 02:11:20,1941
2743,,,SHUN LI 38        9V,994164108,15,1.2,121.876015,24.33451,302.4,0,2024-04-18 02:19:27,1922
2696,,,SHUN LI 38        9V,994164108,15,0.6,121.876107,24.33464,30.4,0,2024-04-18 02:23:29,1877
2853,,,SHUN LI 38        9V,994164108,15,1.0,121.876133,24.33469,288.0,0,2024-04-18 02:26:29,1996
2748,,,SHUN LI 38        9V,994164108,15,0.4,121.876348,24.334732,30.4,0,2024-04-18 02:30:30,1937
2831,,,SHUN LI 38        9V,994164108,15,0.9,121.876607,24.334722,112.0,0,2024-04-18 02:36:27,1997
2688,,,SHUN LI 38        9V,994164108,15,0.1,121.87673,24.334763,30.4,0,2024-04-18 02:39:44,1888
2830,,,SHUN LI 38        9V,994164108,15,1.0,121.876925,24.334783,99.5,0,2024-04-18 02:44:42,1983
2749,,,SHUN LI 38        9V,994164108,15,0.0,121.877048,24.334802,30.4,0,2024-04-18 02:47:43,1941
2890,,,SHUN LI 38        9V,994164108,15,0.7,121.877222,24.334768,100.9,0,2024-04-18 02:52:44,2041
2799,,,SHUN LI 38        9V,994164108,15,0.3,121.877367,24.334757,30.4,0,2024-04-18 02:56:44,1981
2694,,,SHUN LI 38        9V,994164108,15,0.6,121.877493,24.334737,359.5,0,2024-04-18 03:00:44,1904
2741,,,SHUN LI 38        9V,994164108,15,1.4,121.877658,24.334712,133.6,0,2024-04-18 03:04:45,1919
2732,,,SHUN LI 38        9V,994164108,15,0.3,121.877785,24.3347,30.4,0,2024-04-18 03:08:44,1928
2809,,,SHUN LI 38        9V,994164108,15,0.2,121.877882,24.334677,30.4,0,2024-04-18 03:11:43,1992
2861,,,SHUN LI 38        9V,994164108,15,0.2,121.878032,24.334612,30.4,0,2024-04-18 03:16:42,2024
2864,,,SHUN LI 38        9V,994164108,15,0.1,121.878085,24.334595,30.4,0,2024-04-18 03:19:41,2022
2823,,,SHUN LI 38        9V,994164108,15,0.6,121.878138,24.33457,320.0,0,2024-04-18 03:21:39,1989
2634,,,SHUN LI 38        9V,994164108,15,0.4,121.878282,24.33446,70.3,0,2024-04-18 03:29:41,1823
2493,,,SHUN LI 38        9V,994164108,15,0.5,121.878328,24.334428,350.8,0,2024-04-18 03:33:41,1740
2492,,,SHUN LI 38        9V,994164108,15,1.0,121.878408,24.334375,125.3,0,2024-04-18 03:37:41,1744
2719,,,SHUN LI 38        9V,994164108,15,0.7,121.87852,24.334258,295.9,0,2024-04-18 03:41:41,1902
2848,,,SHUN LI 38        9V,994164108,15,0.6,121.87878,24.334105,109.6,0,2024-04-18 03:45:41,2010
2986,,,SHUN LI 38        9V,994164108,15,2.2,121.879497,24.333982,100.9,0,2024-04-18 03:48:40,2107
2871,,,SHUN LI 38        9V,994164108,15,3.7,121.879352,24.350498,3.2,0,2024-04-18 04:10:49,2061
3029,,,SHUN LI 38        9V,994164108,15,3.6,121.87938,24.351335,2.5,0,2024-04-18 04:11:49,2151
2856,,,SHUN LI 38        9V,994164108,15,4.3,121.87935,24.356943,351.0,0,2024-04-18 04:18:52,2027
2880,,,SHUN LI 38        9V,994164108,15,2.9,121.879365,24.359962,358.2,0,2024-04-18 04:22:52,2048
2871,,,SHUN LI 38        9V,994164108,15,0.7,121.879395,24.36103,30.4,0,2024-04-18 04:24:52,2051
2807,,,SHUN LI 38        9V,994164108,15,0.1,121.87968,24.36485,30.4,0,2024-04-18 04:30:53,2017
2847,,,SHUN LI 38        9V,994164108,15,0.8,121.879448,24.365503,309.5,0,2024-04-18 04:32:55,2048
2805,,,SHUN LI 38        9V,994164108,15,8.0,121.879787,24.367513,2.2,0,2024-04-18 04:35:55,2000
2626,,,SHUN LI 38        9V,994164108,15,10.6,121.881148,24.419592,358.6,0,2024-04-18 04:54:11,1890
2906,,,SHUN LI 38        9V,994164108,15,11.1,121.880615,24.43131,357.2,0,2024-04-18 04:58:18,2086
2780,,,SHUN LI 38        9V,994164108,15,10.5,121.880112,24.446227,6.1,0,2024-04-18 05:03:31,1988
3020,,,SHUN LI 38        9V,994164108,15,10.2,121.880662,24.457987,0.4,0,2024-04-18 05:07:36,2169
2822,,,SHUN LI 38        9V,994164108,15,10.1,121.881123,24.46661,2.3,0,2024-04-18 05:10:38,2050
2933,,,SHUN LI 38        9V,994164108,15,9.9,121.882202,24.481072,4.2,0,2024-04-18 05:15:42,2105
2947,,,SHUN LI 38        9V,994164108,15,10.1,121.882618,24.489512,0.2,0,2024-04-18 05:18:47,2105
2687,,,SHUN LI 38        9V,994164108,15,10.1,121.882978,24.498065,358.9,0,2024-04-18 05:21:49,1927
2812,,,SHUN LI 38        9V,994164108,15,9.4,121.882948,24.515003,2.4,0,2024-04-18 05:27:56,2013
2832,,,SHUN LI 38        9V,994164108,15,9.5,121.882973,24.523345,359.5,0,2024-04-18 05:31:01,2036
3012,,,SHUN LI 38        9V,994164108,15,9.2,121.883695,24.536762,4.6,0,2024-04-18 05:36:05,2159
2789,,,SHUN LI 38        9V,994164108,15,10.9,121.884492,24.547618,3.1,0,2024-04-18 05:40:13,2012
2811,,,SHUN LI 38        9V,994164108,15,10.3,121.885228,24.559212,7.8,0,2024-04-18 05:44:15,2015
2629,,,SHUN LI 38        9V,994164108,15,10.5,121.885085,24.568117,355.2,0,2024-04-18 05:47:19,1865
2818,,,SHUN LI 38        9V,994164108,15,11.3,121.882635,24.583043,351.4,0,2024-04-18 05:52:23,1973
2819,,,SHUN LI 38        9V,994164108,15,11.3,121.87931,24.593563,264.8,0,2024-04-18 05:56:24,1974
2721,,,SHUN LI 38        9V,994164108,15,6.9,121.86876,24.588062,175.4,0,2024-04-18 06:00:57,1928
3016,,,SHUN LI 38        9V,994164108,15,2.1,121.868567,24.586655,170.7,0,2024-04-18 06:02:59,2135
2760,,,SHUN LI 38        9V,994164108,15,4.3,121.869213,24.586007,32.2,0,2024-04-18 06:08:07,1952
2866,,,SHUN LI 38        9V,994164108,15,0.4,121.869338,24.588482,30.4,0,2024-04-18 06:12:12,2030
2688,,,SHUN LI 38        9V,994164108,15,0.2,121.869428,24.588387,30.4,0,2024-04-18 06:16:21,1911
2610,,,SHUN LI 38        9V,994164108,15,0.3,121.869457,24.588323,30.4,0,2024-04-18 06:20:26,1837
2598,,,SHUN LI 38        9V,994164108,15,0.1,121.869382,24.588383,30.4,0,2024-04-18 06:24:29,1820
2758,,,SHUN LI 38        9V,994164108,15,0.0,121.869357,24.5884,30.4,0,2024-04-18 06:28:36,1923
2764,,,SHUN LI 38        9V,994164108,15,1.4,121.869295,24.588395,297.5,0,2024-04-18 06:32:43,1933
2876,,,SHUN LI 38        9V,994164108,15,6.1,121.869243,24.58678,170.2,0,2024-04-18 06:34:46,2046
2885,,,SHUN LI 38        9V,994164108,15,0.5,121.866052,24.583863,30.4,0,2024-04-18 06:41:11,2037
3016,,,SHUN LI 38        9V,994164108,15,0.0,121.866065,24.583777,30.4,0,2024-04-18 06:45:43,2118
2954,,,SHUN LI 38        9V,994164108,15,0.5,121.866145,24.583912,262.7,0,2024-04-18 06:49:33,2082
2748,,,SHUN LI 38        9V,994164108,15,0.0,121.866175,24.58391,30.4,0,2024-04-18 06:53:34,1921
2892,,,SHUN LI 38        9V,994164108,15,0.1,121.866135,24.58392,30.4,0,2024-04-18 06:57:36,2035
2848,,,SHUN LI 38        9V,994164108,15,0.0,121.866187,24.583903,30.4,0,2024-04-18 06:59:36,1997
2821,,,SHUN LI 38        9V,994164108,15,0.1,121.866125,24.583905,30.4,0,2024-04-18 07:05:39,1955
2755,,,SHUN LI 38        9V,994164108,15,0.1,121.866128,24.583908,30.4,0,2024-04-18 07:09:39,1924
2954,,,SHUN LI 38        9V,994164108,15,0.0,121.866137,24.583938,30.4,0,2024-04-18 07:14:41,2064
3188,,,SHUN LI 38        9V,994164108,15,0.1,121.866222,24.583893,30.4,0,2024-04-18 07:18:42,2216
2976,,,SHUN LI 38        9V,994164108,15,0.0,121.866073,24.583957,30.4,0,2024-04-18 07:22:43,2076
3071,,,SHUN LI 38        9V,994164108,15,0.0,121.866088,24.58391,30.4,0,2024-04-18 07:26:45,2145
2810,,,SHUN LI 38        9V,994164108,15,0.0,121.866097,24.583908,30.4,0,2024-04-18 07:30:45,1966
2914,,,SHUN LI 38        9V,994164108,15,0.0,121.866125,24.583858,30.4,0,2024-04-18 07:34:46,2024
2687,,,SHUN LI 38        9V,994164108,15,0.1,121.866105,24.583957,30.4,0,2024-04-18 07:37:47,1815
2819,,,SHUN LI 38        9V,994164108,15,0.0,121.866088,24.583927,30.4,0,2024-04-18 07:40:49,1895
2599,,,SHUN LI 38        9V,994164108,15,0.0,121.86611,24.583918,30.4,0,2024-04-18 07:50:51,1778
3055,,,SHUN LI 38        9V,994164108,15,0.0,121.866095,24.583928,30.4,0,2024-04-18 07:54:53,2102
2726,,,SHUN LI 38        9V,994164108,15,0.0,121.866123,24.583935,30.4,0,2024-04-18 07:58:55,1890
2841,,,SHUN LI 38        9V,994164108,15,0.0,121.866085,24.584003,200.0,0,2024-04-18 08:03:56,1949
2845,,,SHUN LI 38        9V,994164108,15,0.0,121.866095,24.583903,200.0,0,2024-04-18 08:07:55,1942
2773,,,SHUN LI 38        9V,994164108,15,0.0,121.86612,24.583883,200.0,0,2024-04-18 08:11:58,1908
2846,,,SHUN LI 38        9V,994164108,15,0.0,121.866172,24.583978,200.0,0,2024-04-18 08:15:00,1951
3068,,,SHUN LI 38        9V,994164108,15,0.0,121.866138,24.583885,200.0,0,2024-04-18 08:19:01,2130
2720,,,SHUN LI 38        9V,994164108,15,0.1,121.866127,24.583887,200.0,0,2024-04-18 08:23:02,1876
2687,,,SHUN LI 38        9V,994164108,15,0.1,121.866073,24.583912,200.0,0,2024-04-18 08:26:02,1836
2789,,,SHUN LI 38        9V,994164108,15,0.1,121.866087,24.583915,200.0,0,2024-04-18 08:31:04,1900
2774,,,SHUN LI 38        9V,994164108,15,0.1,121.866077,24.583927,200.0,0,2024-04-18 08:36:06,1904
2772,,,SHUN LI 38        9V,994164108,15,0.1,121.866113,24.583903,200.0,0,2024-04-18 08:40:08,1893
2671,,,SHUN LI 38        9V,994164108,15,0.1,121.866082,24.583872,200.0,0,2024-04-18 08:44:12,1824
2926,,,SHUN LI 38        9V,994164108,15,0.0,121.866107,24.583917,200.0,0,2024-04-18 08:48:14,1995
2737,,,SHUN LI 38        9V,994164108,15,0.1,121.86611,24.583925,200.0,0,2024-04-18 08:52:10,1867
2887,,,SHUN LI 38        9V,994164108,15,0.0,121.866063,24.583908,200.0,0,2024-04-18 08:56:29,1957
2625,,,SHUN LI 38        9V,994164108,15,0.1,121.866138,24.58395,200.0,0,2024-04-18 08:59:30,1783
2832,,,SHUN LI 38        9V,994164108,15,0.1,121.866123,24.583887,200.0,0,2024-04-18 09:02:30,1898
2702,,,SHUN LI 38        9V,994164108,15,0.0,121.866077,24.583887,200.0,0,2024-04-18 09:07:31,1808
2732,,,SHUN LI 38        9V,994164108,15,0.1,121.866127,24.583903,200.0,0,2024-04-18 09:10:32,1837
2551,,,SHUN LI 38        9V,994164108,15,0.0,121.866152,24.583892,200.0,0,2024-04-18 09:15:34,1703
2701,,,SHUN LI 38        9V,994164108,15,0.0,121.866135,24.583873,200.0,0,2024-04-18 09:20:37,1789
2738,,,SHUN LI 38        9V,994164108,15,0.1,121.866142,24.583887,200.0,0,2024-04-18 09:25:38,1837
2815,,,SHUN LI 38        9V,994164108,15,0.0,121.866147,24.583888,200.0,0,2024-04-18 09:29:42,1902
3011,,,SHUN LI 38        9V,994164108,15,0.0,121.866125,24.583862,200.0,0,2024-04-18 09:33:45,2018
2898,,,SHUN LI 38        9V,994164108,15,0.0,121.866118,24.583878,200.0,0,2024-04-18 09:37:47,1927
2816,,,SHUN LI 38        9V,994164108,15,0.1,121.866078,24.58388,200.0,0,2024-04-18 09:40:48,1851
2631,,,SHUN LI 38        9V,994164108,15,0.0,121.866122,24.58387,200.0,0,2024-04-18 09:45:52,1712
2604,,,SHUN LI 38        9V,994164108,15,0.0,121.866117,24.583918,200.0,0,2024-04-18 09:49:55,1700
2712,,,SHUN LI 38        9V,994164108,15,0.0,121.866105,24.583958,200.0,0,2024-04-18 09:53:55,1788
2830,,,SHUN LI 38        9V,994164108,15,0.0,121.866143,24.583905,200.0,0,2024-04-18 09:57:58,1884
2675,,,SHUN LI 38        9V,994164108,15,0.1,121.866213,24.583943,200.0,0,2024-04-18 10:02:02,1776
2818,,,SHUN LI 38        9V,994164108,15,0.0,121.866217,24.583978,200.0,0,2024-04-18 10:06:14,1851
2759,,,SHUN LI 38        9V,994164108,15,0.0,121.86609,24.583843,200.0,0,2024-04-18 10:08:18,1820
2615,,,SHUN LI 38        9V,994164108,15,0.0,121.866112,24.583937,200.0,0,2024-04-18 10:13:27,1741
2871,,,SHUN LI 38        9V,994164108,15,0.1,121.866122,24.583843,200.0,0,2024-04-18 10:18:31,1899
2744,,,SHUN LI 38        9V,994164108,15,0.1,121.866158,24.584107,200.0,0,2024-04-18 10:20:40,1817
2702,,,SHUN LI 38        9V,994164108,15,0.0,121.866107,24.583898,200.0,0,2024-04-18 10:29:56,1765
2603,,,SHUN LI 38        9V,994164108,15,0.0,121.866122,24.583858,200.0,0,2024-04-18 10:33:01,1677
2822,,,SHUN LI 38        9V,994164108,15,0.0,121.866105,24.583952,200.0,0,2024-04-18 10:37:09,1843
2877,,,SHUN LI 38        9V,994164108,15,0.0,121.86593,24.584323,200.0,0,2024-04-18 10:42:26,1879
2672,,,SHUN LI 38        9V,994164108,15,0.0,121.866075,24.584065,200.0,0,2024-04-18 10:45:32,1766
2833,,,SHUN LI 38        9V,994164108,15,0.1,121.866002,24.58433,200.0,0,2024-04-18 10:50:42,1862
2730,,,SHUN LI 38        9V,994164108,15,0.1,121.866035,24.584037,200.0,0,2024-04-18 10:54:58,1790
2654,,,SHUN LI 38        9V,994164108,15,0.2,121.866055,24.583932,200.0,0,2024-04-18 10:59:08,1745
2761,,,SHUN LI 38        9V,994164108,15,0.0,121.86605,24.583995,200.0,0,2024-04-18 11:03:33,1813
2715,,,SHUN LI 38        9V,994164108,15,0.2,121.866062,24.583918,200.0,0,2024-04-18 11:06:35,1778
2763,,,SHUN LI 38        9V,994164108,15,0.0,121.865998,24.584012,200.0,0,2024-04-18 11:11:39,1813
2811,,,SHUN LI 38        9V,994164108,15,0.0,121.866063,24.58393,200.0,0,2024-04-18 11:14:41,1839
2657,,,SHUN LI 38        9V,994164108,15,0.1,121.866057,24.583905,200.0,0,2024-04-18 11:19:45,1752
2617,,,SHUN LI 38        9V,994164108,15,0.1,121.866203,24.583745,200.0,0,2024-04-18 11:23:48,1727
2676,,,SHUN LI 38        9V,994164108,15,0.0,121.866112,24.583943,200.0,0,2024-04-18 11:28:52,1756
2889,,,SHUN LI 38        9V,994164108,15,0.1,121.866022,24.583958,200.0,0,2024-04-18 11:31:55,1879
2714,,,SHUN LI 38        9V,994164108,15,0.1,121.86609,24.583947,200.0,0,2024-04-18 11:36:59,1756
2806,,,SHUN LI 38        9V,994164108,15,0.0,121.865992,24.583985,200.0,0,2024-04-18 11:40:00,1802
2626,,,SHUN LI 38        9V,994164108,15,0.0,121.866137,24.58391,200.0,0,2024-04-18 11:44:01,1713
2565,,,SHUN LI 38        9V,994164108,15,0.0,121.866055,24.583985,200.0,0,2024-04-18 11:48:03,1660
2614,,,SHUN LI 38        9V,994164108,15,0.0,121.866097,24.58394,200.0,0,2024-04-18 11:56:06,1699
2683,,,SHUN LI 38        9V,994164108,15,0.1,121.86607,24.58393,200.0,0,2024-04-18 11:59:07,1751
2674,,,SHUN LI 38        9V,994164108,15,0.0,121.866167,24.583937,200.0,0,2024-04-18 12:04:25,1760
2714,,,SHUN LI 38        9V,994164108,15,0.1,121.86625,24.583943,200.0,0,2024-04-18 12:06:29,1774
2656,,,SHUN LI 38        9V,994164108,15,0.0,121.866073,24.583945,200.0,0,2024-04-18 12:12:42,1713
2526,,,SHUN LI 38        9V,994164108,15,0.1,121.865875,24.583998,200.0,0,2024-04-18 12:16:49,1623
2486,,,SHUN LI 38        9V,994164108,15,0.0,121.866067,24.583965,200.0,0,2024-04-18 12:18:55,1588
2479,,,SHUN LI 38        9V,994164108,15,0.0,121.86613,24.58398,200.0,0,2024-04-18 12:24:07,1606
2709,,,SHUN LI 38        9V,994164108,15,0.2,121.866148,24.583957,200.0,0,2024-04-18 12:29:18,1758
2605,,,SHUN LI 38        9V,994164108,15,0.0,121.8661,24.58398,200.0,0,2024-04-18 12:33:23,1663
2484,,,SHUN LI 38        9V,994164108,15,0.1,121.86602,24.583982,200.0,0,2024-04-18 12:37:27,1573
2525,,,SHUN LI 38        9V,994164108,15,0.0,121.866072,24.583975,200.0,0,2024-04-18 12:39:30,1603
2659,,,SHUN LI 38        9V,994164108,15,0.0,121.86602,24.583887,200.0,0,2024-04-18 12:45:38,1734
2489,,,SHUN LI 38        9V,994164108,15,0.2,121.866023,24.583923,200.0,0,2024-04-18 12:53:46,1612
2570,,,SHUN LI 38        9V,994164108,15,0.0,121.866108,24.583952,200.0,0,2024-04-18 12:57:49,1618
2612,,,SHUN LI 38        9V,994164108,15,0.0,121.866168,24.58393,200.0,0,2024-04-18 13:02:23,1678
2472,,,SHUN LI 38        9V,994164108,15,0.0,121.866132,24.583937,200.0,0,2024-04-18 13:06:25,1590
2499,,,SHUN LI 38        9V,994164108,15,0.0,121.866152,24.583955,200.0,0,2024-04-18 13:10:27,1612
2691,,,SHUN LI 38        9V,994164108,15,0.0,121.866118,24.583933,200.0,0,2024-04-18 13:13:27,1736
2642,,,SHUN LI 38        9V,994164108,15,0.0,121.866177,24.583925,200.0,0,2024-04-18 13:18:29,1725
2501,,,SHUN LI 38        9V,994164108,15,0.1,121.866173,24.583923,200.0,0,2024-04-18 13:22:31,1606
2419,,,SHUN LI 38        9V,994164108,15,0.0,121.866123,24.583932,200.0,0,2024-04-18 13:26:35,1543
2535,,,SHUN LI 38        9V,994164108,15,0.0,121.8661,24.583912,200.0,0,2024-04-18 13:30:38,1609
2487,,,SHUN LI 38        9V,994164108,15,0.1,121.866177,24.583918,200.0,0,2024-04-18 13:33:40,1586
2319,,,SHUN LI 38        9V,994164108,15,0.1,121.866187,24.58394,200.0,0,2024-04-18 13:37:43,1453
2511,,,SHUN LI 38        9V,994164108,15,0.1,121.866143,24.583933,200.0,0,2024-04-18 13:41:46,1573
2391,,,SHUN LI 38        9V,994164108,15,0.0,121.866192,24.583863,200.0,0,2024-04-18 13:45:49,1484
2509,,,SHUN LI 38        9V,994164108,15,0.1,121.866208,24.583913,200.0,0,2024-04-18 13:50:53,1546
2474,,,SHUN LI 38        9V,994164108,15,0.0,121.866167,24.583927,200.0,0,2024-04-18 13:53:54,1549
2358,,,SHUN LI 38        9V,994164108,15,0.0,121.866185,24.583895,200.0,0,2024-04-18 13:59:57,1494
2305,,,SHUN LI 38        9V,994164108,15,0.1,121.866203,24.583865,200.0,0,2024-04-18 14:02:59,1434
2686,,,SHUN LI 38        9V,994164108,15,0.0,121.866125,24.583877,200.0,0,2024-04-18 15:36:19,1669
2471,,,SHUN LI 38        9V,994164108,15,0.0,121.866162,24.583895,200.0,0,2024-04-18 15:40:20,1573
2697,,,SHUN LI 38        9V,994164108,15,0.0,121.866127,24.583872,200.0,0,2024-04-18 15:44:22,1716
2574,,,SHUN LI 38        9V,994164108,15,0.0,121.866158,24.583885,200.0,0,2024-04-18 15:47:24,1618
2609,,,SHUN LI 38        9V,994164108,15,0.1,121.866113,24.58395,200.0,0,2024-04-18 15:52:25,1661
2683,,,SHUN LI 38        9V,994164108,15,0.0,121.866185,24.583907,200.0,0,2024-04-18 15:54:26,1719
2587,,,SHUN LI 38        9V,994164108,15,0.0,121.866163,24.583853,200.0,0,2024-04-18 15:59:31,1667
2593,,,SHUN LI 38        9V,994164108,15,0.0,121.866078,24.583875,200.0,0,2024-04-18 16:04:34,1646
2607,,,SHUN LI 38        9V,994164108,15,0.0,121.866052,24.583837,200.0,0,2024-04-18 16:09:40,1672
2611,,,SHUN LI 38        9V,994164108,15,0.0,121.866032,24.583848,200.0,0,2024-04-18 16:12:42,1668
2604,,,SHUN LI 38        9V,994164108,15,0.0,121.866092,24.583865,200.0,0,2024-04-18 16:17:47,1655
2591,,,SHUN LI 38        9V,994164108,15,0.0,121.86611,24.583867,200.0,0,2024-04-18 16:21:49,1667
2702,,,SHUN LI 38        9V,994164108,15,0.0,121.866117,24.583918,200.0,0,2024-04-18 16:29:52,1754
2708,,,SHUN LI 38        9V,994164108,15,0.0,121.866082,24.583882,200.0,0,2024-04-18 16:33:55,1729
2613,,,SHUN LI 38        9V,994164108,15,0.0,121.86613,24.583873,200.0,0,2024-04-18 16:37:59,1684
2697,,,SHUN LI 38        9V,994164108,15,0.0,121.86615,24.583932,200.0,0,2024-04-18 16:41:02,1734
2626,,,SHUN LI 38        9V,994164108,15,0.0,121.866015,24.583878,200.0,0,2024-04-18 16:45:03,1673
2685,,,SHUN LI 38        9V,994164108,15,0.1,121.866103,24.583887,200.0,0,2024-04-18 16:48:04,1717
2435,,,SHUN LI 38        9V,994164108,15,0.0,121.866133,24.583897,200.0,0,2024-04-18 16:54:08,1580
2381,,,SHUN LI 38        9V,994164108,15,0.1,121.866153,24.58389,200.0,0,2024-04-18 16:57:08,1535
2476,,,SHUN LI 38        9V,994164108,15,0.0,121.866037,24.58387,200.0,0,2024-04-18 17:02:17,1566
2470,,,SHUN LI 38        9V,994164108,15,0.0,121.866433,24.584,200.0,0,2024-04-18 17:06:29,1569
2313,,,SHUN LI 38        9V,994164108,15,0.0,121.866148,24.583907,200.0,0,2024-04-18 17:10:53,1471
2487,,,SHUN LI 38        9V,994164108,15,0.1,121.866137,24.583892,200.0,0,2024-04-18 17:14:59,1625
2573,,,SHUN LI 38        9V,994164108,15,0.1,121.866185,24.58393,200.0,0,2024-04-18 17:18:03,1672
2702,,,SHUN LI 38        9V,994164108,15,0.0,121.866067,24.583893,200.0,0,2024-04-18 17:22:17,1742
2414,,,SHUN LI 38        9V,994164108,15,0.2,121.866185,24.58399,200.0,0,2024-04-18 17:26:23,1563
2499,,,SHUN LI 38        9V,994164108,15,0.2,121.86601,24.583885,200.0,0,2024-04-18 17:30:29,1597
2402,,,SHUN LI 38        9V,994164108,15,0.7,121.865833,24.583732,200.0,0,2024-04-18 17:33:37,1557
2403,,,SHUN LI 38        9V,994164108,15,0.2,121.865833,24.583777,200.0,0,2024-04-18 17:38:49,1559
2291,,,SHUN LI 38        9V,994164108,15,0.3,121.865688,24.583693,200.0,0,2024-04-18 17:42:59,1503
2500,,,SHUN LI 38        9V,994164108,15,0.1,121.866078,24.583825,200.0,0,2024-04-18 17:46:16,1638
2406,,,SHUN LI 38        9V,994164108,15,0.0,121.86533,24.583782,200.0,0,2024-04-18 17:51:37,1566
2228,,,SHUN LI 38        9V,994164108,15,0.2,121.866382,24.583825,200.0,0,2024-04-18 17:54:55,1448
2232,,,SHUN LI 38        9V,994164108,15,0.0,121.866033,24.58388,200.0,0,2024-04-18 17:59:21,1478
2310,,,SHUN LI 38        9V,994164108,15,0.0,121.866112,24.583795,200.0,0,2024-04-18 18:01:51,1513
2369,,,SHUN LI 38        9V,994164108,15,0.1,121.866242,24.583878,200.0,0,2024-04-18 18:07:51,1575
2427,,,SHUN LI 38        9V,994164108,15,0.0,121.866203,24.583857,200.0,0,2024-04-18 18:11:53,1628
2404,,,SHUN LI 38        9V,994164108,15,0.0,121.866155,24.583827,200.0,0,2024-04-18 18:15:55,1601
2344,,,SHUN LI 38        9V,994164108,15,0.1,121.866187,24.583828,200.0,0,2024-04-18 18:19:55,1548
2453,,,SHUN LI 38        9V,994164108,15,0.1,121.866128,24.583845,200.0,0,2024-04-18 18:23:56,1626
2689,,,SHUN LI 38        9V,994164108,15,0.0,121.866032,24.583762,200.0,0,2024-04-18 18:27:57,1777
2481,,,SHUN LI 38        9V,994164108,15,0.0,121.866142,24.583797,200.0,0,2024-04-18 18:31:59,1633
2473,,,SHUN LI 38        9V,994164108,15,0.0,121.86603,24.583783,200.0,0,2024-04-18 18:34:59,1643
2594,,,SHUN LI 38        9V,994164108,15,0.0,121.866023,24.58377,200.0,0,2024-04-18 18:38:00,1693
3120,,,SHUN LI 38        9V,994164108,15,0.0,121.866023,24.583728,200.0,0,2024-04-18 18:44:01,2042
2606,,,SHUN LI 38        9V,994164108,15,0.0,121.866047,24.583733,200.0,0,2024-04-18 18:48:02,1724
2764,,,SHUN LI 38        9V,994164108,15,0.0,121.866067,24.583835,200.0,0,2024-04-18 18:52:02,1810
2559,,,SHUN LI 38        9V,994164108,15,0.0,121.866073,24.583772,200.0,0,2024-04-18 18:56:00,1672
2644,,,SHUN LI 38        9V,994164108,15,0.0,121.866132,24.583805,200.0,0,2024-04-18 18:59:02,1763
2498,,,SHUN LI 38        9V,994164108,15,0.0,121.866108,24.583758,200.0,0,2024-04-18 19:04:04,1655
2690,,,SHUN LI 38        9V,994164108,15,0.0,121.866002,24.58372,200.0,0,2024-04-18 19:08:06,1782
2535,,,SHUN LI 38        9V,994164108,15,0.0,121.86608,24.583717,200.0,0,2024-04-18 19:09:07,1695
2751,,,SHUN LI 38        9V,994164108,15,0.0,121.866178,24.583777,200.0,0,2024-04-18 19:16:13,1814
2688,,,SHUN LI 38        9V,994164108,15,0.0,121.866045,24.583728,200.0,0,2024-04-18 19:20:14,1761
2753,,,SHUN LI 38        9V,994164108,15,0.0,121.866172,24.583732,200.0,0,2024-04-18 19:23:14,1838
2612,,,SHUN LI 38        9V,994164108,15,0.1,121.866117,24.583762,200.0,0,2024-04-18 19:29:17,1750
2604,,,SHUN LI 38        9V,994164108,15,0.0,121.866177,24.583772,200.0,0,2024-04-18 19:33:17,1729
2877,,,SHUN LI 38        9V,994164108,15,0.0,121.866173,24.583803,200.0,0,2024-04-18 19:37:17,1908
2638,,,SHUN LI 38        9V,994164108,15,0.0,121.866055,24.583705,200.0,0,2024-04-18 19:41:17,1744
2493,,,SHUN LI 38        9V,994164108,15,0.0,121.866205,24.58378,200.0,0,2024-04-18 19:45:18,1651
2505,,,SHUN LI 38        9V,994164108,15,0.1,121.866095,24.583767,200.0,0,2024-04-18 19:49:19,1667
2464,,,SHUN LI 38        9V,994164108,15,0.0,121.866235,24.583805,200.0,0,2024-04-18 19:57:20,1601
2630,,,SHUN LI 38        9V,994164108,15,0.0,121.866175,24.583342,200.0,0,2024-04-18 20:01:28,1705
2515,,,SHUN LI 38        9V,994164108,15,0.0,121.866107,24.583683,200.0,0,2024-04-18 20:05:29,1640
2467,,,SHUN LI 38        9V,994164108,15,0.0,121.866132,24.583637,200.0,0,2024-04-18 20:06:31,1621
2575,,,SHUN LI 38        9V,994164108,15,0.4,121.866065,24.584003,162.4,0,2024-04-18 20:12:49,1705
2597,,,SHUN LI 38        9V,994164108,15,0.2,121.865992,24.583948,200.0,0,2024-04-18 20:17:04,1705
2495,,,SHUN LI 38        9V,994164108,15,0.2,121.866127,24.583913,200.0,0,2024-04-18 20:21:12,1634
2574,,,SHUN LI 38        9V,994164108,15,0.1,121.866158,24.58375,200.0,0,2024-04-18 20:25:24,1691
2237,,,SHUN LI 38        9V,994164108,15,0.2,121.866265,24.583678,200.0,0,2024-04-18 20:28:34,1440
2298,,,SHUN LI 38        9V,994164108,15,0.0,121.86608,24.583958,200.0,0,2024-04-18 20:32:08,1486
2369,,,SHUN LI 38        9V,994164108,15,0.1,121.866103,24.583872,200.0,0,2024-04-18 20:37:49,1538
2699,,,SHUN LI 38        9V,994164108,15,0.0,121.86616,24.583818,200.0,0,2024-04-18 20:41:34,1796
2483,,,SHUN LI 38        9V,994164108,15,0.1,121.866167,24.583837,200.0,0,2024-04-18 20:46:33,1637
2691,,,SHUN LI 38        9V,994164108,15,0.1,121.866123,24.583808,200.0,0,2024-04-18 20:50:35,1768
2445,,,SHUN LI 38        9V,994164108,15,0.0,121.866178,24.583842,200.0,0,2024-04-18 20:54:34,1619
2415,,,SHUN LI 38        9V,994164108,15,0.0,121.866085,24.583775,200.0,0,2024-04-18 20:58:36,1604
2532,,,SHUN LI 38        9V,994164108,15,0.1,121.866128,24.583813,200.0,0,2024-04-18 21:02:37,1661
2628,,,SHUN LI 38        9V,994164108,15,0.0,121.86619,24.583837,200.0,0,2024-04-18 21:06:38,1703
2456,,,SHUN LI 38        9V,994164108,15,0.0,121.866257,24.583893,200.0,0,2024-04-18 21:10:39,1598
2314,,,SHUN LI 38        9V,994164108,15,0.0,121.866088,24.583808,200.0,0,2024-04-18 21:14:39,1554
2438,,,SHUN LI 38        9V,994164108,15,0.0,121.866222,24.583887,200.0,0,2024-04-18 21:17:40,1615
2532,,,SHUN LI 38        9V,994164108,15,0.0,121.866048,24.5838,200.0,0,2024-04-18 21:23:40,1679
2422,,,SHUN LI 38        9V,994164108,15,0.0,121.866123,24.58384,200.0,0,2024-04-18 21:26:38,1576
2497,,,SHUN LI 38        9V,994164108,15,0.1,121.866123,24.583812,200.0,0,2024-04-18 21:30:52,1648
2496,,,SHUN LI 38        9V,994164108,15,0.0,121.866082,24.583827,200.0,0,2024-04-18 21:35:55,1639
2532,,,SHUN LI 38        9V,994164108,15,0.0,121.866035,24.583818,200.0,0,2024-04-18 21:38:56,1671
2636,,,SHUN LI 38        9V,994164108,15,0.0,121.866015,24.583783,200.0,0,2024-04-18 21:43:55,1742
2562,,,SHUN LI 38        9V,994164108,15,0.0,121.866063,24.58384,200.0,0,2024-04-18 21:47:56,1668
2358,,,SHUN LI 38        9V,994164108,15,0.0,121.86602,24.583828,200.0,0,2024-04-18 21:50:55,1524
2865,,,SHUN LI 38        9V,994164108,15,0.1,121.866133,24.583815,200.0,0,2024-04-18 21:53:56,1825
2498,,,SHUN LI 38        9V,994164108,15,0.0,121.866013,24.583787,200.0,0,2024-04-18 21:59:57,1621
2373,,,SHUN LI 38        9V,994164108,15,0.0,121.866155,24.583877,200.0,0,2024-04-18 22:03:58,1539
2515,,,SHUN LI 38        9V,994164108,15,0.0,121.866052,24.583798,200.0,0,2024-04-18 22:06:59,1593
2505,,,SHUN LI 38        9V,994164108,15,0.0,121.866095,24.583842,200.0,0,2024-04-18 22:10:58,1580
2508,,,SHUN LI 38        9V,994164108,15,0.0,121.86605,24.583817,200.0,0,2024-04-18 22:15:59,1581
2456,,,SHUN LI 38        9V,994164108,15,0.0,121.866075,24.583842,200.0,0,2024-04-18 22:19:59,1561
2494,,,SHUN LI 38        9V,994164108,15,0.0,121.866022,24.583807,200.0,0,2024-04-18 22:22:59,1594
2287,,,SHUN LI 38        9V,994164108,15,0.0,121.866053,24.583803,200.0,0,2024-04-18 22:27:00,1464
2450,,,SHUN LI 38        9V,994164108,15,0.0,121.866095,24.583842,200.0,0,2024-04-18 22:31:02,1554
2397,,,SHUN LI 38        9V,994164108,15,0.0,121.866085,24.583867,200.0,0,2024-04-18 22:36:03,1536
2373,,,SHUN LI 38        9V,994164108,15,0.0,121.866078,24.583872,200.0,0,2024-04-18 22:40:05,1484
2348,,,SHUN LI 38        9V,994164108,15,0.0,121.866083,24.5838,200.0,0,2024-04-18 22:44:04,1499
2315,,,SHUN LI 38        9V,994164108,15,0.0,121.866097,24.583863,200.0,0,2024-04-18 22:48:07,1500
2626,,,SHUN LI 38        9V,994164108,15,0.0,121.866067,24.583865,200.0,0,2024-04-18 22:52:09,1696
2617,,,SHUN LI 38        9V,994164108,15,0.0,121.866053,24.583797,200.0,0,2024-04-18 22:55:11,1665
2453,,,SHUN LI 38        9V,994164108,15,0.0,121.866143,24.583862,200.0,0,2024-04-18 23:00:12,1594
2515,,,SHUN LI 38        9V,994164108,15,0.0,121.866113,24.583888,200.0,0,2024-04-18 23:03:16,1634
2290,,,SHUN LI 38        9V,994164108,15,0.0,121.866068,24.583863,200.0,0,2024-04-18 23:10:27,1489
2353,,,SHUN LI 38        9V,994164108,15,0.0,121.866088,24.583865,200.0,0,2024-04-18 23:16:38,1518
2312,,,SHUN LI 38        9V,994164108,15,0.1,121.866087,24.583855,200.0,0,2024-04-18 23:21:45,1483
2168,,,SHUN LI 38        9V,994164108,15,0.1,121.866073,24.583888,200.0,0,2024-04-18 23:24:48,1401
2560,,,SHUN LI 38        9V,994164108,15,0.0,121.866055,24.583917,200.0,0,2024-04-18 23:29:53,1639
2639,,,SHUN LI 38        9V,994164108,15,0.0,121.866142,24.583847,200.0,0,2024-04-18 23:33:58,1698
2749,,,SHUN LI 38        9V,994164108,15,0.1,121.866162,24.583793,200.0,0,2024-04-18 23:36:01,1781
2472,,,SHUN LI 38        9V,994164108,15,0.0,121.866322,24.583685,200.0,0,2024-04-18 23:40:07,1624
2590,,,SHUN LI 38        9V,994164108,15,0.0,121.865997,24.583935,200.0,0,2024-04-18 23:45:37,1686
2500,,,SHUN LI 38        9V,994164108,15,0.0,121.866072,24.58384,200.0,0,2024-04-18 23:49:04,1630
2378,,,SHUN LI 38        9V,994164108,15,0.0,121.866162,24.583817,200.0,0,2024-04-18 23:53:04,1561
2542,,,SHUN LI 38        9V,994164108,15,0.0,121.866135,24.583892,200.0,0,2024-04-18 23:56:05,1669
2500,,,SHUN LI 38        9V,994164108,15,0.1,121.866085,24.583798,200.0,0,2024-04-19 00:01:07,1641
2744,,,SHUN LI 38        9V,994164108,15,0.2,121.86613,24.58387,200.0,0,2024-04-19 00:05:08,1779
2420,,,SHUN LI 38        9V,994164108,15,0.0,121.866032,24.583808,200.0,0,2024-04-19 00:07:09,1583
2380,,,SHUN LI 38        9V,994164108,15,0.0,121.866185,24.583882,200.0,0,2024-04-19 00:12:13,1564
2622,,,SHUN LI 38        9V,994164108,15,0.1,121.86608,24.583827,200.0,0,2024-04-19 00:17:15,1693
2420,,,SHUN LI 38        9V,994164108,15,0.1,121.865967,24.583747,200.0,0,2024-04-19 00:21:17,1575
2393,,,SHUN LI 38        9V,994164108,15,0.4,121.866458,24.583997,52.3,0,2024-04-19 00:25:20,1537
2402,,,SHUN LI 38        9V,994164108,15,0.0,121.866247,24.583898,200.0,0,2024-04-19 00:30:27,1568
2344,,,SHUN LI 38        9V,994164108,15,0.1,121.865855,24.583655,200.0,0,2024-04-19 00:33:29,1483
2344,,,SHUN LI 38        9V,994164108,15,0.0,121.86592,24.583667,200.0,0,2024-04-19 00:37:33,1514
2372,,,SHUN LI 38        9V,994164108,15,0.2,121.865927,24.583675,200.0,0,2024-04-19 00:41:36,1534
2750,,,SHUN LI 38        9V,994164108,15,0.0,121.866202,24.583892,200.0,0,2024-04-19 00:46:42,1747
2398,,,SHUN LI 38        9V,994164108,15,0.1,121.86616,24.583847,200.0,0,2024-04-19 00:50:45,1528
2218,,,SHUN LI 38        9V,994164108,15,0.1,121.866112,24.58382,200.0,0,2024-04-19 00:51:47,1403
2185,,,SHUN LI 38        9V,994164108,15,0.0,121.866152,24.583802,200.0,0,2024-04-19 00:58:51,1365
2433,,,SHUN LI 38        9V,994164108,15,0.1,121.866052,24.583763,200.0,0,2024-04-19 01:02:54,1520
2438,,,SHUN LI 38        9V,994164108,15,0.1,121.86613,24.58382,200.0,0,2024-04-19 01:06:55,1553
2421,,,SHUN LI 38        9V,994164108,15,0.0,121.866115,24.583792,200.0,0,2024-04-19 01:10:56,1536
2562,,,SHUN LI 38        9V,994164108,15,0.0,121.86612,24.583792,200.0,0,2024-04-19 01:12:57,1630
2615,,,SHUN LI 38        9V,994164108,15,0.1,121.866088,24.583777,200.0,0,2024-04-19 01:18:03,1664
2296,,,SHUN LI 38        9V,994164108,15,0.0,121.866082,24.583795,200.0,0,2024-04-19 01:22:09,1462
2631,,,SHUN LI 38        9V,994164108,15,0.1,121.86609,24.583805,200.0,0,2024-04-19 01:27:14,1675
2507,,,SHUN LI 38        9V,994164108,15,0.0,121.866053,24.583798,200.0,0,2024-04-19 01:30:20,1619
2571,,,SHUN LI 38        9V,994164108,15,0.1,121.866073,24.583768,200.0,0,2024-04-19 01:35:26,1663
2501,,,SHUN LI 38        9V,994164108,15,0.1,121.86608,24.583762,200.0,0,2024-04-19 01:36:27,1590
2678,,,SHUN LI 38        9V,994164108,15,0.0,121.866097,24.5838,200.0,0,2024-04-19 01:43:36,1681
2499,,,SHUN LI 38        9V,994164108,15,0.1,121.86613,24.583783,200.0,0,2024-04-19 01:47:42,1576
2340,,,SHUN LI 38        9V,994164108,15,0.1,121.86639,24.583877,200.0,0,2024-04-19 01:55:51,1489
2416,,,SHUN LI 38        9V,994164108,15,0.0,121.866133,24.583767,200.0,0,2024-04-19 01:56:52,1546
2573,,,SHUN LI 38        9V,994164108,15,0.1,121.866192,24.583795,200.0,0,2024-04-19 02:02:28,1631
2479,,,SHUN LI 38        9V,994164108,15,0.1,121.866178,24.583815,200.0,0,2024-04-19 02:07:29,1574
2413,,,SHUN LI 38        9V,994164108,15,0.0,121.866108,24.583753,200.0,0,2024-04-19 02:11:29,1568
2248,,,SHUN LI 38        9V,994164108,15,0.2,121.866117,24.583725,200.0,0,2024-04-19 02:15:29,1420
2360,,,SHUN LI 38        9V,994164108,15,0.1,121.866103,24.583737,200.0,0,2024-04-19 02:19:28,1511
2288,,,SHUN LI 38        9V,994164108,15,0.0,121.8661,24.583747,200.0,0,2024-04-19 02:23:29,1465
2511,,,SHUN LI 38        9V,994164108,15,0.0,121.866142,24.583758,200.0,0,2024-04-19 02:27:32,1588
2365,,,SHUN LI 38        9V,994164108,15,0.0,121.86613,24.583778,200.0,0,2024-04-19 02:31:32,1508
2369,,,SHUN LI 38        9V,994164108,15,0.0,121.866115,24.583762,200.0,0,2024-04-19 02:35:34,1505
2368,,,SHUN LI 38        9V,994164108,15,0.0,121.866133,24.583778,200.0,0,2024-04-19 02:40:35,1523
2387,,,SHUN LI 38        9V,994164108,15,0.1,121.86613,24.583783,200.0,0,2024-04-19 02:42:36,1549
2557,,,SHUN LI 38        9V,994164108,15,0.0,121.866117,24.583813,200.0,0,2024-04-19 02:47:36,1646
2415,,,SHUN LI 38        9V,994164108,15,0.1,121.866133,24.583777,200.0,0,2024-04-19 02:52:36,1560
2479,,,SHUN LI 38        9V,994164108,15,0.0,121.866082,24.583773,200.0,0,2024-04-19 02:55:36,1638
2627,,,SHUN LI 38        9V,994164108,15,0.0,121.866172,24.583833,200.0,0,2024-04-19 03:00:38,1739
2702,,,SHUN LI 38        9V,994164108,15,0.1,121.866107,24.58378,200.0,0,2024-04-19 03:04:39,1797
2566,,,SHUN LI 38        9V,994164108,15,0.0,121.86605,24.583777,200.0,0,2024-04-19 03:08:40,1678
2540,,,SHUN LI 38        9V,994164108,15,0.0,121.866113,24.583785,200.0,0,2024-04-19 03:12:41,1655
2456,,,SHUN LI 38        9V,994164108,15,0.0,121.866183,24.583802,200.0,0,2024-04-19 03:16:42,1595
2427,,,SHUN LI 38        9V,994164108,15,0.0,121.866052,24.583795,200.0,0,2024-04-19 03:18:42,1574
2530,,,SHUN LI 38        9V,994164108,15,0.0,121.866132,24.583792,200.0,0,2024-04-19 03:23:43,1666
2566,,,SHUN LI 38        9V,994164108,15,0.1,121.866123,24.583798,200.0,0,2024-04-19 03:27:44,1709
2494,,,SHUN LI 38        9V,994164108,15,0.0,121.866043,24.583728,200.0,0,2024-04-19 03:30:44,1634
2690,,,SHUN LI 38        9V,994164108,15,0.1,121.866153,24.583825,200.0,0,2024-04-19 03:37:47,1759
2682,,,SHUN LI 38        9V,994164108,15,0.0,121.866118,24.5838,200.0,0,2024-04-19 03:41:44,1746
2750,,,SHUN LI 38        9V,994164108,15,0.0,121.86611,24.58377,200.0,0,2024-04-19 03:44:41,1822
2522,,,SHUN LI 38        9V,994164108,15,0.0,121.866123,24.583783,200.0,0,2024-04-19 03:49:59,1673
2644,,,SHUN LI 38        9V,994164108,15,0.0,121.866122,24.583785,200.0,0,2024-04-19 03:53:59,1728
2484,,,SHUN LI 38        9V,994164108,15,0.0,121.866107,24.583763,200.0,0,2024-04-19 03:57:59,1640
2623,,,SHUN LI 38        9V,994164108,15,0.1,121.865917,24.583697,200.0,0,2024-04-19 04:01:59,1734
2769,,,SHUN LI 38        9V,994164108,15,0.0,121.866163,24.583782,200.0,0,2024-04-19 04:05:59,1829
2711,,,SHUN LI 38        9V,994164108,15,0.0,121.8661,24.583785,200.0,0,2024-04-19 04:09:00,1794
2502,,,SHUN LI 38        9V,994164108,15,0.0,121.86611,24.58378,200.0,0,2024-04-19 04:12:59,1672
2700,,,SHUN LI 38        9V,994164108,15,0.0,121.866057,24.583757,200.0,0,2024-04-19 04:21:02,1785
2687,,,SHUN LI 38        9V,994164108,15,0.0,121.866083,24.583807,200.0,0,2024-04-19 04:25:02,1796
2670,,,SHUN LI 38        9V,994164108,15,0.0,121.866092,24.583778,200.0,0,2024-04-19 04:27:03,1794
2824,,,SHUN LI 38        9V,994164108,15,0.0,121.866153,24.583837,200.0,0,2024-04-19 04:33:04,1899
2870,,,SHUN LI 38        9V,994164108,15,0.0,121.866038,24.583723,200.0,0,2024-04-19 04:38:06,1915
3116,,,SHUN LI 38        9V,994164108,15,0.0,121.866108,24.583802,200.0,0,2024-04-19 04:42:07,2065
2946,,,SHUN LI 38        9V,994164108,15,0.0,121.86621,24.583848,200.0,0,2024-04-19 04:46:07,1968
2858,,,SHUN LI 38        9V,994164108,15,0.0,121.866108,24.583767,200.0,0,2024-04-19 04:50:08,1894
2946,,,SHUN LI 38        9V,994164108,15,0.1,121.866145,24.583772,200.0,0,2024-04-19 04:54:11,1973
2623,,,SHUN LI 38        9V,994164108,15,0.0,121.866175,24.583763,200.0,0,2024-04-19 04:58:11,1760
2809,,,SHUN LI 38        9V,994164108,15,0.0,121.866012,24.583703,200.0,0,2024-04-19 05:01:14,1905
2731,,,SHUN LI 38        9V,994164108,15,0.0,121.86611,24.583757,200.0,0,2024-04-19 05:05:15,1841
2766,,,SHUN LI 38        9V,994164108,15,0.0,121.86604,24.583705,200.0,0,2024-04-19 05:10:19,1857
2806,,,SHUN LI 38        9V,994164108,15,0.0,121.865875,24.583577,200.0,0,2024-04-19 05:14:23,1901
2787,,,SHUN LI 38        9V,994164108,15,0.0,121.866085,24.583752,200.0,0,2024-04-19 05:17:25,1866
2555,,,SHUN LI 38        9V,994164108,15,0.0,121.866038,24.583692,200.0,0,2024-04-19 05:22:28,1761
2502,,,SHUN LI 38        9V,994164108,15,0.1,121.866097,24.583748,200.0,0,2024-04-19 05:26:27,1667
2874,,,SHUN LI 38        9V,994164108,15,0.1,121.86605,24.583695,200.0,0,2024-04-19 05:31:29,1952
2777,,,SHUN LI 38        9V,994164108,15,0.1,121.866,24.583602,200.0,0,2024-04-19 05:35:30,1878
2683,,,SHUN LI 38        9V,994164108,15,0.1,121.865993,24.583513,200.0,0,2024-04-19 05:39:34,1831
3058,,,SHUN LI 38        9V,994164108,15,0.3,121.866102,24.583695,200.0,0,2024-04-19 05:43:38,2086
2808,,,SHUN LI 38        9V,994164108,15,0.0,121.865983,24.583588,200.0,0,2024-04-19 05:47:47,1927
2965,,,SHUN LI 38        9V,994164108,15,0.2,121.865918,24.58366,200.0,0,2024-04-19 05:50:56,2050
2891,,,SHUN LI 38        9V,994164108,15,0.0,121.86611,24.583643,200.0,0,2024-04-19 05:55:24,1975
3005,,,SHUN LI 38        9V,994164108,15,1.7,121.8657,24.583657,291.4,0,2024-04-19 05:59:28,2041
2860,,,SHUN LI 38        9V,994164108,15,0.0,121.866112,24.583723,200.0,0,2024-04-19 06:03:58,1971
2810,,,SHUN LI 38        9V,994164108,15,0.0,121.866143,24.583797,200.0,0,2024-04-19 06:07:00,1929
2782,,,SHUN LI 38        9V,994164108,15,0.0,121.866102,24.58377,200.0,0,2024-04-19 06:11:04,1930
2937,,,SHUN LI 38        9V,994164108,15,0.0,121.866088,24.58376,200.0,0,2024-04-19 06:15:08,2014
2903,,,SHUN LI 38        9V,994164108,15,0.1,121.866092,24.58378,200.0,0,2024-04-19 06:19:11,1988
2870,,,SHUN LI 38        9V,994164108,15,0.1,121.86611,24.583785,200.0,0,2024-04-19 06:21:13,1983
3241,,,SHUN LI 38        9V,994164108,15,0.1,121.86608,24.583747,200.0,0,2024-04-19 06:26:18,2230
2959,,,SHUN LI 38        9V,994164108,15,0.0,121.866082,24.583768,200.0,0,2024-04-19 06:32:24,2031
2861,,,SHUN LI 38        9V,994164108,15,0.0,121.866155,24.5838,200.0,0,2024-04-19 06:36:27,1974
2787,,,SHUN LI 38        9V,994164108,15,0.0,121.866147,24.583778,200.0,0,2024-04-19 06:39:29,1926
2857,,,SHUN LI 38        9V,994164108,15,0.0,121.866127,24.583798,200.0,0,2024-04-19 06:43:33,1963
2797,,,SHUN LI 38        9V,994164108,15,0.0,121.866137,24.583753,200.0,0,2024-04-19 06:48:37,1920
2774,,,SHUN LI 38        9V,994164108,15,0.0,121.86613,24.583802,200.0,0,2024-04-19 06:52:41,1914
2777,,,SHUN LI 38        9V,994164108,15,0.0,121.866167,24.583817,200.0,0,2024-04-19 06:56:43,1904
2814,,,SHUN LI 38        9V,994164108,15,0.0,121.866072,24.58369,200.0,0,2024-04-19 07:00:46,1958
2973,,,SHUN LI 38        9V,994164108,15,0.0,121.86614,24.583795,200.0,0,2024-04-19 07:03:48,2080
2688,,,SHUN LI 38        9V,994164108,15,0.0,121.866163,24.583748,200.0,0,2024-04-19 07:08:51,1877
2851,,,SHUN LI 38        9V,994164108,15,0.3,121.86617,24.583775,200.0,0,2024-04-19 07:12:55,1984
2867,,,SHUN LI 38        9V,994164108,15,0.4,121.866082,24.583547,200.0,0,2024-04-19 07:17:00,1982
3024,,,SHUN LI 38        9V,994164108,15,0.1,121.866073,24.583778,200.0,0,2024-04-19 07:20:02,2112
3054,,,SHUN LI 38        9V,994164108,15,0.1,121.8661,24.583768,200.0,0,2024-04-19 07:25:06,2120
2930,,,SHUN LI 38        9V,994164108,15,0.0,121.866148,24.583783,200.0,0,2024-04-19 07:29:09,2048
3254,,,SHUN LI 38        9V,994164108,15,0.1,121.866118,24.583797,200.0,0,2024-04-19 07:33:15,2297
3157,,,SHUN LI 38        9V,994164108,15,0.1,121.866097,24.58375,200.0,0,2024-04-19 07:37:18,2215
2915,,,SHUN LI 38        9V,994164108,15,0.0,121.866062,24.583788,200.0,0,2024-04-19 07:39:21,2051
3050,,,SHUN LI 38        9V,994164108,15,0.0,121.86613,24.583793,200.0,0,2024-04-19 07:45:27,2138
3132,,,SHUN LI 38        9V,994164108,15,0.1,121.866128,24.583685,200.0,0,2024-04-19 07:49:32,2195
3029,,,SHUN LI 38        9V,994164108,15,0.1,121.86615,24.58375,200.0,0,2024-04-19 07:52:35,2122
3019,,,SHUN LI 38        9V,994164108,15,0.0,121.86613,24.583768,200.0,0,2024-04-19 07:56:37,2111
3121,,,SHUN LI 38        9V,994164108,15,0.1,121.866067,24.58383,369.6,0,2024-04-19 08:02:44,2185
3255,,,SHUN LI 38        9V,994164108,15,0.0,121.86612,24.583692,369.6,0,2024-04-19 08:05:49,2270
2996,,,SHUN LI 38        9V,994164108,15,0.0,121.86609,24.583858,369.6,0,2024-04-19 08:08:00,2091
3044,,,SHUN LI 38        9V,994164108,15,0.0,121.866257,24.583532,369.6,0,2024-04-19 08:14:24,2116
3044,,,SHUN LI 38        9V,994164108,15,0.0,121.866302,24.583473,369.6,0,2024-04-19 08:17:52,2107
3113,,,SHUN LI 38        9V,994164108,15,0.0,121.866042,24.583803,369.6,0,2024-04-19 08:22:35,2152
2939,,,SHUN LI 38        9V,994164108,15,0.0,121.866367,24.583407,369.6,0,2024-04-19 08:26:13,2052
3124,,,SHUN LI 38        9V,994164108,15,0.0,121.866252,24.583555,369.6,0,2024-04-19 08:29:58,2145
3090,,,SHUN LI 38        9V,994164108,15,0.0,121.866065,24.58372,369.6,0,2024-04-19 08:34:03,2134
2990,,,SHUN LI 38        9V,994164108,15,0.1,121.866102,24.583797,369.6,0,2024-04-19 08:37:03,2059
3043,,,SHUN LI 38        9V,994164108,15,0.0,121.866127,24.583782,369.6,0,2024-04-19 08:42:05,2132
3065,,,SHUN LI 38        9V,994164108,15,0.0,121.866092,24.583758,369.6,0,2024-04-19 08:45:05,2129
3125,,,SHUN LI 38        9V,994164108,15,0.0,121.866125,24.583778,369.6,0,2024-04-19 08:51:06,2173
3086,,,SHUN LI 38        9V,994164108,15,0.0,121.866102,24.583807,369.6,0,2024-04-19 08:54:06,2157
3004,,,SHUN LI 38        9V,994164108,15,0.0,121.866083,24.583775,369.6,0,2024-04-19 08:57:07,2102
3263,,,SHUN LI 38        9V,994164108,15,0.0,121.86607,24.583797,369.6,0,2024-04-19 09:02:07,2274
3252,,,SHUN LI 38        9V,994164108,15,0.0,121.86609,24.583803,369.6,0,2024-04-19 09:04:09,2246
3370,,,SHUN LI 38        9V,994164108,15,0.0,121.866152,24.58382,369.6,0,2024-04-19 09:15:14,2348
3444,,,SHUN LI 38        9V,994164108,15,0.0,121.866068,24.583805,369.6,0,2024-04-19 09:19:15,2378
3225,,,SHUN LI 38        9V,994164108,15,0.0,121.866103,24.583795,369.6,0,2024-04-19 09:23:16,2247
3208,,,SHUN LI 38        9V,994164108,15,0.1,121.866083,24.583797,369.6,0,2024-04-19 09:27:18,2251
3259,,,SHUN LI 38        9V,994164108,15,0.1,121.866068,24.583782,369.6,0,2024-04-19 09:32:19,2275
3229,,,SHUN LI 38        9V,994164108,15,0.0,121.866118,24.583803,369.6,0,2024-04-19 09:35:20,2258
3109,,,SHUN LI 38        9V,994164108,15,0.0,121.866062,24.58378,369.6,0,2024-04-19 09:40:23,2145
3313,,,SHUN LI 38        9V,994164108,15,0.1,121.866125,24.583803,369.6,0,2024-04-19 09:44:24,2256
3041,,,SHUN LI 38        9V,994164108,15,0.0,121.86612,24.583835,369.6,0,2024-04-19 09:48:24,2077
3183,,,SHUN LI 38        9V,994164108,15,0.0,121.866105,24.583745,369.6,0,2024-04-19 09:52:26,2200
3261,,,SHUN LI 38        9V,994164108,15,0.0,121.866112,24.583837,369.6,0,2024-04-19 09:56:26,2252
3104,,,SHUN LI 38        9V,994164108,15,0.0,121.866088,24.583773,369.6,0,2024-04-19 09:59:25,2157
3039,,,SHUN LI 38        9V,994164108,15,0.0,121.8661,24.583808,369.6,0,2024-04-19 10:04:39,2123
3548,,,SHUN LI 38        9V,994164108,15,0.0,121.866085,24.58381,369.6,0,2024-04-19 10:08:39,2432
3306,,,SHUN LI 38        9V,994164108,15,0.0,121.866093,24.583845,369.6,0,2024-04-19 10:11:38,2285
3063,,,SHUN LI 38        9V,994164108,15,0.0,121.866103,24.58385,369.6,0,2024-04-19 10:15:39,2108
2902,,,SHUN LI 38        9V,994164108,15,0.0,121.866105,24.583828,369.6,0,2024-04-19 10:18:41,1984
2951,,,SHUN LI 38        9V,994164108,15,0.0,121.8661,24.583798,369.6,0,2024-04-19 10:24:42,2006
3066,,,SHUN LI 38        9V,994164108,15,0.0,121.86608,24.583847,369.6,0,2024-04-19 10:29:44,2113
3194,,,SHUN LI 38        9V,994164108,15,0.1,121.86608,24.583805,369.6,0,2024-04-19 10:33:46,2221
3171,,,SHUN LI 38        9V,994164108,15,0.0,121.866058,24.58379,369.6,0,2024-04-19 10:37:48,2190
3105,,,SHUN LI 38        9V,994164108,15,0.0,121.866112,24.58381,369.6,0,2024-04-19 10:41:48,2144
3106,,,SHUN LI 38        9V,994164108,15,0.0,121.86606,24.583828,369.6,0,2024-04-19 10:45:51,2144
3004,,,SHUN LI 38        9V,994164108,15,0.0,121.866042,24.583792,369.6,0,2024-04-19 10:49:53,2101
2880,,,SHUN LI 38        9V,994164108,15,4.6,121.86631,24.583952,31.3,0,2024-04-19 10:53:53,1987
3120,,,SHUN LI 38        9V,994164108,15,0.0,121.868722,24.585368,369.6,0,2024-04-19 10:57:55,2155
3204,,,SHUN LI 38        9V,994164108,15,10.7,121.875492,24.592827,73.3,0,2024-04-19 11:02:56,2202
3031,,,SHUN LI 38        9V,994164108,15,10.0,121.882982,24.590657,142.9,0,2024-04-19 11:05:59,2076
2989,,,SHUN LI 38        9V,994164108,15,10.3,121.886053,24.58288,182.1,0,2024-04-19 11:08:59,2069
3045,,,SHUN LI 38        9V,994164108,15,9.1,121.886015,24.569213,176.9,0,2024-04-19 11:14:03,2098
2913,,,SHUN LI 38        9V,994164108,15,9.7,121.886057,24.559003,177.5,0,2024-04-19 11:18:04,2038
3045,,,SHUN LI 38        9V,994164108,15,9.5,121.886245,24.551162,171.5,0,2024-04-19 11:21:07,2100
3093,,,SHUN LI 38        9V,994164108,15,9.8,121.887033,24.54059,181.1,0,2024-04-19 11:25:09,2113
3099,,,SHUN LI 38        9V,994164108,15,9.2,121.887875,24.529895,177.1,0,2024-04-19 11:29:11,2106
3271,,,SHUN LI 38        9V,994164108,15,10.0,121.88856,24.519117,180.2,0,2024-04-19 11:33:12,2282
3063,,,SHUN LI 38        9V,994164108,15,9.4,121.889638,24.505777,182.6,0,2024-04-19 11:38:13,2125
3178,,,SHUN LI 38        9V,994164108,15,10.2,121.890108,24.495425,177.9,0,2024-04-19 11:42:14,2188
3266,,,SHUN LI 38        9V,994164108,15,9.4,121.890165,24.485082,179.9,0,2024-04-19 11:46:14,2245
3262,,,SHUN LI 38        9V,994164108,15,5.3,121.888202,24.467425,193.6,0,2024-04-19 11:55:17,2261
3003,,,SHUN LI 38        9V,994164108,15,4.8,121.887285,24.462947,189.2,0,2024-04-19 11:58:19,2109
2848,,,SHUN LI 38        9V,994164108,15,5.8,121.884813,24.450482,190.2,0,2024-04-19 12:06:29,1999
2679,,,SHUN LI 38        9V,994164108,15,6.0,121.883247,24.441842,191.9,0,2024-04-19 12:11:39,1866
2914,,,SHUN LI 38        9V,994164108,15,5.6,121.88198,24.435538,192.5,0,2024-04-19 12:15:46,2022
3311,,,SHUN LI 38        9V,994164108,15,6.4,121.87973,24.422798,192.7,0,2024-04-19 12:23:01,2303
3097,,,SHUN LI 38        9V,994164108,15,4.4,121.879985,24.41721,175.8,0,2024-04-19 12:27:13,2176
3092,,,SHUN LI 38        9V,994164108,15,1.3,121.88003,24.40526,238.9,0,2024-04-19 12:36:45,2137
3017,,,SHUN LI 38        9V,994164108,15,0.4,121.87989,24.404863,369.6,0,2024-04-19 12:40:01,2072
3007,,,SHUN LI 38        9V,994164108,15,0.5,121.879703,24.404808,369.6,0,2024-04-19 12:41:05,2054
3195,,,SHUN LI 38        9V,994164108,15,0.5,121.87916,24.404115,369.6,0,2024-04-19 12:48:43,2197
3047,,,SHUN LI 38        9V,994164108,15,0.9,121.879163,24.404015,369.6,0,2024-04-19 12:49:49,2115
3214,,,SHUN LI 38        9V,994164108,15,0.1,121.878728,24.403538,369.6,0,2024-04-19 12:56:26,2228
3033,,,SHUN LI 38        9V,994164108,15,0.0,121.878553,24.403285,369.6,0,2024-04-19 12:59:44,2129
3002,,,SHUN LI 38        9V,994164108,15,0.7,121.878392,24.403193,369.6,0,2024-04-19 13:01:58,2108
2863,,,SHUN LI 38        9V,994164108,15,0.5,121.877848,24.40267,369.6,0,2024-04-19 13:07:36,1998
2957,,,SHUN LI 38        9V,994164108,15,0.3,121.877452,24.401987,369.6,0,2024-04-19 13:15:05,2029
3017,,,SHUN LI 38        9V,994164108,15,0.3,121.877168,24.4018,369.6,0,2024-04-19 13:18:06,2070
3147,,,SHUN LI 38        9V,994164108,15,0.7,121.876623,24.4015,253.7,0,2024-04-19 13:23:08,2178
3003,,,SHUN LI 38        9V,994164108,15,0.1,121.876382,24.401335,369.6,0,2024-04-19 13:26:08,2072
3065,,,SHUN LI 38        9V,994164108,15,0.3,121.875373,24.400537,369.6,0,2024-04-19 13:37:09,2120
2996,,,SHUN LI 38        9V,994164108,15,0.9,121.875162,24.400247,369.6,0,2024-04-19 13:41:12,2070
3203,,,SHUN LI 38        9V,994164108,15,1.1,121.874682,24.400027,284.9,0,2024-04-19 13:45:12,2215
2979,,,SHUN LI 38        9V,994164108,15,0.7,121.874538,24.399958,293.8,0,2024-04-19 13:46:13,2053
2916,,,SHUN LI 38        9V,994164108,15,0.5,121.873757,24.399622,305.8,0,2024-04-19 13:53:16,2006
3033,,,SHUN LI 38        9V,994164108,15,0.8,121.873018,24.39971,291.1,0,2024-04-19 13:57:18,2078
2908,,,SHUN LI 38        9V,994164108,15,0.7,121.872483,24.399855,369.6,0,2024-04-19 14:00:25,1977
2907,,,SHUN LI 38        9V,994164108,15,0.1,121.871317,24.400115,369.6,0,2024-04-19 14:06:48,1994
2921,,,SHUN LI 38        9V,994164108,15,0.2,121.870708,24.400207,369.6,0,2024-04-19 14:09:59,2008
3141,,,SHUN LI 38        9V,994164108,15,1.2,121.870577,24.400228,287.1,0,2024-04-19 14:11:00,2184
3056,,,SHUN LI 38        9V,994164108,15,1.1,121.86927,24.400368,282.4,0,2024-04-19 14:18:18,2129
3145,,,SHUN LI 38        9V,994164108,15,0.9,121.868868,24.40037,369.6,0,2024-04-19 14:20:21,2182
3053,,,SHUN LI 38        9V,994164108,15,1.1,121.867685,24.40038,275.8,0,2024-04-19 14:26:33,2101
3044,,,SHUN LI 38        9V,994164108,15,1.3,121.866727,24.400323,269.6,0,2024-04-19 14:30:37,2109
3062,,,SHUN LI 38        9V,994164108,15,1.7,121.866258,24.40029,283.4,0,2024-04-19 14:33:39,2127
2938,,,SHUN LI 38        9V,994164108,15,1.0,121.86561,24.400233,274.0,0,2024-04-19 14:36:42,2008
3041,,,SHUN LI 38        9V,994164108,15,1.0,121.864987,24.400195,263.8,0,2024-04-19 14:39:45,2108
2941,,,SHUN LI 38        9V,994164108,15,1.6,121.863735,24.400113,290.7,0,2024-04-19 14:45:53,2019
2936,,,SHUN LI 38        9V,994164108,15,0.6,121.863335,24.400105,369.6,0,2024-04-19 14:47:55,2000
3007,,,SHUN LI 38        9V,994164108,15,1.1,121.862607,24.400073,279.1,0,2024-04-19 14:51:58,2049
3007,,,SHUN LI 38        9V,994164108,15,1.3,121.86133,24.400228,294.4,0,2024-04-19 14:59:06,2081
3317,,,SHUN LI 38        9V,994164108,15,0.8,121.86085,24.400287,269.4,0,2024-04-19 15:01:34,2290
3181,,,SHUN LI 38        9V,994164108,15,0.8,121.860068,24.40043,290.1,0,2024-04-19 15:06:37,2184
3090,,,SHUN LI 38        9V,994164108,15,0.5,121.85928,24.400597,283.4,0,2024-04-19 15:11:36,2111
3083,,,SHUN LI 38        9V,994164108,15,1.0,121.859117,24.400613,292.4,0,2024-04-19 15:12:36,2115
2878,,,SHUN LI 38        9V,994164108,15,0.5,121.85855,24.400722,299.1,0,2024-04-19 15:16:38,1967
3219,,,SHUN LI 38        9V,994164108,15,1.0,121.855013,24.401715,272.7,0,2024-04-19 15:40:49,2217
2991,,,SHUN LI 38        9V,994164108,15,0.8,121.854475,24.401862,290.5,0,2024-04-19 15:44:49,2064
3082,,,SHUN LI 38        9V,994164108,15,0.8,121.853668,24.402172,305.2,0,2024-04-19 15:51:54,2133
3053,,,SHUN LI 38        9V,994164108,15,0.2,121.853338,24.402367,369.6,0,2024-04-19 15:56:54,2116
2986,,,SHUN LI 38        9V,994164108,15,0.5,121.853258,24.402452,369.6,0,2024-04-19 15:58:54,2082
3203,,,SHUN LI 38        9V,994164108,15,0.1,121.853062,24.402708,369.6,0,2024-04-19 16:03:58,2247
3063,,,SHUN LI 38        9V,994164108,15,0.5,121.85289,24.402855,325.5,0,2024-04-19 16:08:00,2148
3234,,,SHUN LI 38        9V,994164108,15,0.2,121.852658,24.402993,369.6,0,2024-04-19 16:11:00,2260
3011,,,SHUN LI 38        9V,994164108,15,0.3,121.852492,24.403113,369.6,0,2024-04-19 16:15:00,2100
3041,,,SHUN LI 38        9V,994164108,15,0.7,121.852432,24.403138,286.1,0,2024-04-19 16:17:00,2096
2995,,,SHUN LI 38        9V,994164108,15,4.2,121.851378,24.404737,74.0,0,2024-04-19 16:37:17,2052
2888,,,SHUN LI 38        9V,994164108,15,5.2,121.85718,24.405315,84.9,0,2024-04-19 16:41:17,1974
2934,,,SHUN LI 38        9V,994164108,15,5.1,121.861535,24.40568,84.1,0,2024-04-19 16:44:17,2013
2760,,,SHUN LI 38        9V,994164108,15,2.0,121.867158,24.406173,89.5,0,2024-04-19 16:48:17,1911
2869,,,SHUN LI 38        9V,994164108,15,0.3,121.868063,24.406305,369.6,0,2024-04-19 16:53:19,1989
2874,,,SHUN LI 38        9V,994164108,15,4.8,121.871522,24.40643,89.3,0,2024-04-19 16:56:19,2000
2903,,,SHUN LI 38        9V,994164108,15,3.7,121.877392,24.406603,90.7,0,2024-04-19 17:00:21,2000
2896,,,SHUN LI 38        9V,994164108,15,0.4,121.878577,24.407133,34.3,0,2024-04-19 17:09:24,1972
2766,,,SHUN LI 38        9V,994164108,15,0.5,121.878678,24.407495,36.5,0,2024-04-19 17:13:24,1863
2571,,,SHUN LI 38        9V,994164108,15,0.4,121.878778,24.40774,369.6,0,2024-04-19 17:16:26,1738
2679,,,SHUN LI 38        9V,994164108,15,0.4,121.878805,24.408167,274.9,0,2024-04-19 17:21:27,1818
2620,,,SHUN LI 38        9V,994164108,15,3.8,121.87931,24.408788,80.9,0,2024-04-19 17:29:28,1791
2769,,,SHUN LI 38        9V,994164108,15,4.5,121.881713,24.40628,183.3,0,2024-04-19 17:41:31,1886
2752,,,SHUN LI 38        9V,994164108,15,6.5,121.881728,24.39785,185.9,0,2024-04-19 17:46:31,1878
2675,,,SHUN LI 38        9V,994164108,15,7.5,121.88161,24.390023,183.7,0,2024-04-19 17:50:35,1835
2688,,,SHUN LI 38        9V,994164108,15,7.0,121.881753,24.383908,179.3,0,2024-04-19 17:53:35,1858
2682,,,SHUN LI 38        9V,994164108,15,6.9,121.881792,24.373963,180.9,0,2024-04-19 17:58:38,1826
2769,,,SHUN LI 38        9V,994164108,15,6.8,121.881705,24.368375,186.3,0,2024-04-19 18:01:39,1907
2820,,,SHUN LI 38        9V,994164108,15,7.8,121.881538,24.360217,180.6,0,2024-04-19 18:05:40,1930
2862,,,SHUN LI 38        9V,994164108,15,0.8,121.881412,24.355292,93.0,0,2024-04-19 18:11:43,1989
3079,,,SHUN LI 38        9V,994164108,15,0.5,121.881312,24.354825,197.7,0,2024-04-19 18:15:45,2181
3087,,,SHUN LI 38        9V,994164108,15,1.5,121.881225,24.354503,216.6,0,2024-04-19 18:18:45,2171
3104,,,SHUN LI 38        9V,994164108,15,0.9,121.881133,24.354248,238.7,0,2024-04-19 18:21:45,2212
2968,,,SHUN LI 38        9V,994164108,15,0.4,121.88083,24.353698,369.6,0,2024-04-19 18:26:54,2106
3043,,,SHUN LI 38        9V,994164108,15,0.7,121.880538,24.353402,369.6,0,2024-04-19 18:31:02,2150
2837,,,SHUN LI 38        9V,994164108,15,1.3,121.880217,24.353197,251.0,0,2024-04-19 18:35:11,1965
2744,,,SHUN LI 38        9V,994164108,15,0.1,121.87987,24.35299,369.6,0,2024-04-19 18:39:17,1899
2850,,,SHUN LI 38        9V,994164108,15,0.8,121.879557,24.352688,347.0,0,2024-04-19 18:43:21,1968
2758,,,SHUN LI 38        9V,994164108,15,0.2,121.879303,24.352578,369.6,0,2024-04-19 18:46:27,1917
2743,,,SHUN LI 38        9V,994164108,15,1.4,121.878572,24.352082,196.1,0,2024-04-19 18:56:42,1913
2784,,,SHUN LI 38        9V,994164108,15,0.6,121.87837,24.351983,369.6,0,2024-04-19 18:58:44,1936
2689,,,SHUN LI 38        9V,994164108,15,1.0,121.877993,24.351805,135.1,0,2024-04-19 19:03:56,1873
2787,,,SHUN LI 38        9V,994164108,15,0.9,121.877675,24.35165,369.6,0,2024-04-19 19:08:01,1932
2778,,,SHUN LI 38        9V,994164108,15,0.3,121.87733,24.351578,369.6,0,2024-04-19 19:12:09,1926
2810,,,SHUN LI 38        9V,994164108,15,0.2,121.877043,24.351457,369.6,0,2024-04-19 19:16:26,1965
2737,,,SHUN LI 38        9V,994164108,15,1.2,121.876752,24.351403,284.9,0,2024-04-19 19:19:41,1908
2813,,,SHUN LI 38        9V,994164108,15,0.6,121.876512,24.35133,369.6,0,2024-04-19 19:23:05,1953
2826,,,SHUN LI 38        9V,994164108,15,0.8,121.876182,24.351358,335.5,0,2024-04-19 19:27:07,1967
2811,,,SHUN LI 38        9V,994164108,15,1.4,121.87582,24.351393,303.3,0,2024-04-19 19:31:08,1940
2680,,,SHUN LI 38        9V,994164108,15,0.5,121.875488,24.351435,369.6,0,2024-04-19 19:35:11,1859
2727,,,SHUN LI 38        9V,994164108,15,0.5,121.874985,24.351542,369.6,0,2024-04-19 19:41:13,1883
2811,,,SHUN LI 38        9V,994164108,15,1.3,121.874647,24.351658,272.9,0,2024-04-19 19:45:14,1932
2759,,,SHUN LI 38        9V,994164108,15,0.1,121.87434,24.351823,369.6,0,2024-04-19 19:49:14,1918
2835,,,SHUN LI 38        9V,994164108,15,0.5,121.874033,24.351987,369.6,0,2024-04-19 19:53:16,1959
2778,,,SHUN LI 38        9V,994164108,15,1.0,121.873832,24.35212,327.6,0,2024-04-19 19:56:17,1926
2684,,,SHUN LI 38        9V,994164108,15,1.3,121.87354,24.352445,358.3,0,2024-04-19 20:00:17,1863
2536,,,SHUN LI 38        9V,994164108,15,0.9,121.87339,24.353425,337.6,0,2024-04-19 20:05:22,1783
2636,,,SHUN LI 38        9V,994164108,15,1.8,121.873375,24.353652,35.6,0,2024-04-19 20:06:21,1853
2665,,,SHUN LI 38        9V,994164108,15,1.7,121.873302,24.35124,121.4,0,2024-04-19 20:12:33,1850
2707,,,SHUN LI 38        9V,994164108,15,2.0,121.87327,24.34845,194.8,0,2024-04-19 20:17:39,1865
2836,,,SHUN LI 38        9V,994164108,15,3.2,121.872585,24.346332,192.7,0,2024-04-19 20:21:43,1964
2661,,,SHUN LI 38        9V,994164108,15,3.2,121.871315,24.343163,190.7,0,2024-04-19 20:25:47,1857
2798,,,SHUN LI 38        9V,994164108,15,1.0,121.870727,24.341375,369.6,0,2024-04-19 20:29:49,1952
2633,,,SHUN LI 38        9V,994164108,15,2.3,121.869928,24.339558,183.7,0,2024-04-19 20:33:53,1832
2853,,,SHUN LI 38        9V,994164108,15,1.1,121.8697,24.337798,180.3,0,2024-04-19 20:37:56,2007
2885,,,SHUN LI 38        9V,994164108,15,0.6,121.869927,24.337445,342.3,0,2024-04-19 20:41:00,2033
2755,,,SHUN LI 38        9V,994164108,15,11.5,121.884227,24.33822,81.8,0,2024-04-19 20:46:06,1942
2862,,,SHUN LI 38        9V,994164108,15,9.8,121.890508,24.336922,179.1,0,2024-04-19 20:48:07,2012
3013,,,SHUN LI 38        9V,994164108,15,7.1,121.891987,24.338075,356.1,0,2024-04-19 20:51:09,2143
2912,,,SHUN LI 38        9V,994164108,15,7.9,121.890753,24.360397,5.8,0,2024-04-19 21:01:14,2070
2843,,,SHUN LI 38        9V,994164108,15,7.7,121.892107,24.380723,3.5,0,2024-04-19 21:10:27,2024
2753,,,SHUN LI 38        9V,994164108,15,1.3,121.89209,24.393203,341.0,0,2024-04-19 21:17:33,1953
2819,,,SHUN LI 38        9V,994164108,15,0.3,121.89204,24.393867,369.6,0,2024-04-19 21:23:39,2001
2538,,,SHUN LI 38        9V,994164108,15,1.9,121.892072,24.394177,355.4,0,2024-04-19 21:27:41,1788
2690,,,SHUN LI 38        9V,994164108,15,0.5,121.892123,24.394412,369.6,0,2024-04-19 21:30:41,1897
2687,,,SHUN LI 38        9V,994164108,15,0.6,121.892117,24.394863,369.6,0,2024-04-19 21:35:49,1918
3079,,,SHUN LI 38        9V,994164108,15,2.5,121.892257,24.39505,326.3,0,2024-04-19 21:39:53,2210
2984,,,SHUN LI 38        9V,994164108,15,1.1,121.892162,24.39552,369.6,0,2024-04-19 21:43:05,2152
3127,,,SHUN LI 38        9V,994164108,15,0.2,121.892178,24.395905,369.6,0,2024-04-19 21:47:14,2244
2975,,,SHUN LI 38        9V,994164108,15,0.5,121.892205,24.396187,369.6,0,2024-04-19 21:50:27,2128
2853,,,SHUN LI 38        9V,994164108,15,1.2,121.89222,24.396593,369.6,0,2024-04-19 21:54:32,2036
2776,,,SHUN LI 38        9V,994164108,15,1.2,121.892232,24.396852,369.6,0,2024-04-19 21:57:35,2000
2950,,,SHUN LI 38        9V,994164108,15,0.6,121.892175,24.397227,369.6,0,2024-04-19 22:03:05,2105
3029,,,SHUN LI 38        9V,994164108,15,1.3,121.892205,24.39759,357.9,0,2024-04-19 22:07:09,2182
2972,,,SHUN LI 38        9V,994164108,15,1.1,121.892222,24.3979,7.1,0,2024-04-19 22:11:12,2116
2930,,,SHUN LI 38        9V,994164108,15,2.2,121.892273,24.398297,358.7,0,2024-04-19 22:16:17,2093
3029,,,SHUN LI 38        9V,994164108,15,0.4,121.892365,24.398612,369.6,0,2024-04-19 22:20:20,2138
2928,,,SHUN LI 38        9V,994164108,15,0.8,121.892408,24.398913,26.4,0,2024-04-19 22:24:23,2096
2852,,,SHUN LI 38        9V,994164108,15,0.4,121.892547,24.399187,369.6,0,2024-04-19 22:28:26,2043
2954,,,SHUN LI 38        9V,994164108,15,0.3,121.892645,24.3994,369.6,0,2024-04-19 22:31:29,2093
3010,,,SHUN LI 38        9V,994164108,15,0.5,121.892797,24.399815,286.1,0,2024-04-19 22:36:26,2133
2875,,,SHUN LI 38        9V,994164108,15,0.6,121.89299,24.400093,75.9,0,2024-04-19 22:40:42,2046
3037,,,SHUN LI 38        9V,994164108,15,0.6,121.89317,24.400235,127.3,0,2024-04-19 22:43:44,2177
2880,,,SHUN LI 38        9V,994164108,15,1.3,121.893527,24.400143,137.7,0,2024-04-19 22:48:42,2045
3005,,,SHUN LI 38        9V,994164108,15,1.6,121.893572,24.400045,6.6,0,2024-04-19 22:51:42,2136
3014,,,SHUN LI 38        9V,994164108,15,6.0,121.892925,24.404243,15.4,0,2024-04-19 22:57:46,2143
2989,,,SHUN LI 38        9V,994164108,15,1.3,121.89307,24.404712,0.1,0,2024-04-19 22:58:46,2128
3018,,,SHUN LI 38        9V,994164108,15,12.4,121.885028,24.403547,270.8,0,2024-04-19 23:04:49,2141
3010,,,SHUN LI 38        9V,994164108,15,4.5,121.882093,24.393807,171.0,0,2024-04-19 23:08:47,2133
2888,,,SHUN LI 38        9V,994164108,15,5.3,121.882948,24.389543,181.1,0,2024-04-19 23:11:47,2051
3020,,,SHUN LI 38        9V,994164108,15,6.2,121.884393,24.380712,182.3,0,2024-04-19 23:16:47,2156
2958,,,SHUN LI 38        9V,994164108,15,5.9,121.884127,24.372763,182.7,0,2024-04-19 23:21:47,2143
2891,,,SHUN LI 38        9V,994164108,15,6.4,121.884022,24.36601,179.0,0,2024-04-19 23:25:47,2079
3022,,,SHUN LI 38        9V,994164108,15,0.9,121.884542,24.352758,50.6,0,2024-04-19 23:41:49,2160
2872,,,SHUN LI 38        9V,994164108,15,1.1,121.884545,24.352877,57.0,0,2024-04-19 23:42:48,2056
2737,,,SHUN LI 38        9V,994164108,15,1.0,121.884677,24.353567,93.8,0,2024-04-19 23:50:52,1968
3074,,,SHUN LI 38        9V,994164108,15,0.5,121.88476,24.353798,351.7,0,2024-04-19 23:53:52,2172
2751,,,SHUN LI 38        9V,994164108,15,1.3,121.884913,24.354125,22.3,0,2024-04-19 23:58:52,1957
2921,,,SHUN LI 38        9V,994164108,15,0.5,121.885035,24.35443,51.2,0,2024-04-20 00:02:53,2073
2868,,,SHUN LI 38        9V,994164108,15,0.9,121.8852,24.354737,296.7,0,2024-04-20 00:06:54,2021
2780,,,SHUN LI 38        9V,994164108,15,0.3,121.885293,24.354895,369.6,0,2024-04-20 00:08:55,1969
2869,,,SHUN LI 38        9V,994164108,15,0.4,121.88547,24.355345,271.8,0,2024-04-20 00:13:56,2038
2730,,,SHUN LI 38        9V,994164108,15,0.9,121.885638,24.355783,168.5,0,2024-04-20 00:18:55,1918
2665,,,SHUN LI 38        9V,994164108,15,0.6,121.885773,24.356033,7.9,0,2024-04-20 00:21:57,1887
2594,,,SHUN LI 38        9V,994164108,15,0.4,121.885957,24.356532,15.5,0,2024-04-20 00:27:57,1834
2831,,,SHUN LI 38        9V,994164108,15,0.3,121.886003,24.356695,369.6,0,2024-04-20 00:29:56,2026
2727,,,SHUN LI 38        9V,994164108,15,1.6,121.886215,24.35717,339.3,0,2024-04-20 00:35:57,1954
2733,,,SHUN LI 38        9V,994164108,15,0.5,121.886273,24.35731,76.1,0,2024-04-20 00:37:56,1967
2816,,,SHUN LI 38        9V,994164108,15,1.0,121.886445,24.357707,30.3,0,2024-04-20 00:42:59,2003
2630,,,SHUN LI 38        9V,994164108,15,0.3,121.886632,24.358067,369.6,0,2024-04-20 00:47:59,1850
2622,,,SHUN LI 38        9V,994164108,15,1.3,121.88676,24.358382,44.4,0,2024-04-20 00:51:58,1859
2889,,,SHUN LI 38        9V,994164108,15,1.5,121.886887,24.358673,19.6,0,2024-04-20 00:54:58,2059
2804,,,SHUN LI 38        9V,994164108,15,0.3,121.886932,24.358775,369.6,0,2024-04-20 00:58:59,2025
2827,,,SHUN LI 38        9V,994164108,15,0.3,121.886928,24.358627,369.6,0,2024-04-20 01:03:59,2020
3003,,,SHUN LI 38        9V,994164108,15,1.2,121.888562,24.366735,37.4,0,2024-04-20 01:19:14,2146
2801,,,SHUN LI 38        9V,994164108,15,3.2,121.887897,24.368425,349.2,0,2024-04-20 01:22:14,1993
2667,,,SHUN LI 38        9V,994164108,15,2.3,121.888513,24.371078,339.1,0,2024-04-20 01:27:15,1898
2936,,,SHUN LI 38        9V,994164108,15,2.1,121.888993,24.373197,30.8,0,2024-04-20 01:32:18,2098
3086,,,SHUN LI 38        9V,994164108,15,1.6,121.889527,24.374517,67.5,0,2024-04-20 01:35:21,2216
2969,,,SHUN LI 38        9V,994164108,15,3.9,121.8893,24.375587,8.4,0,2024-04-20 01:37:21,2138
2871,,,SHUN LI 38        9V,994164108,15,1.3,121.89055,24.380217,17.3,0,2024-04-20 01:44:23,2085
2831,,,SHUN LI 38        9V,994164108,15,1.6,121.890785,24.380468,77.8,0,2024-04-20 01:45:22,2059
3091,,,SHUN LI 38        9V,994164108,15,3.2,121.890808,24.38305,0.3,0,2024-04-20 01:49:24,2223
2888,,,SHUN LI 38        9V,994164108,15,3.0,121.89156,24.386913,43.0,0,2024-04-20 01:54:26,2097
3072,,,SHUN LI 38        9V,994164108,15,3.8,121.891998,24.388873,352.0,0,2024-04-20 02:01:04,2211
3041,,,SHUN LI 38        9V,994164108,15,1.6,121.89218,24.392295,20.3,0,2024-04-20 02:05:06,2196
2991,,,SHUN LI 38        9V,994164108,15,1.4,121.892622,24.39427,72.1,0,2024-04-20 02:09:07,2154
3091,,,SHUN LI 38        9V,994164108,15,1.7,121.89282,24.395552,241.9,0,2024-04-20 02:12:09,2237
3059,,,SHUN LI 38        9V,994164108,15,3.2,121.89264,24.39841,8.4,0,2024-04-20 02:17:12,2192
3088,,,SHUN LI 38        9V,994164108,15,4.0,121.892975,24.401693,7.8,0,2024-04-20 02:21:13,2228
2948,,,SHUN LI 38        9V,994164108,15,3.6,121.893365,24.403487,12.6,0,2024-04-20 02:25:14,2143
3016,,,SHUN LI 38        9V,994164108,15,4.3,121.89441,24.406467,32.7,0,2024-04-20 02:29:17,2182
2925,,,SHUN LI 38        9V,994164108,15,2.4,121.89497,24.408272,356.8,0,2024-04-20 02:32:21,2122
3020,,,SHUN LI 38        9V,994164108,15,9.9,121.894822,24.405917,188.7,0,2024-04-20 02:36:23,2169
3013,,,SHUN LI 38        9V,994164108,15,8.1,121.89296,24.394262,188.6,0,2024-04-20 02:40:27,2170
3024,,,SHUN LI 38        9V,994164108,15,7.6,121.892693,24.392087,188.7,0,2024-04-20 02:41:27,2191
2826,,,SHUN LI 38        9V,994164108,15,5.9,121.892468,24.377758,178.2,0,2024-04-20 02:49:56,2044
2952,,,SHUN LI 38        9V,994164108,15,6.3,121.89234,24.374243,183.1,0,2024-04-20 02:51:57,2136
3100,,,SHUN LI 38        9V,994164108,15,7.0,121.892922,24.363007,177.6,0,2024-04-20 02:58:25,2263
3038,,,SHUN LI 38        9V,994164108,15,6.5,121.893428,24.354903,188.5,0,2024-04-20 03:02:35,2209
2944,,,SHUN LI 38        9V,994164108,15,6.9,121.893182,24.348937,183.3,0,2024-04-20 03:05:39,2149
3207,,,SHUN LI 38        9V,994164108,15,0.6,121.89359,24.343912,369.6,0,2024-04-20 03:10:44,2307
3054,,,SHUN LI 38        9V,994164108,15,2.3,121.893852,24.344157,250.8,0,2024-04-20 03:13:46,2231
3202,,,SHUN LI 38        9V,994164108,15,0.3,121.894227,24.34474,369.6,0,2024-04-20 03:22:56,2300
3317,,,SHUN LI 38        9V,994164108,15,0.1,121.894267,24.34477,369.6,0,2024-04-20 03:23:57,2383
3069,,,SHUN LI 38        9V,994164108,15,0.4,121.894365,24.344978,369.6,0,2024-04-20 03:29:02,2211
3082,,,SHUN LI 38        9V,994164108,15,1.2,121.894558,24.345185,318.1,0,2024-04-20 03:34:07,2264
3119,,,SHUN LI 38        9V,994164108,15,0.9,121.894798,24.345315,369.6,0,2024-04-20 03:39:12,2291
3077,,,SHUN LI 38        9V,994164108,15,0.9,121.89491,24.345453,9.8,0,2024-04-20 03:42:14,2236
3036,,,SHUN LI 38        9V,994164108,15,0.3,121.89512,24.345578,369.6,0,2024-04-20 03:46:17,2221
3056,,,SHUN LI 38        9V,994164108,15,0.3,121.895312,24.345737,369.6,0,2024-04-20 03:50:21,2219
2903,,,SHUN LI 38        9V,994164108,15,2.3,121.895407,24.345792,338.9,0,2024-04-20 03:52:23,2103
3074,,,SHUN LI 38        9V,994164108,15,1.9,121.895738,24.345978,205.0,0,2024-04-20 03:58:29,2217
2993,,,SHUN LI 38        9V,994164108,15,1.4,121.895968,24.346093,96.0,0,2024-04-20 04:03:02,2164
3103,,,SHUN LI 38        9V,994164108,15,0.2,121.896188,24.346155,369.6,0,2024-04-20 04:07:05,2281
3055,,,SHUN LI 38        9V,994164108,15,0.4,121.896405,24.346247,234.0,0,2024-04-20 04:11:05,2242
3080,,,SHUN LI 38        9V,994164108,15,0.4,121.896548,24.346265,52.9,0,2024-04-20 04:14:07,2246
3320,,,SHUN LI 38        9V,994164108,15,1.0,121.89682,24.346345,338.2,0,2024-04-20 04:19:05,2434
2948,,,SHUN LI 38        9V,994164108,15,0.3,121.897013,24.34642,369.6,0,2024-04-20 04:23:06,2178
3046,,,SHUN LI 38        9V,994164108,15,0.4,121.89725,24.34653,369.6,0,2024-04-20 04:28:07,2261
3100,,,SHUN LI 38        9V,994164108,15,1.2,121.897472,24.346592,38.7,0,2024-04-20 04:32:08,2296
3272,,,SHUN LI 38        9V,994164108,15,0.7,121.897595,24.34663,66.0,0,2024-04-20 04:35:08,2422
3053,,,SHUN LI 38        9V,994164108,15,0.6,121.897773,24.346725,202.7,0,2024-04-20 04:39:08,2276
3023,,,SHUN LI 38        9V,994164108,15,0.6,121.897918,24.346785,369.6,0,2024-04-20 04:43:12,2259
3092,,,SHUN LI 38        9V,994164108,15,0.2,121.898107,24.346928,369.6,0,2024-04-20 04:48:11,2291
3161,,,SHUN LI 38        9V,994164108,15,0.7,121.898133,24.346977,309.0,0,2024-04-20 04:49:09,2336
3195,,,SHUN LI 38        9V,994164108,15,0.9,121.898065,24.34772,234.1,0,2024-04-20 04:56:25,2384
3311,,,SHUN LI 38        9V,994164108,15,1.6,121.897993,24.348232,11.6,0,2024-04-20 05:00:26,2458
2914,,,SHUN LI 38        9V,994164108,15,0.5,121.898048,24.348697,344.1,0,2024-04-20 05:03:26,2141
2505,,,SHUN LI 38        9V,994164108,15,3.6,121.899712,24.33944,187.6,0,2024-04-20 05:19:29,1811
2729,,,SHUN LI 38        9V,994164108,15,1.4,121.900428,24.33637,116.0,0,2024-04-20 05:25:27,1961
2567,,,SHUN LI 38        9V,994164108,15,3.6,121.900843,24.335218,166.7,0,2024-04-20 05:29:28,1830
2967,,,SHUN LI 38        9V,994164108,15,2.3,121.90164,24.331698,131.9,0,2024-04-20 05:33:30,2174
3311,,,SHUN LI 38        9V,994164108,15,3.1,121.902558,24.32945,199.3,0,2024-04-20 05:36:32,2429
3182,,,SHUN LI 38        9V,994164108,15,2.5,121.903747,24.325662,139.7,0,2024-04-20 05:41:33,2363
3290,,,SHUN LI 38        9V,994164108,15,8.0,121.904605,24.32527,345.4,0,2024-04-20 05:45:34,2449
2560,,,SHUN LI 38        9V,994164108,15,10.8,121.904808,24.363163,350.3,0,2024-04-20 05:57:36,1874
2575,,,SHUN LI 38        9V,994164108,15,11.2,121.904933,24.378733,358.9,0,2024-04-20 06:02:36,1873
2711,,,SHUN LI 38        9V,994164108,15,10.5,121.905103,24.388093,2.8,0,2024-04-20 06:05:35,1990
3125,,,SHUN LI 38        9V,994164108,15,12.0,121.905337,24.40377,2.2,0,2024-04-20 06:10:37,2286
3230,,,SHUN LI 38        9V,994164108,15,10.7,121.905458,24.413155,354.0,0,2024-04-20 06:13:36,2404
3253,,,SHUN LI 38        9V,994164108,15,11.7,121.905615,24.422617,357.5,0,2024-04-20 06:16:38,2408
3332,,,SHUN LI 38        9V,994164108,15,11.6,121.905845,24.435237,1.9,0,2024-04-20 06:20:38,2458
3225,,,SHUN LI 38        9V,994164108,15,11.4,121.906513,24.4545,357.8,0,2024-04-20 06:26:40,2377
3174,,,SHUN LI 38        9V,994164108,15,12.1,121.906882,24.464262,7.0,0,2024-04-20 06:29:41,2356
2853,,,SHUN LI 38        9V,994164108,15,11.5,121.90735,24.480528,359.9,0,2024-04-20 06:34:42,2100
2753,,,SHUN LI 38        9V,994164108,15,12.5,121.907612,24.497097,3.3,0,2024-04-20 06:39:43,2013
2844,,,SHUN LI 38        9V,994164108,15,11.8,121.907663,24.500345,358.0,0,2024-04-20 06:40:43,2075
2973,,,SHUN LI 38        9V,994164108,15,11.7,121.904982,24.523453,349.3,0,2024-04-20 06:47:44,2208
3288,,,SHUN LI 38        9V,994164108,15,11.9,121.903398,24.533373,345.6,0,2024-04-20 06:50:47,2416
3243,,,SHUN LI 38        9V,994164108,15,12.6,121.900063,24.549682,348.5,0,2024-04-20 06:55:49,2384
3418,,,SHUN LI 38        9V,994164108,15,12.1,121.897315,24.559225,342.2,0,2024-04-20 06:58:52,2516
3359,,,SHUN LI 38        9V,994164108,15,10.5,121.891067,24.574078,335.0,0,2024-04-20 07:03:55,2469
3330,,,SHUN LI 38        9V,994164108,15,10.9,121.886042,24.585502,351.5,0,2024-04-20 07:07:57,2478
3385,,,SHUN LI 38        9V,994164108,15,10.6,121.88171,24.59359,301.8,0,2024-04-20 07:11:00,2460
3247,,,SHUN LI 38        9V,994164108,15,10.7,121.869752,24.590448,205.8,0,2024-04-20 07:15:02,2335
3052,,,SHUN LI 38        9V,994164108,15,0.0,121.868908,24.585375,369.6,0,2024-04-20 07:20:03,2233
3375,,,SHUN LI 38        9V,994164108,15,0.5,121.869185,24.585338,369.6,0,2024-04-20 07:23:04,2470
3294,,,SHUN LI 38        9V,994164108,15,0.1,121.869345,24.588278,369.6,0,2024-04-20 07:28:06,2423
3313,,,SHUN LI 38        9V,994164108,15,0.0,121.869377,24.588238,369.6,0,2024-04-20 07:32:07,2442
3332,,,SHUN LI 38        9V,994164108,15,0.3,121.869407,24.588217,369.6,0,2024-04-20 07:36:08,2439
3329,,,SHUN LI 38        9V,994164108,15,0.0,121.869382,24.588348,369.6,0,2024-04-20 07:40:09,2437
3235,,,SHUN LI 38        9V,994164108,15,0.0,121.869407,24.588285,369.6,0,2024-04-20 07:44:11,2363
3190,,,SHUN LI 38        9V,994164108,15,0.5,121.86938,24.588252,369.6,0,2024-04-20 07:49:15,2321
3224,,,SHUN LI 38        9V,994164108,15,0.6,121.869525,24.58825,369.6,0,2024-04-20 07:51:17,2335
2929,,,SHUN LI 38        9V,994164108,15,0.1,121.869442,24.58833,369.6,0,2024-04-20 07:56:23,2112
2863,,,SHUN LI 38        9V,994164108,15,0.0,121.869427,24.588382,129.6,0,2024-04-20 08:01:03,2050
2717,,,SHUN LI 38        9V,994164108,15,0.0,121.869437,24.58838,129.6,0,2024-04-20 08:04:03,1945
3124,,,SHUN LI 38        9V,994164108,15,0.0,121.869405,24.588355,129.6,0,2024-04-20 08:09:02,2243
3297,,,SHUN LI 38        9V,994164108,15,6.1,121.868535,24.585177,254.7,0,2024-04-20 08:13:02,2383
3252,,,SHUN LI 38        9V,994164108,15,0.1,121.86584,24.584397,129.6,0,2024-04-20 08:17:07,2360
3280,,,SHUN LI 38        9V,994164108,15,0.0,121.86603,24.584292,129.6,0,2024-04-20 08:20:09,2377
3286,,,SHUN LI 38        9V,994164108,15,0.1,121.865908,24.584303,129.6,0,2024-04-20 08:25:11,2373
3321,,,SHUN LI 38        9V,994164108,15,0.0,121.865843,24.58422,129.6,0,2024-04-20 08:29:12,2394
3345,,,SHUN LI 38        9V,994164108,15,0.0,121.865838,24.584435,129.6,0,2024-04-20 08:34:13,2415
3248,,,SHUN LI 38        9V,994164108,15,0.0,121.865927,24.584292,129.6,0,2024-04-20 08:36:13,2349
3285,,,SHUN LI 38        9V,994164108,15,0.0,121.865615,24.58459,129.6,0,2024-04-20 08:46:17,2357
3179,,,SHUN LI 38        9V,994164108,15,0.0,121.865778,24.584428,129.6,0,2024-04-20 08:50:19,2293
3321,,,SHUN LI 38        9V,994164108,15,0.0,121.865907,24.584398,129.6,0,2024-04-20 08:53:20,2373
3154,,,SHUN LI 38        9V,994164108,15,0.0,121.865873,24.584342,129.6,0,2024-04-20 08:58:21,2269
3185,,,SHUN LI 38        9V,994164108,15,0.0,121.865768,24.584608,129.6,0,2024-04-20 09:01:23,2306
3302,,,SHUN LI 38        9V,994164108,15,0.1,121.865945,24.58431,129.6,0,2024-04-20 09:06:26,2376
3448,,,SHUN LI 38        9V,994164108,15,0.3,121.866157,24.583918,129.6,0,2024-04-20 09:11:29,2465
3504,,,SHUN LI 38        9V,994164108,15,0.4,121.865928,24.58426,129.6,0,2024-04-20 09:14:29,2513
3384,,,SHUN LI 38        9V,994164108,15,0.7,121.86591,24.584375,142.8,0,2024-04-20 09:19:33,2432
3288,,,SHUN LI 38        9V,994164108,15,0.1,121.86593,24.584218,129.6,0,2024-04-20 09:23:36,2371
3215,,,SHUN LI 38        9V,994164108,15,0.2,121.865982,24.584162,129.6,0,2024-04-20 09:27:43,2304
3374,,,SHUN LI 38        9V,994164108,15,0.3,121.865922,24.58428,129.6,0,2024-04-20 09:31:43,2411
3287,,,SHUN LI 38        9V,994164108,15,0.2,121.865882,24.584308,129.6,0,2024-04-20 09:34:44,2340
3162,,,SHUN LI 38        9V,994164108,15,0.5,121.865912,24.584063,172.9,0,2024-04-20 09:38:45,2265
3226,,,SHUN LI 38        9V,994164108,15,0.0,121.86586,24.584333,129.6,0,2024-04-20 09:43:48,2317
3501,,,SHUN LI 38        9V,994164108,15,0.3,121.865893,24.58421,129.6,0,2024-04-20 09:47:52,2500
3450,,,SHUN LI 38        9V,994164108,15,0.2,121.865948,24.584203,129.6,0,2024-04-20 09:50:53,2480
3453,,,SHUN LI 38        9V,994164108,15,0.2,121.865922,24.584293,129.6,0,2024-04-20 09:53:56,2484
3236,,,SHUN LI 38        9V,994164108,15,0.4,121.865918,24.58431,129.6,0,2024-04-20 09:56:57,2327
3418,,,SHUN LI 38        9V,994164108,15,0.4,121.865302,24.584998,129.6,0,2024-04-20 10:04:18,2451
3413,,,SHUN LI 38        9V,994164108,15,0.0,121.865887,24.58425,129.6,0,2024-04-20 10:05:34,2446
3284,,,SHUN LI 38        9V,994164108,15,0.9,121.865932,24.584295,243.3,0,2024-04-20 10:12:32,2338
3355,,,SHUN LI 38        9V,994164108,15,8.0,121.867598,24.584505,71.3,0,2024-04-20 10:16:31,2374
3411,,,SHUN LI 38        9V,994164108,15,0.1,121.86891,24.585557,129.6,0,2024-04-20 10:20:33,2410
3241,,,SHUN LI 38        9V,994164108,15,7.8,121.870237,24.591125,54.9,0,2024-04-20 10:24:31,2312
3445,,,SHUN LI 38        9V,994164108,15,9.9,121.88276,24.5911,158.5,0,2024-04-20 10:29:31,2466
3559,,,SHUN LI 38        9V,994164108,15,10.7,121.88533,24.583103,161.0,0,2024-04-20 10:32:31,2537
3332,,,SHUN LI 38        9V,994164108,15,10.2,121.888758,24.569068,171.3,0,2024-04-20 10:37:33,2368
3265,,,SHUN LI 38        9V,994164108,15,9.2,121.890188,24.557778,176.5,0,2024-04-20 10:41:35,2305
3229,,,SHUN LI 38        9V,994164108,15,9.8,121.890537,24.549915,177.7,0,2024-04-20 10:44:37,2329
3263,,,SHUN LI 38        9V,994164108,15,9.7,121.890468,24.536935,183.7,0,2024-04-20 10:49:36,2317
3367,,,SHUN LI 38        9V,994164108,15,9.3,121.890085,24.526457,179.6,0,2024-04-20 10:53:37,2381
3202,,,SHUN LI 38        9V,994164108,15,8.8,121.889663,24.516378,183.8,0,2024-04-20 10:57:37,2275
3284,,,SHUN LI 38        9V,994164108,15,8.7,121.88986,24.506797,178.8,0,2024-04-20 11:01:39,2315
3370,,,SHUN LI 38        9V,994164108,15,8.3,121.890175,24.499857,175.8,0,2024-04-20 11:04:36,2381
3338,,,SHUN LI 38        9V,994164108,15,9.4,121.891207,24.487077,171.3,0,2024-04-20 11:09:53,2350
3421,,,SHUN LI 38        9V,994164108,15,3.8,121.891895,24.478953,196.2,0,2024-04-20 11:14:53,2417
3435,,,SHUN LI 38        9V,994164108,15,4.0,121.890992,24.474678,195.2,0,2024-04-20 11:18:52,2416
3376,,,SHUN LI 38        9V,994164108,15,4.0,121.890002,24.470295,188.8,0,2024-04-20 11:22:53,2367
3226,,,SHUN LI 38        9V,994164108,15,3.8,121.888947,24.465952,188.7,0,2024-04-20 11:26:52,2267
3386,,,SHUN LI 38        9V,994164108,15,4.2,121.888045,24.462612,192.2,0,2024-04-20 11:29:53,2412
3300,,,SHUN LI 38        9V,994164108,15,4.0,121.88708,24.45916,194.5,0,2024-04-20 11:32:54,2383
3303,,,SHUN LI 38        9V,994164108,15,4.6,121.887012,24.451982,183.5,0,2024-04-20 11:38:54,2355
3348,,,SHUN LI 38        9V,994164108,15,4.0,121.886918,24.447135,181.8,0,2024-04-20 11:42:52,2394
3451,,,SHUN LI 38        9V,994164108,15,4.4,121.886785,24.443512,194.0,0,2024-04-20 11:45:53,2461
3305,,,SHUN LI 38        9V,994164108,15,4.0,121.886488,24.436477,181.6,0,2024-04-20 11:51:53,2333
3224,,,SHUN LI 38        9V,994164108,15,4.5,121.886157,24.431705,184.1,0,2024-04-20 11:55:53,2275
3144,,,SHUN LI 38        9V,994164108,15,3.9,121.886315,24.42695,175.2,0,2024-04-20 11:59:53,2224
3265,,,SHUN LI 38        9V,994164108,15,4.3,121.886672,24.422258,182.3,0,2024-04-20 12:03:53,2294
3226,,,SHUN LI 38        9V,994164108,15,3.9,121.886767,24.419818,180.3,0,2024-04-20 12:05:55,2269
3380,,,SHUN LI 38        9V,994164108,15,4.0,121.887178,24.412725,166.6,0,2024-04-20 12:11:56,2369
3114,,,SHUN LI 38        9V,994164108,15,4.1,121.887343,24.409225,174.8,0,2024-04-20 12:14:56,2162
3217,,,SHUN LI 38        9V,994164108,15,4.1,121.886573,24.403377,184.3,0,2024-04-20 12:19:54,2241
3147,,,SHUN LI 38        9V,994164108,15,0.6,121.886565,24.399575,141.2,0,2024-04-20 12:23:53,2186
3056,,,SHUN LI 38        9V,994164108,15,0.3,121.886777,24.40001,129.6,0,2024-04-20 12:26:53,2151
3116,,,SHUN LI 38        9V,994164108,15,0.4,121.886978,24.401168,351.6,0,2024-04-20 12:31:52,2175
3016,,,SHUN LI 38        9V,994164108,15,0.3,121.887128,24.402,129.6,0,2024-04-20 12:35:52,2102
3180,,,SHUN LI 38        9V,994164108,15,0.2,121.887183,24.402777,129.6,0,2024-04-20 12:39:52,2208
3228,,,SHUN LI 38        9V,994164108,15,1.1,121.88734,24.403733,3.8,0,2024-04-20 12:44:52,2237
3215,,,SHUN LI 38        9V,994164108,15,0.9,121.887425,24.404318,351.4,0,2024-04-20 12:47:51,2229
3117,,,SHUN LI 38        9V,994164108,15,0.6,121.887483,24.40528,358.9,0,2024-04-20 12:52:53,2188
3192,,,SHUN LI 38        9V,994164108,15,0.7,121.887547,24.40608,9.6,0,2024-04-20 12:56:52,2240
3068,,,SHUN LI 38        9V,994164108,15,0.3,121.887613,24.406807,129.6,0,2024-04-20 13:00:52,2159
3171,,,SHUN LI 38        9V,994164108,15,1.0,121.887727,24.407542,358.6,0,2024-04-20 13:04:52,2231
3168,,,SHUN LI 38        9V,994164108,15,0.6,121.887773,24.407952,23.7,0,2024-04-20 13:06:52,2230
3081,,,SHUN LI 38        9V,994164108,15,0.6,121.887883,24.408728,45.3,0,2024-04-20 13:10:52,2155
3307,,,SHUN LI 38        9V,994164108,15,0.0,121.888017,24.409938,129.6,0,2024-04-20 13:16:52,2310
2925,,,SHUN LI 38        9V,994164108,15,0.4,121.88815,24.410695,129.6,0,2024-04-20 13:20:52,2046
3142,,,SHUN LI 38        9V,994164108,15,1.0,121.888182,24.411598,350.5,0,2024-04-20 13:25:53,2196
3216,,,SHUN LI 38        9V,994164108,15,0.4,121.88827,24.412332,129.6,0,2024-04-20 13:29:54,2259
3218,,,SHUN LI 38        9V,994164108,15,1.0,121.88837,24.413032,329.6,0,2024-04-20 13:33:53,2257
3187,,,SHUN LI 38        9V,994164108,15,1.2,121.888478,24.413625,13.8,0,2024-04-20 13:37:53,2257
3259,,,SHUN LI 38        9V,994164108,15,0.9,121.888552,24.41424,340.9,0,2024-04-20 13:41:55,2264
3246,,,SHUN LI 38        9V,994164108,15,0.6,121.888695,24.414655,129.6,0,2024-04-20 13:44:56,2264
3086,,,SHUN LI 38        9V,994164108,15,0.4,121.888725,24.414995,129.6,0,2024-04-20 13:46:59,2155
3086,,,SHUN LI 38        9V,994164108,15,0.4,121.888853,24.415917,129.6,0,2024-04-20 13:53:02,2124
3251,,,SHUN LI 38        9V,994164108,15,0.7,121.889068,24.416415,129.6,0,2024-04-20 13:57:03,2232
3247,,,SHUN LI 38        9V,994164108,15,0.4,121.88919,24.417095,29.7,0,2024-04-20 14:02:33,2245
3045,,,SHUN LI 38        9V,994164108,15,0.5,121.889222,24.417345,19.7,0,2024-04-20 14:04:34,2118
3091,,,SHUN LI 38        9V,994164108,15,0.9,121.889323,24.418123,356.6,0,2024-04-20 14:10:35,2134
3176,,,SHUN LI 38        9V,994164108,15,0.7,121.889295,24.418653,340.4,0,2024-04-20 14:14:34,2190
3094,,,SHUN LI 38        9V,994164108,15,0.2,121.889322,24.419125,129.6,0,2024-04-20 14:18:36,2135
3106,,,SHUN LI 38        9V,994164108,15,0.4,121.889357,24.41969,346.5,0,2024-04-20 14:22:35,2149
3139,,,SHUN LI 38        9V,994164108,15,0.7,121.889307,24.420223,345.2,0,2024-04-20 14:26:33,2170
3093,,,SHUN LI 38        9V,994164108,15,0.4,121.889282,24.420803,352.2,0,2024-04-20 14:30:34,2153
2979,,,SHUN LI 38        9V,994164108,15,0.2,121.889277,24.421327,129.6,0,2024-04-20 14:34:34,2039
3060,,,SHUN LI 38        9V,994164108,15,0.5,121.889232,24.421913,10.4,0,2024-04-20 14:38:32,2087
3016,,,SHUN LI 38        9V,994164108,15,0.8,121.889253,24.422502,346.2,0,2024-04-20 14:42:33,2101
3154,,,SHUN LI 38        9V,994164108,15,0.5,121.889227,24.423173,18.8,0,2024-04-20 14:46:32,2169
3119,,,SHUN LI 38        9V,994164108,15,0.4,121.889157,24.423803,56.4,0,2024-04-20 14:50:30,2174
3105,,,SHUN LI 38        9V,994164108,15,1.2,121.889207,24.424422,346.6,0,2024-04-20 14:54:30,2183
3096,,,SHUN LI 38        9V,994164108,15,0.4,121.889202,24.425238,4.5,0,2024-04-20 14:59:28,2168
3054,,,SHUN LI 38        9V,994164108,15,0.5,121.889217,24.425933,354.0,0,2024-04-20 15:03:26,2145
3193,,,SHUN LI 38        9V,994164108,15,0.7,121.889112,24.426603,339.1,0,2024-04-20 15:07:26,2237
2996,,,SHUN LI 38        9V,994164108,15,0.6,121.88917,24.427163,12.8,0,2024-04-20 15:11:25,2116
3040,,,SHUN LI 38        9V,994164108,15,0.4,121.88917,24.427795,70.6,0,2024-04-20 15:15:24,2129
3039,,,SHUN LI 38        9V,994164108,15,0.7,121.889158,24.428202,0.2,0,2024-04-20 15:18:24,2138
2910,,,SHUN LI 38        9V,994164108,15,0.5,121.88915,24.428798,340.0,0,2024-04-20 15:22:24,2039
3051,,,SHUN LI 38        9V,994164108,15,0.5,121.889215,24.429607,0.5,0,2024-04-20 15:27:26,2150
3181,,,SHUN LI 38        9V,994164108,15,0.8,121.889265,24.430212,9.7,0,2024-04-20 15:31:27,2227
3035,,,SHUN LI 38        9V,994164108,15,0.5,121.889313,24.43078,8.5,0,2024-04-20 15:35:28,2145
3247,,,SHUN LI 38        9V,994164108,15,0.7,121.889393,24.431437,323.6,0,2024-04-20 15:39:28,2270
3363,,,SHUN LI 38        9V,994164108,15,0.9,121.889498,24.43221,11.2,0,2024-04-20 15:44:30,2350
3103,,,SHUN LI 38        9V,994164108,15,0.3,121.889438,24.432858,129.6,0,2024-04-20 15:48:28,2182
3203,,,SHUN LI 38        9V,994164108,15,0.4,121.889475,24.433483,31.9,0,2024-04-20 15:52:31,2248
3041,,,SHUN LI 38        9V,994164108,15,1.1,121.889437,24.434105,335.9,0,2024-04-20 15:56:32,2134
3027,,,SHUN LI 38        9V,994164108,15,0.7,121.889428,24.434412,129.6,0,2024-04-20 15:58:31,2124
3034,,,SHUN LI 38        9V,994164108,15,0.5,121.889453,24.43544,32.5,0,2024-04-20 16:04:33,2120
2965,,,SHUN LI 38        9V,994164108,15,1.0,121.889438,24.436128,341.2,0,2024-04-20 16:08:35,2066
3089,,,SHUN LI 38        9V,994164108,15,0.2,121.88953,24.436772,129.6,0,2024-04-20 16:12:37,2157
3022,,,SHUN LI 38        9V,994164108,15,0.9,121.889575,24.437238,6.5,0,2024-04-20 16:15:38,2100
3131,,,SHUN LI 38        9V,994164108,15,0.3,121.889688,24.43825,129.6,0,2024-04-20 16:20:42,2209
2985,,,SHUN LI 38        9V,994164108,15,0.7,121.889732,24.439047,129.6,0,2024-04-20 16:24:44,2136
2939,,,SHUN LI 38        9V,994164108,15,0.7,121.889918,24.439703,129.6,0,2024-04-20 16:28:48,2064
3126,,,SHUN LI 38        9V,994164108,15,0.7,121.890043,24.440592,346.6,0,2024-04-20 16:33:49,2187
2993,,,SHUN LI 38        9V,994164108,15,0.7,121.890132,24.441283,129.6,0,2024-04-20 16:37:50,2093
3088,,,SHUN LI 38        9V,994164108,15,3.3,121.889972,24.441645,227.9,0,2024-04-20 16:40:59,2167
3088,,,SHUN LI 38        9V,994164108,15,1.7,121.88958,24.436328,189.6,0,2024-04-20 16:45:28,2158
2993,,,SHUN LI 38        9V,994164108,15,0.1,121.889122,24.434247,129.6,0,2024-04-20 16:49:01,2112
2982,,,SHUN LI 38        9V,994164108,15,4.6,121.888678,24.432333,197.4,0,2024-04-20 16:52:02,2082
2979,,,SHUN LI 38        9V,994164108,15,4.5,121.887757,24.42582,188.3,0,2024-04-20 16:57:01,2070
2973,,,SHUN LI 38        9V,994164108,15,0.6,121.887247,24.42066,180.2,0,2024-04-20 17:02:00,2089
2994,,,SHUN LI 38        9V,994164108,15,4.8,121.886882,24.416805,181.3,0,2024-04-20 17:06:58,2126
2915,,,SHUN LI 38        9V,994164108,15,4.8,121.886435,24.411512,174.6,0,2024-04-20 17:10:59,2067
2892,,,SHUN LI 38        9V,994164108,15,4.7,121.886525,24.40755,181.3,0,2024-04-20 17:13:58,2041
2982,,,SHUN LI 38        9V,994164108,15,0.4,121.886508,24.402378,150.8,0,2024-04-20 17:18:53,2116
2951,,,SHUN LI 38        9V,994164108,15,0.3,121.886575,24.40247,129.6,0,2024-04-20 17:22:10,2090
3248,,,SHUN LI 38        9V,994164108,15,0.5,121.88662,24.402785,345.1,0,2024-04-20 17:26:11,2305
2902,,,SHUN LI 38        9V,994164108,15,0.1,121.88673,24.403275,129.6,0,2024-04-20 17:30:08,2057
3062,,,SHUN LI 38        9V,994164108,15,1.0,121.88674,24.40361,7.5,0,2024-04-20 17:33:10,2176
2906,,,SHUN LI 38        9V,994164108,15,4.5,121.887167,24.403542,192.0,0,2024-04-20 17:37:11,2057
2993,,,SHUN LI 38        9V,994164108,15,0.2,121.88655,24.398925,129.6,0,2024-04-20 17:42:13,2106
2960,,,SHUN LI 38        9V,994164108,15,4.6,121.886648,24.395672,173.2,0,2024-04-20 17:46:11,2096
2769,,,SHUN LI 38        9V,994164108,15,6.7,121.886557,24.387487,183.5,0,2024-04-20 17:51:15,1969
2940,,,SHUN LI 38        9V,994164108,15,6.9,121.886522,24.381683,180.1,0,2024-04-20 17:54:15,2087
2952,,,SHUN LI 38        9V,994164108,15,7.2,121.886575,24.371722,181.0,0,2024-04-20 17:59:17,2102
2941,,,SHUN LI 38        9V,994164108,15,6.8,121.886652,24.36365,176.2,0,2024-04-20 18:03:17,2133
3056,,,SHUN LI 38        9V,994164108,15,6.8,121.88666,24.358117,174.6,0,2024-04-20 18:06:17,2196
2985,,,SHUN LI 38        9V,994164108,15,1.0,121.886787,24.34833,58.2,0,2024-04-20 18:15:20,2159
2983,,,SHUN LI 38        9V,994164108,15,0.6,121.886935,24.348438,14.1,0,2024-04-20 18:18:20,2176
3066,,,SHUN LI 38        9V,994164108,15,0.1,121.887055,24.348503,129.6,0,2024-04-20 18:22:20,2222
3040,,,SHUN LI 38        9V,994164108,15,0.7,121.887057,24.348523,313.2,0,2024-04-20 18:27:21,2217
3115,,,SHUN LI 38        9V,994164108,15,0.2,121.886977,24.348527,129.6,0,2024-04-20 18:31:22,2286
3138,,,SHUN LI 38        9V,994164108,15,0.7,121.886952,24.34859,318.4,0,2024-04-20 18:36:23,2309
3121,,,SHUN LI 38        9V,994164108,15,0.7,121.886877,24.348617,237.6,0,2024-04-20 18:39:22,2271
3045,,,SHUN LI 38        9V,994164108,15,0.4,121.886812,24.348682,129.6,0,2024-04-20 18:43:22,2216
2983,,,SHUN LI 38        9V,994164108,15,0.5,121.886708,24.348778,290.2,0,2024-04-20 18:47:23,2172
3249,,,SHUN LI 38        9V,994164108,15,1.0,121.88655,24.34892,169.6,0,2024-04-20 18:52:22,2357
3186,,,SHUN LI 38        9V,994164108,15,0.5,121.886417,24.349043,305.0,0,2024-04-20 18:56:23,2323
3055,,,SHUN LI 38        9V,994164108,15,0.3,121.886253,24.349138,129.6,0,2024-04-20 19:00:24,2215
2829,,,SHUN LI 38        9V,994164108,15,1.1,121.886175,24.349235,318.9,0,2024-04-20 19:02:25,2064
2936,,,SHUN LI 38        9V,994164108,15,0.8,121.885987,24.349378,348.9,0,2024-04-20 19:07:26,2127
3011,,,SHUN LI 38        9V,994164108,15,0.6,121.88577,24.349498,129.6,0,2024-04-20 19:12:24,2207
3008,,,SHUN LI 38        9V,994164108,15,0.0,121.8856,24.349622,129.6,0,2024-04-20 19:16:27,2199
3043,,,SHUN LI 38        9V,994164108,15,0.9,121.885355,24.349742,201.6,0,2024-04-20 19:21:27,2203
3017,,,SHUN LI 38        9V,994164108,15,1.6,121.885288,24.34973,284.0,0,2024-04-20 19:22:28,2175
2898,,,SHUN LI 38        9V,994164108,15,0.4,121.884957,24.349982,129.6,0,2024-04-20 19:29:28,2103
2842,,,SHUN LI 38        9V,994164108,15,0.6,121.88481,24.350072,311.3,0,2024-04-20 19:32:29,2071
2967,,,SHUN LI 38        9V,994164108,15,0.6,121.884683,24.350143,304.9,0,2024-04-20 19:35:29,2155
2950,,,SHUN LI 38        9V,994164108,15,0.9,121.884393,24.350375,146.6,0,2024-04-20 19:41:30,2141
2807,,,SHUN LI 38        9V,994164108,15,0.5,121.884232,24.350475,90.4,0,2024-04-20 19:44:34,2031
2915,,,SHUN LI 38        9V,994164108,15,0.1,121.883993,24.35069,129.6,0,2024-04-20 19:49:37,2120
3051,,,SHUN LI 38        9V,994164108,15,0.4,121.883868,24.35078,129.6,0,2024-04-20 19:52:37,2203
2977,,,SHUN LI 38        9V,994164108,15,0.8,121.883732,24.350897,303.4,0,2024-04-20 19:54:37,2148
2956,,,SHUN LI 38        9V,994164108,15,0.4,121.883282,24.351303,129.6,0,2024-04-20 20:05:04,2109
2916,,,SHUN LI 38        9V,994164108,15,0.5,121.882985,24.351645,129.6,0,2024-04-20 20:10:06,2089
3019,,,SHUN LI 38        9V,994164108,15,1.9,121.882835,24.351832,315.3,0,2024-04-20 20:13:07,2172
3016,,,SHUN LI 38        9V,994164108,15,0.6,121.882572,24.351923,154.5,0,2024-04-20 20:18:08,2181
2984,,,SHUN LI 38        9V,994164108,15,0.9,121.882272,24.351512,215.8,0,2024-04-20 20:22:08,2169
2796,,,SHUN LI 38        9V,994164108,15,3.6,121.880947,24.353572,355.6,0,2024-04-20 20:26:11,2000
2800,,,SHUN LI 38        9V,994164108,15,3.7,121.880513,24.357188,356.7,0,2024-04-20 20:30:12,2002
2779,,,SHUN LI 38        9V,994164108,15,4.4,121.879643,24.363525,3.7,0,2024-04-20 20:38:12,1978
2924,,,SHUN LI 38        9V,994164108,15,2.3,121.879687,24.366177,301.9,0,2024-04-20 20:42:15,2097
2890,,,SHUN LI 38        9V,994164108,15,4.1,121.879382,24.368495,355.5,0,2024-04-20 20:44:16,2086
2811,,,SHUN LI 38        9V,994164108,15,4.3,121.880273,24.376317,11.5,0,2024-04-20 20:52:19,2025
2800,,,SHUN LI 38        9V,994164108,15,8.8,121.884337,24.381692,78.2,0,2024-04-20 20:59:22,2007
2908,,,SHUN LI 38        9V,994164108,15,8.3,121.889653,24.381713,84.1,0,2024-04-20 21:01:23,2094
3317,,,SHUN LI 38        9V,994164108,15,4.0,121.912205,24.38247,190.1,0,2024-04-20 21:11:25,2387
2930,,,SHUN LI 38        9V,994164108,15,6.4,121.912015,24.37715,179.8,0,2024-04-20 21:14:25,2108
2947,,,SHUN LI 38        9V,994164108,15,5.8,121.911915,24.369503,181.8,0,2024-04-20 21:19:26,2144
2920,,,SHUN LI 38        9V,994164108,15,6.7,121.911875,24.367953,178.3,0,2024-04-20 21:23:27,2124
2962,,,SHUN LI 38        9V,994164108,15,5.6,121.911893,24.362405,183.5,0,2024-04-20 21:26:28,2137
2806,,,SHUN LI 38        9V,994164108,15,6.1,121.912035,24.351898,181.3,0,2024-04-20 21:32:29,2035
2930,,,SHUN LI 38        9V,994164108,15,6.4,121.9122,24.341272,177.5,0,2024-04-20 21:38:29,2138
2859,,,SHUN LI 38        9V,994164108,15,7.5,121.911137,24.335732,192.2,0,2024-04-20 21:41:29,2053
3030,,,SHUN LI 38        9V,994164108,15,0.7,121.911095,24.336037,333.2,0,2024-04-20 21:45:29,2181
2857,,,SHUN LI 38        9V,994164108,15,0.5,121.911185,24.336852,52.2,0,2024-04-20 21:51:32,2054
2931,,,SHUN LI 38        9V,994164108,15,0.8,121.91118,24.337378,345.8,0,2024-04-20 21:56:35,2115
2865,,,SHUN LI 38        9V,994164108,15,0.7,121.911152,24.337787,309.4,0,2024-04-20 22:00:34,2053
3029,,,SHUN LI 38        9V,994164108,15,0.9,121.911152,24.337878,4.2,0,2024-04-20 22:01:34,2201
2897,,,SHUN LI 38        9V,994164108,15,0.6,121.911153,24.338515,317.7,0,2024-04-20 22:08:34,2099
3062,,,SHUN LI 38        9V,994164108,15,0.0,121.911107,24.338883,129.6,0,2024-04-20 22:12:37,2180
2907,,,SHUN LI 38        9V,994164108,15,0.5,121.911113,24.339238,37.4,0,2024-04-20 22:16:36,2102
2973,,,SHUN LI 38        9V,994164108,15,0.3,121.911122,24.339612,129.6,0,2024-04-20 22:20:38,2149
2799,,,SHUN LI 38        9V,994164108,15,0.5,121.911152,24.339955,129.6,0,2024-04-20 22:24:40,2009
2908,,,SHUN LI 38        9V,994164108,15,0.5,121.911133,24.340345,129.6,0,2024-04-20 22:28:40,2071
3134,,,SHUN LI 38        9V,994164108,15,0.5,121.911132,24.340787,129.6,0,2024-04-20 22:33:41,2242
3258,,,SHUN LI 38        9V,994164108,15,0.6,121.91122,24.341058,129.6,0,2024-04-20 22:37:43,2323
2940,,,SHUN LI 38        9V,994164108,15,0.2,121.911178,24.341462,129.6,0,2024-04-20 22:41:44,2105
2917,,,SHUN LI 38        9V,994164108,15,0.1,121.911262,24.34183,129.6,0,2024-04-20 22:45:43,2109
3258,,,SHUN LI 38        9V,994164108,15,1.2,121.911323,24.342182,208.7,0,2024-04-20 22:49:45,2336
3008,,,SHUN LI 38        9V,994164108,15,0.5,121.911412,24.342517,129.6,0,2024-04-20 22:52:46,2160
3036,,,SHUN LI 38        9V,994164108,15,0.2,121.91161,24.343072,129.6,0,2024-04-20 22:56:48,2182
3213,,,SHUN LI 38        9V,994164108,15,0.3,121.911852,24.343955,129.6,0,2024-04-20 23:01:48,2331
3010,,,SHUN LI 38        9V,994164108,15,1.0,121.912095,24.344782,2.0,0,2024-04-20 23:05:50,2163
2964,,,SHUN LI 38        9V,994164108,15,1.7,121.91233,24.345602,129.6,0,2024-04-20 23:09:54,2136
3026,,,SHUN LI 38        9V,994164108,15,1.0,121.91263,24.346373,129.6,0,2024-04-20 23:13:00,2174
2982,,,SHUN LI 38        9V,994164108,15,0.1,121.912783,24.346803,129.6,0,2024-04-20 23:15:02,2141
3010,,,SHUN LI 38        9V,994164108,15,1.4,121.91229,24.343442,291.4,0,2024-04-20 23:21:21,2165
2776,,,SHUN LI 38        9V,994164108,15,1.9,121.911737,24.341875,236.9,0,2024-04-20 23:24:29,1972
2961,,,SHUN LI 38        9V,994164108,15,7.7,121.934972,24.400563,0.8,0,2024-04-20 23:46:48,2125
2807,,,SHUN LI 38        9V,994164108,15,7.3,121.934933,24.409728,3.8,0,2024-04-20 23:52:49,2053
2883,,,SHUN LI 38        9V,994164108,15,6.9,121.93556,24.419948,7.5,0,2024-04-20 23:57:48,2097
3076,,,SHUN LI 38        9V,994164108,15,7.3,121.936398,24.429788,357.1,0,2024-04-21 00:02:49,2230
3078,,,SHUN LI 38        9V,994164108,15,0.8,121.935697,24.447958,2.9,0,2024-04-21 00:15:49,2219
2753,,,SHUN LI 38        9V,994164108,15,0.7,121.935812,24.44823,337.4,0,2024-04-21 00:18:48,1980
2791,,,SHUN LI 38        9V,994164108,15,1.1,121.935905,24.448485,198.4,0,2024-04-21 00:23:49,2015
3069,,,SHUN LI 38        9V,994164108,15,0.8,121.935992,24.44869,88.8,0,2024-04-21 00:27:49,2205
2956,,,SHUN LI 38        9V,994164108,15,0.9,121.936108,24.44885,230.9,0,2024-04-21 00:31:49,2132
2965,,,SHUN LI 38        9V,994164108,15,1.1,121.93623,24.44903,144.4,0,2024-04-21 00:35:48,2148
2854,,,SHUN LI 38        9V,994164108,15,0.7,121.936312,24.449112,80.0,0,2024-04-21 00:38:49,2076
2911,,,SHUN LI 38        9V,994164108,15,0.7,121.93647,24.449277,137.7,0,2024-04-21 00:43:49,2143
2747,,,SHUN LI 38        9V,994164108,15,0.6,121.93655,24.4494,54.0,0,2024-04-21 00:46:48,1990
2738,,,SHUN LI 38        9V,994164108,15,1.6,121.93665,24.449563,53.9,0,2024-04-21 00:50:48,1972
2800,,,SHUN LI 38        9V,994164108,15,1.1,121.936793,24.449748,162.3,0,2024-04-21 00:55:50,2022
3012,,,SHUN LI 38        9V,994164108,15,0.3,121.936898,24.44994,129.6,0,2024-04-21 00:59:51,2214
2919,,,SHUN LI 38        9V,994164108,15,0.2,121.937005,24.450052,129.6,0,2024-04-21 01:02:51,2150
3164,,,SHUN LI 38        9V,994164108,15,0.4,121.937193,24.450512,129.6,0,2024-04-21 01:08:52,2308
3143,,,SHUN LI 38        9V,994164108,15,0.7,121.937275,24.451108,147.4,0,2024-04-21 01:12:52,2283
3037,,,SHUN LI 38        9V,994164108,15,0.4,121.937365,24.451813,20.0,0,2024-04-21 01:16:52,2215
3065,,,SHUN LI 38        9V,994164108,15,2.4,121.937672,24.452463,55.4,0,2024-04-21 01:20:52,2239
3057,,,SHUN LI 38        9V,994164108,15,3.0,121.937732,24.451015,176.3,0,2024-04-21 01:22:52,2227
2932,,,SHUN LI 38        9V,994164108,15,4.1,121.937725,24.446003,175.0,0,2024-04-21 01:28:57,2140
2823,,,SHUN LI 38        9V,994164108,15,3.2,121.93795,24.440942,173.8,0,2024-04-21 01:36:02,2043
2739,,,SHUN LI 38        9V,994164108,15,3.3,121.93815,24.437915,195.0,0,2024-04-21 01:40:02,1993
2725,,,SHUN LI 38        9V,994164108,15,3.3,121.938663,24.434352,177.4,0,2024-04-21 01:45:04,1979
2810,,,SHUN LI 38        9V,994164108,15,3.0,121.938832,24.431543,186.6,0,2024-04-21 01:49:06,2028
2808,,,SHUN LI 38        9V,994164108,15,0.9,121.93884,24.429945,157.3,0,2024-04-21 01:52:07,2015
2447,,,SHUN LI 38        9V,994164108,15,3.3,121.938718,24.42712,194.4,0,2024-04-21 01:57:09,1751
2557,,,SHUN LI 38        9V,994164108,15,2.9,121.938437,24.424282,177.8,0,2024-04-21 02:01:33,1836
2685,,,SHUN LI 38        9V,994164108,15,1.3,121.938475,24.422915,157.8,0,2024-04-21 02:04:32,1951
2985,,,SHUN LI 38        9V,994164108,15,0.0,121.937565,24.416417,129.6,0,2024-04-21 02:13:39,2155
3054,,,SHUN LI 38        9V,994164108,15,1.4,121.937437,24.414007,193.8,0,2024-04-21 02:17:41,2222
3017,,,SHUN LI 38        9V,994164108,15,2.5,121.937813,24.411742,166.8,0,2024-04-21 02:21:41,2189
2988,,,SHUN LI 38        9V,994164108,15,2.2,121.937822,24.409542,182.8,0,2024-04-21 02:25:43,2160
2704,,,SHUN LI 38        9V,994164108,15,1.2,121.937573,24.408285,190.0,0,2024-04-21 02:27:42,1975
3063,,,SHUN LI 38        9V,994164108,15,2.7,121.937605,24.406488,179.2,0,2024-04-21 02:32:44,2215
3143,,,SHUN LI 38        9V,994164108,15,1.2,121.938247,24.404662,114.5,0,2024-04-21 02:36:45,2305
2811,,,SHUN LI 38        9V,994164108,15,7.3,121.938953,24.394055,2.7,0,2024-04-21 02:43:47,2053
2843,,,SHUN LI 38        9V,994164108,15,7.2,121.938962,24.408338,353.7,0,2024-04-21 02:50:47,2079
2915,,,SHUN LI 38        9V,994164108,15,11.0,121.937985,24.412193,201.5,0,2024-04-21 02:54:48,2161
3068,,,SHUN LI 38        9V,994164108,15,11.4,121.932863,24.403823,206.5,0,2024-04-21 02:57:49,2241
3100,,,SHUN LI 38        9V,994164108,15,6.5,121.928733,24.39269,314.3,0,2024-04-21 03:01:51,2256
3017,,,SHUN LI 38        9V,994164108,15,6.7,121.928692,24.401778,352.4,0,2024-04-21 03:06:51,2190
2982,,,SHUN LI 38        9V,994164108,15,6.8,121.928357,24.407763,357.9,0,2024-04-21 03:09:51,2179
3039,,,SHUN LI 38        9V,994164108,15,0.7,121.928432,24.416248,327.1,0,2024-04-21 03:14:53,2223
3254,,,SHUN LI 38        9V,994164108,15,0.3,121.928758,24.416347,129.6,0,2024-04-21 03:18:54,2356
3099,,,SHUN LI 38        9V,994164108,15,0.6,121.929057,24.416532,135.0,0,2024-04-21 03:23:55,2260
3136,,,SHUN LI 38        9V,994164108,15,0.7,121.929175,24.416567,153.7,0,2024-04-21 03:27:56,2282
3036,,,SHUN LI 38        9V,994164108,15,1.1,121.929148,24.416582,87.1,0,2024-04-21 03:31:57,2226
3202,,,SHUN LI 38        9V,994164108,15,0.4,121.929192,24.416582,129.6,0,2024-04-21 03:34:58,2373
3020,,,SHUN LI 38        9V,994164108,15,0.1,121.929197,24.416608,129.6,0,2024-04-21 03:38:59,2208
2902,,,SHUN LI 38        9V,994164108,15,0.5,121.929228,24.416642,129.6,0,2024-04-21 03:43:00,2128
2998,,,SHUN LI 38        9V,994164108,15,1.1,121.929245,24.41665,165.0,0,2024-04-21 03:47:01,2172
2997,,,SHUN LI 38        9V,994164108,15,0.2,121.929328,24.416665,129.6,0,2024-04-21 03:50:01,2210
3130,,,SHUN LI 38        9V,994164108,15,0.4,121.929397,24.416685,129.6,0,2024-04-21 03:55:03,2312
3253,,,SHUN LI 38        9V,994164108,15,0.9,121.929462,24.416668,318.3,0,2024-04-21 03:59:03,2394
3055,,,SHUN LI 38        9V,994164108,15,0.5,121.929515,24.416678,129.6,0,2024-04-21 04:01:06,2245
3331,,,SHUN LI 38        9V,994164108,15,1.6,121.929655,24.41667,194.1,0,2024-04-21 04:07:07,2442
3205,,,SHUN LI 38        9V,994164108,15,0.5,121.929717,24.416718,129.6,0,2024-04-21 04:12:12,2339
3037,,,SHUN LI 38        9V,994164108,15,0.4,121.929737,24.416752,129.6,0,2024-04-21 04:14:12,2228
2969,,,SHUN LI 38        9V,994164108,15,0.3,121.929793,24.41698,129.6,0,2024-04-21 04:24:11,2184
3016,,,SHUN LI 38        9V,994164108,15,0.4,121.929792,24.417093,129.6,0,2024-04-21 04:28:14,2187
2849,,,SHUN LI 38        9V,994164108,15,1.1,121.929848,24.417205,117.8,0,2024-04-21 04:32:16,2082
2989,,,SHUN LI 38        9V,994164108,15,1.5,121.929872,24.41734,45.8,0,2024-04-21 04:35:34,2184
2872,,,SHUN LI 38        9V,994164108,15,0.8,121.929883,24.417563,288.3,0,2024-04-21 04:40:34,2098
3031,,,SHUN LI 38        9V,994164108,15,0.3,121.929892,24.417705,129.6,0,2024-04-21 04:44:35,2253
3165,,,SHUN LI 38        9V,994164108,15,0.8,121.929935,24.41778,107.0,0,2024-04-21 04:53:35,2344
3206,,,SHUN LI 38        9V,994164108,15,0.8,121.93004,24.417533,258.4,0,2024-04-21 04:57:36,2367
3177,,,SHUN LI 38        9V,994164108,15,3.1,121.93011,24.420858,16.1,0,2024-04-21 05:03:39,2382
3385,,,SHUN LI 38        9V,994164108,15,0.5,121.931595,24.426848,341.2,0,2024-04-21 05:12:40,2519
3320,,,SHUN LI 38        9V,994164108,15,0.7,121.931942,24.427168,17.2,0,2024-04-21 05:15:42,2476
3293,,,SHUN LI 38        9V,994164108,15,3.1,121.93172,24.430112,352.7,0,2024-04-21 05:21:45,2441
3270,,,SHUN LI 38        9V,994164108,15,4.0,121.931705,24.432102,359.3,0,2024-04-21 05:23:45,2415
3241,,,SHUN LI 38        9V,994164108,15,2.4,121.932368,24.43654,353.4,0,2024-04-21 05:29:46,2421
3337,,,SHUN LI 38        9V,994164108,15,3.2,121.932785,24.439343,357.7,0,2024-04-21 05:32:47,2488
3626,,,SHUN LI 38        9V,994164108,15,3.0,121.933358,24.443935,5.6,0,2024-04-21 05:38:49,2705
3358,,,SHUN LI 38        9V,994164108,15,3.4,121.934247,24.446773,12.9,0,2024-04-21 05:42:45,2506
3247,,,SHUN LI 38        9V,994164108,15,3.9,121.934802,24.449347,13.5,0,2024-04-21 05:46:01,2430
3057,,,SHUN LI 38        9V,994164108,15,1.5,121.935378,24.451457,25.4,0,2024-04-21 05:49:01,2304
3292,,,SHUN LI 38        9V,994164108,15,2.0,121.935398,24.45491,346.4,0,2024-04-21 05:54:01,2448
3328,,,SHUN LI 38        9V,994164108,15,1.5,121.935042,24.45624,346.2,0,2024-04-21 05:57:00,2455
3224,,,SHUN LI 38        9V,994164108,15,1.5,121.93516,24.458367,14.6,0,2024-04-21 06:01:01,2392
3165,,,SHUN LI 38        9V,994164108,15,11.9,121.93411,24.470562,349.3,0,2024-04-21 06:05:01,2356
3117,,,SHUN LI 38        9V,994164108,15,12.9,121.930083,24.48748,339.5,0,2024-04-21 06:10:02,2311
3279,,,SHUN LI 38        9V,994164108,15,11.5,121.925113,24.504345,343.1,0,2024-04-21 06:15:02,2420
3277,,,SHUN LI 38        9V,994164108,15,12.7,121.921125,24.517633,347.8,0,2024-04-21 06:19:00,2423
3119,,,SHUN LI 38        9V,994164108,15,12.3,121.917995,24.527622,344.1,0,2024-04-21 06:22:00,2313
3386,,,SHUN LI 38        9V,994164108,15,12.9,121.912092,24.544253,339.0,0,2024-04-21 06:27:01,2496
3236,,,SHUN LI 38        9V,994164108,15,11.3,121.908055,24.554087,328.5,0,2024-04-21 06:29:59,2401
3221,,,SHUN LI 38        9V,994164108,15,11.4,121.90062,24.570378,332.9,0,2024-04-21 06:35:01,2369
3157,,,SHUN LI 38        9V,994164108,15,12.7,121.892147,24.581703,320.6,0,2024-04-21 06:39:02,2328
3069,,,SHUN LI 38        9V,994164108,15,12.9,121.885565,24.590173,319.9,0,2024-04-21 06:42:01,2238
3145,,,SHUN LI 38        9V,994164108,15,11.0,121.87314,24.592028,252.1,0,2024-04-21 06:46:02,2294
3202,,,SHUN LI 38        9V,994164108,15,0.2,121.869177,24.585682,129.6,0,2024-04-21 06:51:03,2345
3280,,,SHUN LI 38        9V,994164108,15,0.6,121.869157,24.585597,4.5,0,2024-04-21 06:54:03,2444
3121,,,SHUN LI 38        9V,994164108,15,1.4,121.869683,24.586595,17.3,0,2024-04-21 07:00:05,2313
3231,,,SHUN LI 38        9V,994164108,15,0.3,121.869715,24.586637,129.6,0,2024-04-21 07:04:08,2383
3129,,,SHUN LI 38        9V,994164108,15,0.0,121.869738,24.586627,129.6,0,2024-04-21 07:07:09,2303
3279,,,SHUN LI 38        9V,994164108,15,0.1,121.86976,24.586652,129.6,0,2024-04-21 07:12:13,2413
3264,,,SHUN LI 38        9V,994164108,15,0.1,121.869815,24.5866,129.6,0,2024-04-21 07:16:14,2404
3259,,,SHUN LI 38        9V,994164108,15,0.0,121.869812,24.586612,129.6,0,2024-04-21 07:20:14,2416
3117,,,SHUN LI 38        9V,994164108,15,0.0,121.86982,24.586612,129.6,0,2024-04-21 07:24:16,2276
3155,,,SHUN LI 38        9V,994164108,15,0.0,121.869788,24.58666,129.6,0,2024-04-21 07:28:19,2300
3114,,,SHUN LI 38        9V,994164108,15,2.1,121.869555,24.586455,83.5,0,2024-04-21 07:33:23,2286
3239,,,SHUN LI 38        9V,994164108,15,0.9,121.865795,24.584335,4.6,0,2024-04-21 07:37:25,2378
3369,,,SHUN LI 38        9V,994164108,15,0.1,121.86571,24.584345,129.6,0,2024-04-21 07:41:25,2472
3302,,,SHUN LI 38        9V,994164108,15,0.1,121.865728,24.584252,129.6,0,2024-04-21 07:45:29,2408
3207,,,SHUN LI 38        9V,994164108,15,0.1,121.865742,24.584303,129.6,0,2024-04-21 07:46:31,2367
3228,,,SHUN LI 38        9V,994164108,15,0.1,121.865682,24.584355,129.6,0,2024-04-21 07:53:32,2348
3372,,,SHUN LI 38        9V,994164108,15,0.1,121.865742,24.584315,129.6,0,2024-04-21 07:57:36,2442
3085,,,SHUN LI 38        9V,994164108,15,0.2,121.865682,24.584387,129.6,0,2024-04-21 07:59:38,2233
2861,,,SHUN LI 38        9V,994164108,15,0.0,121.865743,24.584337,299.2,0,2024-04-21 08:02:03,2060
2707,,,SHUN LI 38        9V,994164108,15,0.0,121.865742,24.584357,299.2,0,2024-04-21 08:09:04,1945
2662,,,SHUN LI 38        9V,994164108,15,0.0,121.865755,24.584315,299.2,0,2024-04-21 08:12:05,1905
2968,,,SHUN LI 38        9V,994164108,15,0.0,121.865772,24.58433,299.2,0,2024-04-21 08:15:04,2141
3248,,,SHUN LI 38        9V,994164108,15,0.0,121.865747,24.584325,299.2,0,2024-04-21 08:19:03,2346
3229,,,SHUN LI 38        9V,994164108,15,0.0,121.865762,24.584307,299.2,0,2024-04-21 08:26:05,2328
3184,,,SHUN LI 38        9V,994164108,15,0.0,121.865777,24.584328,299.2,0,2024-04-21 08:28:05,2292
2956,,,SHUN LI 38        9V,994164108,15,0.0,121.865753,24.584305,299.2,0,2024-04-21 08:33:05,2150
3190,,,SHUN LI 38        9V,994164108,15,0.0,121.865713,24.584298,299.2,0,2024-04-21 08:38:04,2281
3249,,,SHUN LI 38        9V,994164108,15,0.0,121.865725,24.584328,299.2,0,2024-04-21 08:42:02,2355
3298,,,SHUN LI 38        9V,994164108,15,0.1,121.865785,24.584362,299.2,0,2024-04-21 08:46:02,2375
3544,,,SHUN LI 38        9V,994164108,15,0.0,121.865812,24.584337,299.2,0,2024-04-21 08:50:04,2569
3446,,,SHUN LI 38        9V,994164108,15,0.0,121.865728,24.584335,299.2,0,2024-04-21 08:55:04,2519
3433,,,SHUN LI 38        9V,994164108,15,0.0,121.865772,24.584308,299.2,0,2024-04-21 08:57:04,2519
3228,,,SHUN LI 38        9V,994164108,15,0.0,121.865763,24.584328,299.2,0,2024-04-21 09:03:05,2358
3323,,,SHUN LI 38        9V,994164108,15,0.0,121.865733,24.584298,299.2,0,2024-04-21 09:07:05,2407
3299,,,SHUN LI 38        9V,994164108,15,0.0,121.865767,24.584348,299.2,0,2024-04-21 09:11:05,2383
3444,,,SHUN LI 38        9V,994164108,15,0.0,121.86575,24.584307,299.2,0,2024-04-21 09:15:03,2469
3386,,,SHUN LI 38        9V,994164108,15,0.0,121.865815,24.584355,299.2,0,2024-04-21 09:16:04,2464
3218,,,SHUN LI 38        9V,994164108,15,0.0,121.865743,24.584312,299.2,0,2024-04-21 09:23:02,2341
3328,,,SHUN LI 38        9V,994164108,15,0.0,121.8658,24.584305,299.2,0,2024-04-21 09:26:01,2423
3272,,,SHUN LI 38        9V,994164108,15,0.0,121.865773,24.584307,299.2,0,2024-04-21 09:29:01,2377
3562,,,SHUN LI 38        9V,994164108,15,0.0,121.86579,24.584407,299.2,0,2024-04-21 09:34:00,2582
3622,,,SHUN LI 38        9V,994164108,15,0.1,121.865755,24.584305,299.2,0,2024-04-21 09:40:59,2643
3412,,,SHUN LI 38        9V,994164108,15,0.0,121.865772,24.584325,299.2,0,2024-04-21 09:42:59,2475
3274,,,SHUN LI 38        9V,994164108,15,0.1,121.865768,24.58438,299.2,0,2024-04-21 09:48:59,2392
3411,,,SHUN LI 38        9V,994164108,15,0.0,121.86576,24.584293,299.2,0,2024-04-21 09:51:58,2523
3355,,,SHUN LI 38        9V,994164108,15,3.0,121.865847,24.584372,113.8,0,2024-04-21 09:56:59,2479
3435,,,SHUN LI 38        9V,994164108,15,1.6,121.86886,24.585267,43.5,0,2024-04-21 10:00:00,2521
3354,,,SHUN LI 38        9V,994164108,15,6.6,121.869413,24.585623,13.8,0,2024-04-21 10:03:58,2454
3216,,,SHUN LI 38        9V,994164108,15,8.2,121.873588,24.592458,65.1,0,2024-04-21 10:07:59,2326
3544,,,SHUN LI 38        9V,994164108,15,1.3,121.87633,24.59317,91.3,0,2024-04-21 10:10:01,2572
3497,,,SHUN LI 38        9V,994164108,15,8.6,121.884152,24.586293,158.9,0,2024-04-21 10:17:01,2532
3339,,,SHUN LI 38        9V,994164108,15,8.0,121.88746,24.577375,174.8,0,2024-04-21 10:21:03,2410
3146,,,SHUN LI 38        9V,994164108,15,10.1,121.88949,24.570517,174.5,0,2024-04-21 10:24:04,2266
3029,,,SHUN LI 38        9V,994164108,15,9.4,121.891343,24.557965,165.1,0,2024-04-21 10:29:06,2188
3195,,,SHUN LI 38        9V,994164108,15,7.7,121.893047,24.550037,174.0,0,2024-04-21 10:32:08,2298
3360,,,SHUN LI 38        9V,994164108,15,8.8,121.894185,24.537662,177.5,0,2024-04-21 10:37:13,2435
3357,,,SHUN LI 38        9V,994164108,15,8.6,121.89496,24.52805,180.6,0,2024-04-21 10:41:18,2425
3223,,,SHUN LI 38        9V,994164108,15,8.2,121.895933,24.51819,176.2,0,2024-04-21 10:45:28,2323
2966,,,SHUN LI 38        9V,994164108,15,8.2,121.896708,24.510103,179.8,0,2024-04-21 10:48:55,2127
3079,,,SHUN LI 38        9V,994164108,15,5.6,121.89751,24.499035,174.0,0,2024-04-21 10:53:52,2207
3058,,,SHUN LI 38        9V,994164108,15,4.3,121.897682,24.497592,176.7,0,2024-04-21 10:54:58,2164
3135,,,SHUN LI 38        9V,994164108,15,4.7,121.89878,24.488343,176.7,0,2024-04-21 11:02:04,2262
3174,,,SHUN LI 38        9V,994164108,15,4.7,121.899235,24.484428,171.4,0,2024-04-21 11:05:04,2265
3284,,,SHUN LI 38        9V,994164108,15,4.5,121.900517,24.477997,154.2,0,2024-04-21 11:10:04,2375
3476,,,SHUN LI 38        9V,994164108,15,4.9,121.902713,24.473355,156.1,0,2024-04-21 11:14:05,2531
3399,,,SHUN LI 38        9V,994164108,15,4.1,121.904382,24.469938,155.9,0,2024-04-21 11:17:03,2482
3483,,,SHUN LI 38        9V,994164108,15,4.3,121.907155,24.464332,156.9,0,2024-04-21 11:22:05,2544
3681,,,SHUN LI 38        9V,994164108,15,4.1,121.908175,24.45965,181.9,0,2024-04-21 11:26:04,2672
3429,,,SHUN LI 38        9V,994164108,15,2.2,121.909125,24.453622,170.6,0,2024-04-21 11:31:04,2507
3480,,,SHUN LI 38        9V,994164108,15,0.6,121.909233,24.453222,84.3,0,2024-04-21 11:33:04,2522
3682,,,SHUN LI 38        9V,994164108,15,4.3,121.909497,24.448737,177.3,0,2024-04-21 11:39:03,2670
3593,,,SHUN LI 38        9V,994164108,15,4.2,121.909757,24.444958,173.1,0,2024-04-21 11:42:04,2608
3366,,,SHUN LI 38        9V,994164108,15,4.2,121.91011,24.44001,179.0,0,2024-04-21 11:46:03,2460
3279,,,SHUN LI 38        9V,994164108,15,4.9,121.910693,24.433782,181.7,0,2024-04-21 11:51:03,2404
3484,,,SHUN LI 38        9V,994164108,15,4.6,121.911118,24.42884,174.6,0,2024-04-21 11:55:01,2549
3560,,,SHUN LI 38        9V,994164108,15,4.7,121.911702,24.423982,174.8,0,2024-04-21 11:58:57,2619
3451,,,SHUN LI 38        9V,994164108,15,4.6,121.912735,24.420097,150.7,0,2024-04-21 12:02:14,2538
3380,,,SHUN LI 38        9V,994164108,15,0.7,121.914537,24.41881,40.6,0,2024-04-21 12:07:16,2470
3050,,,SHUN LI 38        9V,994164108,15,0.8,121.91476,24.418945,69.8,0,2024-04-21 12:08:16,2194
2983,,,SHUN LI 38        9V,994164108,15,0.9,121.916207,24.420223,62.4,0,2024-04-21 12:16:14,2151
3186,,,SHUN LI 38        9V,994164108,15,0.6,121.916785,24.420822,352.3,0,2024-04-21 12:20:16,2258
3219,,,SHUN LI 38        9V,994164108,15,1.3,121.917182,24.421305,24.9,0,2024-04-21 12:23:14,2332
3267,,,SHUN LI 38        9V,994164108,15,1.0,121.917468,24.421662,20.8,0,2024-04-21 12:25:14,2362
3234,,,SHUN LI 38        9V,994164108,15,0.7,121.918245,24.422592,24.9,0,2024-04-21 12:31:14,2334
3318,,,SHUN LI 38        9V,994164108,15,0.9,121.918985,24.423402,42.8,0,2024-04-21 12:36:13,2396
3170,,,SHUN LI 38        9V,994164108,15,0.5,121.919272,24.42365,29.8,0,2024-04-21 12:38:13,2288
3184,,,SHUN LI 38        9V,994164108,15,0.7,121.920258,24.424598,42.5,0,2024-04-21 12:45:12,2270
3161,,,SHUN LI 38        9V,994164108,15,0.6,121.922025,24.426342,48.1,0,2024-04-21 12:59:10,2285
2988,,,SHUN LI 38        9V,994164108,15,0.8,121.922878,24.427123,62.7,0,2024-04-21 13:05:11,2146
2966,,,SHUN LI 38        9V,994164108,15,0.9,121.92348,24.427677,64.8,0,2024-04-21 13:09:12,2121
2988,,,SHUN LI 38        9V,994164108,15,0.7,121.924082,24.428117,71.8,0,2024-04-21 13:13:09,2140
3003,,,SHUN LI 38        9V,994164108,15,0.7,121.924542,24.42855,73.4,0,2024-04-21 13:17:11,2122
2862,,,SHUN LI 38        9V,994164108,15,1.1,121.925008,24.429052,19.5,0,2024-04-21 13:21:12,2013
2992,,,SHUN LI 38        9V,994164108,15,0.6,121.925527,24.429483,299.2,0,2024-04-21 13:25:09,2113
2843,,,SHUN LI 38        9V,994164108,15,0.4,121.925995,24.429917,299.2,0,2024-04-21 13:29:09,2026
2953,,,SHUN LI 38        9V,994164108,15,0.9,121.926507,24.430308,47.4,0,2024-04-21 13:33:11,2074
2984,,,SHUN LI 38        9V,994164108,15,0.6,121.927275,24.430805,299.2,0,2024-04-21 13:38:14,2091
2783,,,SHUN LI 38        9V,994164108,15,0.7,121.927715,24.431087,299.2,0,2024-04-21 13:41:15,1948
2991,,,SHUN LI 38        9V,994164108,15,0.8,121.928388,24.431577,76.0,0,2024-04-21 13:46:18,2086
2899,,,SHUN LI 38        9V,994164108,15,1.1,121.92901,24.43191,63.2,0,2024-04-21 13:50:16,2041
2960,,,SHUN LI 38        9V,994164108,15,0.7,121.929667,24.43225,66.6,0,2024-04-21 13:54:16,2103
2933,,,SHUN LI 38        9V,994164108,15,0.9,121.930877,24.432792,53.9,0,2024-04-21 14:02:32,2046
2861,,,SHUN LI 38        9V,994164108,15,0.3,121.931403,24.43294,299.2,0,2024-04-21 14:06:33,2000
2991,,,SHUN LI 38        9V,994164108,15,0.6,121.93193,24.433135,66.6,0,2024-04-21 14:10:33,2077
2904,,,SHUN LI 38        9V,994164108,15,0.4,121.932463,24.433222,299.2,0,2024-04-21 14:14:33,2037
2803,,,SHUN LI 38        9V,994164108,15,0.6,121.933022,24.433285,358.1,0,2024-04-21 14:18:36,1979
2998,,,SHUN LI 38        9V,994164108,15,0.9,121.933158,24.433288,57.2,0,2024-04-21 14:19:37,2096
3050,,,SHUN LI 38        9V,994164108,15,0.2,121.933992,24.433338,299.2,0,2024-04-21 14:26:37,2120
2903,,,SHUN LI 38        9V,994164108,15,0.5,121.934315,24.43336,12.2,0,2024-04-21 14:30:37,2035
2908,,,SHUN LI 38        9V,994164108,15,0.5,121.934533,24.433357,299.2,0,2024-04-21 14:32:35,2043
2795,,,SHUN LI 38        9V,994164108,15,0.9,121.935193,24.433412,335.1,0,2024-04-21 14:39:34,1948
2746,,,SHUN LI 38        9V,994164108,15,0.6,121.936035,24.433582,43.2,0,2024-04-21 14:47:35,1921
2884,,,SHUN LI 38        9V,994164108,15,0.4,121.936295,24.433613,299.2,0,2024-04-21 14:51:37,2005
2995,,,SHUN LI 38        9V,994164108,15,0.5,121.936518,24.433583,299.2,0,2024-04-21 14:54:37,2076
2859,,,SHUN LI 38        9V,994164108,15,0.4,121.936832,24.433535,299.2,0,2024-04-21 14:59:37,1980
2780,,,SHUN LI 38        9V,994164108,15,0.3,121.937107,24.433475,299.2,0,2024-04-21 15:03:34,1933
2799,,,SHUN LI 38        9V,994164108,15,0.0,121.93739,24.433522,299.2,0,2024-04-21 15:08:35,1972
2778,,,SHUN LI 38        9V,994164108,15,0.4,121.937538,24.433517,299.2,0,2024-04-21 15:11:36,1927
2893,,,SHUN LI 38        9V,994164108,15,0.2,121.937775,24.433473,299.2,0,2024-04-21 15:16:39,2022
2861,,,SHUN LI 38        9V,994164108,15,0.1,121.937833,24.4335,299.2,0,2024-04-21 15:18:40,1992
2784,,,SHUN LI 38        9V,994164108,15,0.1,121.93792,24.433437,299.2,0,2024-04-21 15:22:41,1947
2805,,,SHUN LI 38        9V,994164108,15,0.3,121.93817,24.433265,299.2,0,2024-04-21 15:27:44,1941
2884,,,SHUN LI 38        9V,994164108,15,0.2,121.938403,24.433032,299.2,0,2024-04-21 15:31:49,2012
3125,,,SHUN LI 38        9V,994164108,15,0.0,121.938513,24.432832,299.2,0,2024-04-21 15:33:49,2168
2712,,,SHUN LI 38        9V,994164108,15,0.2,121.93867,24.43248,299.2,0,2024-04-21 15:38:55,1895
2700,,,SHUN LI 38        9V,994164108,15,0.2,121.938948,24.432132,299.2,0,2024-04-21 15:42:58,1856
2733,,,SHUN LI 38        9V,994164108,15,0.0,121.939143,24.431922,299.2,0,2024-04-21 15:48:03,1918
2802,,,SHUN LI 38        9V,994164108,15,0.3,121.939252,24.431748,299.2,0,2024-04-21 15:52:06,1954
2856,,,SHUN LI 38        9V,994164108,15,0.4,121.939228,24.431288,299.2,0,2024-04-21 15:57:09,1986
2884,,,SHUN LI 38        9V,994164108,15,0.3,121.939355,24.430953,299.2,0,2024-04-21 16:00:14,2014
3067,,,SHUN LI 38        9V,994164108,15,0.5,121.939745,24.430428,137.8,0,2024-04-21 16:05:25,2136
2845,,,SHUN LI 38        9V,994164108,15,0.8,121.939947,24.429985,135.6,0,2024-04-21 16:09:49,1985
2779,,,SHUN LI 38        9V,994164108,15,0.3,121.940088,24.429293,299.2,0,2024-04-21 16:13:54,1950
2739,,,SHUN LI 38        9V,994164108,15,0.4,121.940302,24.42884,299.2,0,2024-04-21 16:17:05,1899
2708,,,SHUN LI 38        9V,994164108,15,6.4,121.940695,24.428598,311.4,0,2024-04-21 16:20:09,1878
2935,,,SHUN LI 38        9V,994164108,15,8.5,121.93737,24.44093,340.9,0,2024-04-21 16:25:38,2049
2872,,,SHUN LI 38        9V,994164108,15,6.3,121.935918,24.447817,351.2,0,2024-04-21 16:28:54,2007
2732,,,SHUN LI 38        9V,994164108,15,6.2,121.934872,24.453375,350.5,0,2024-04-21 16:32:07,1905
2855,,,SHUN LI 38        9V,994164108,15,4.8,121.933308,24.460718,346.2,0,2024-04-21 16:37:26,1993
2896,,,SHUN LI 38        9V,994164108,15,5.1,121.932662,24.463612,347.4,0,2024-04-21 16:39:37,2024
2774,,,SHUN LI 38        9V,994164108,15,0.2,121.931525,24.46817,299.2,0,2024-04-21 16:45:02,1931
2940,,,SHUN LI 38        9V,994164108,15,0.6,121.932495,24.468515,299.2,0,2024-04-21 16:50:24,2049
2897,,,SHUN LI 38        9V,994164108,15,0.6,121.932652,24.46804,299.2,0,2024-04-21 16:53:59,2034
2844,,,SHUN LI 38        9V,994164108,15,0.5,121.930575,24.465572,299.2,0,2024-04-21 17:01:56,1990
2784,,,SHUN LI 38        9V,994164108,15,0.7,121.930023,24.46497,190.8,0,2024-04-21 17:06:29,1972
2891,,,SHUN LI 38        9V,994164108,15,5.5,121.929412,24.465253,30.4,0,2024-04-21 17:10:29,2043
2764,,,SHUN LI 38        9V,994164108,15,7.3,121.93185,24.463913,177.6,0,2024-04-21 17:14:30,1939
2752,,,SHUN LI 38        9V,994164108,15,7.4,121.931682,24.457602,176.0,0,2024-04-21 17:17:29,1923
2712,,,SHUN LI 38        9V,994164108,15,7.2,121.931778,24.4494,178.3,0,2024-04-21 17:21:30,1886
2820,,,SHUN LI 38        9V,994164108,15,7.0,121.931847,24.439727,180.8,0,2024-04-21 17:26:31,1970
2696,,,SHUN LI 38        9V,994164108,15,6.9,121.931682,24.430153,181.3,0,2024-04-21 17:31:32,1861
2666,,,SHUN LI 38        9V,994164108,15,7.0,121.93165,24.42635,181.6,0,2024-04-21 17:33:32,1872
2697,,,SHUN LI 38        9V,994164108,15,0.3,121.931738,24.411828,299.2,0,2024-04-21 17:43:32,1874
2638,,,SHUN LI 38        9V,994164108,15,0.1,121.931833,24.411538,299.2,0,2024-04-21 17:47:32,1828
2590,,,SHUN LI 38        9V,994164108,15,0.8,121.931902,24.411312,234.8,0,2024-04-21 17:51:32,1801
2610,,,SHUN LI 38        9V,994164108,15,0.1,121.932,24.411223,299.2,0,2024-04-21 17:55:33,1840
2692,,,SHUN LI 38        9V,994164108,15,0.9,121.931968,24.410948,203.4,0,2024-04-21 17:59:36,1905
2551,,,SHUN LI 38        9V,994164108,15,0.5,121.931902,24.41076,161.1,0,2024-04-21 18:02:36,1787
2557,,,SHUN LI 38        9V,994164108,15,0.3,121.93182,24.410435,299.2,0,2024-04-21 18:07:36,1790
2608,,,SHUN LI 38        9V,994164108,15,0.2,121.931713,24.410042,299.2,0,2024-04-21 18:11:34,1811
2608,,,SHUN LI 38        9V,994164108,15,0.1,121.931638,24.409753,299.2,0,2024-04-21 18:15:30,1804
2478,,,SHUN LI 38        9V,994164108,15,0.5,121.93156,24.409507,332.8,0,2024-04-21 18:18:46,1729
2633,,,SHUN LI 38        9V,994164108,15,0.6,121.93148,24.409295,170.8,0,2024-04-21 18:21:47,1842
2659,,,SHUN LI 38        9V,994164108,15,0.2,121.931283,24.4088,299.2,0,2024-04-21 18:28:47,1859
2520,,,SHUN LI 38        9V,994164108,15,0.6,121.931245,24.408628,193.8,0,2024-04-21 18:31:48,1745
2623,,,SHUN LI 38        9V,994164108,15,0.3,121.931125,24.408243,230.2,0,2024-04-21 18:36:50,1830
2604,,,SHUN LI 38        9V,994164108,15,0.4,121.931072,24.407998,299.2,0,2024-04-21 18:40:50,1822
2635,,,SHUN LI 38        9V,994164108,15,0.6,121.93097,24.407718,224.2,0,2024-04-21 18:44:48,1827
2746,,,SHUN LI 38        9V,994164108,15,0.6,121.930907,24.407605,226.7,0,2024-04-21 18:46:50,1940
2638,,,SHUN LI 38        9V,994164108,15,0.7,121.93074,24.40727,259.2,0,2024-04-21 18:52:50,1850
2638,,,SHUN LI 38        9V,994164108,15,1.0,121.930583,24.40699,312.5,0,2024-04-21 18:56:51,1836
2552,,,SHUN LI 38        9V,994164108,15,0.2,121.930567,24.406938,299.2,0,2024-04-21 18:57:51,1784
2514,,,SHUN LI 38        9V,994164108,15,0.6,121.930367,24.406585,223.9,0,2024-04-21 19:04:50,1758
2418,,,SHUN LI 38        9V,994164108,15,0.5,121.930282,24.40637,299.2,0,2024-04-21 19:08:51,1693
2679,,,SHUN LI 38        9V,994164108,15,0.1,121.930162,24.40611,299.2,0,2024-04-21 19:12:51,1868
2987,,,SHUN LI 38        9V,994164108,15,0.7,121.930048,24.405867,294.6,0,2024-04-21 19:16:53,2100
2657,,,SHUN LI 38        9V,994164108,15,0.9,121.929965,24.405437,218.7,0,2024-04-21 19:20:52,1867
3030,,,SHUN LI 38        9V,994164108,15,0.6,121.92995,24.404827,158.2,0,2024-04-21 19:25:54,2130
2877,,,SHUN LI 38        9V,994164108,15,0.8,121.929865,24.404418,250.6,0,2024-04-21 19:29:54,2035
2817,,,SHUN LI 38        9V,994164108,15,0.6,121.929768,24.404202,225.6,0,2024-04-21 19:31:55,1977
2600,,,SHUN LI 38        9V,994164108,15,2.9,121.930682,24.412432,9.1,0,2024-04-21 19:41:58,1806
2606,,,SHUN LI 38        9V,994164108,15,4.3,121.931365,24.415983,2.9,0,2024-04-21 19:45:59,1825
2718,,,SHUN LI 38        9V,994164108,15,4.1,121.93156,24.416963,7.7,0,2024-04-21 19:46:57,1901
2674,,,SHUN LI 38        9V,994164108,15,0.0,121.932153,24.420098,299.2,0,2024-04-21 19:50:59,1898
2847,,,SHUN LI 38        9V,994164108,15,3.3,121.93271,24.425198,8.9,0,2024-04-21 19:57:59,2010
2870,,,SHUN LI 38        9V,994164108,15,3.5,121.932738,24.426117,3.3,0,2024-04-21 19:58:59,2039
2723,,,SHUN LI 38        9V,994164108,15,1.4,121.932932,24.433498,352.8,0,2024-04-21 20:09:00,1934
2749,,,SHUN LI 38        9V,994164108,15,1.1,121.931987,24.433698,48.9,0,2024-04-21 20:13:02,1965
2744,,,SHUN LI 38        9V,994164108,15,3.1,121.93238,24.435745,347.0,0,2024-04-21 20:16:02,1949
2938,,,SHUN LI 38        9V,994164108,15,3.5,121.932105,24.439818,357.6,0,2024-04-21 20:20:02,2076
2663,,,SHUN LI 38        9V,994164108,15,3.5,121.931507,24.443893,2.0,0,2024-04-21 20:25:04,1914
2608,,,SHUN LI 38        9V,994164108,15,3.4,121.930937,24.446722,350.6,0,2024-04-21 20:30:05,1850
2812,,,SHUN LI 38        9V,994164108,15,2.2,121.929983,24.449957,322.7,0,2024-04-21 20:34:07,2012
2881,,,SHUN LI 38        9V,994164108,15,3.9,121.928987,24.453612,344.4,0,2024-04-21 20:38:08,2065
2800,,,SHUN LI 38        9V,994164108,15,2.8,121.928602,24.456337,352.6,0,2024-04-21 20:41:08,2016
2846,,,SHUN LI 38        9V,994164108,15,7.6,121.938778,24.445892,183.4,0,2024-04-21 20:50:09,2027
2782,,,SHUN LI 38        9V,994164108,15,7.0,121.938655,24.441785,176.9,0,2024-04-21 20:52:09,1991
2825,,,SHUN LI 38        9V,994164108,15,6.9,121.938462,24.427825,181.8,0,2024-04-21 20:59:13,2001
2812,,,SHUN LI 38        9V,994164108,15,7.1,121.938393,24.420418,178.8,0,2024-04-21 21:03:22,2007
2887,,,SHUN LI 38        9V,994164108,15,6.7,121.93841,24.4163,179.4,0,2024-04-21 21:05:26,2059
2798,,,SHUN LI 38        9V,994164108,15,1.4,121.93836,24.4064,296.5,0,2024-04-21 21:10:34,2024
2971,,,SHUN LI 38        9V,994164108,15,1.0,121.937863,24.406602,345.5,0,2024-04-21 21:13:38,2122
2906,,,SHUN LI 38        9V,994164108,15,0.9,121.937138,24.406808,292.4,0,2024-04-21 21:18:43,2076
2859,,,SHUN LI 38        9V,994164108,15,1.0,121.936918,24.40691,297.2,0,2024-04-21 21:20:45,2082
2849,,,SHUN LI 38        9V,994164108,15,0.4,121.9365,24.407087,299.2,0,2024-04-21 21:24:49,2078
2837,,,SHUN LI 38        9V,994164108,15,0.5,121.936,24.407278,201.3,0,2024-04-21 21:29:54,2044
2881,,,SHUN LI 38        9V,994164108,15,1.2,121.935515,24.407492,267.6,0,2024-04-21 21:35:05,2058
2602,,,SHUN LI 38        9V,994164108,15,1.2,121.93516,24.407638,299.2,0,2024-04-21 21:39:11,1865
2741,,,SHUN LI 38        9V,994164108,15,1.4,121.934838,24.407758,298.0,0,2024-04-21 21:43:15,1960
2873,,,SHUN LI 38        9V,994164108,15,0.5,121.93454,24.407832,299.2,0,2024-04-21 21:46:32,2071
2908,,,SHUN LI 38        9V,994164108,15,1.7,121.934075,24.408007,301.2,0,2024-04-21 21:51:33,2110
2891,,,SHUN LI 38        9V,994164108,15,0.1,121.93369,24.408173,299.2,0,2024-04-21 21:56:33,2096
2801,,,SHUN LI 38        9V,994164108,15,0.1,121.933443,24.408297,299.2,0,2024-04-21 22:00:34,2032
2835,,,SHUN LI 38        9V,994164108,15,0.4,121.933232,24.408362,299.2,0,2024-04-21 22:03:35,2064
2684,,,SHUN LI 38        9V,994164108,15,0.4,121.932995,24.40829,280.7,0,2024-04-21 22:08:37,1934
2802,,,SHUN LI 38        9V,994164108,15,0.7,121.932737,24.408027,337.5,0,2024-04-21 22:12:40,2018
2798,,,SHUN LI 38        9V,994164108,15,3.7,121.932207,24.408492,351.2,0,2024-04-21 22:16:41,2012
2738,,,SHUN LI 38        9V,994164108,15,5.0,121.931995,24.410865,357.1,0,2024-04-21 22:18:43,1967
2702,,,SHUN LI 38        9V,994164108,15,4.8,121.931395,24.41516,1.0,0,2024-04-21 22:23:45,1953
2707,,,SHUN LI 38        9V,994164108,15,1.3,121.930783,24.42139,2.2,0,2024-04-21 22:31:49,1970
2557,,,SHUN LI 38        9V,994164108,15,0.9,121.928918,24.431075,267.6,0,2024-04-21 22:45:54,1823
2609,,,SHUN LI 38        9V,994164108,15,2.1,121.928528,24.432072,326.6,0,2024-04-21 22:47:55,1845
2595,,,SHUN LI 38        9V,994164108,15,3.8,121.927943,24.437328,351.6,0,2024-04-21 22:53:57,1835
2536,,,SHUN LI 38        9V,994164108,15,1.4,121.92759,24.439455,341.9,0,2024-04-21 22:56:58,1814
2624,,,SHUN LI 38        9V,994164108,15,3.8,121.927637,24.440697,11.4,0,2024-04-21 22:58:58,1893
2611,,,SHUN LI 38        9V,994164108,15,2.8,121.927475,24.443445,354.5,0,2024-04-21 23:02:01,1887
2752,,,SHUN LI 38        9V,994164108,15,0.3,121.927168,24.446962,299.2,0,2024-04-21 23:08:08,1967
2936,,,SHUN LI 38        9V,994164108,15,2.8,121.927177,24.448038,356.2,0,2024-04-21 23:10:11,2091
2793,,,SHUN LI 38        9V,994164108,15,0.9,121.925972,24.45252,338.1,0,2024-04-21 23:17:18,2010
2776,,,SHUN LI 38        9V,994164108,15,3.5,121.925607,24.454733,342.4,0,2024-04-21 23:21:24,1991
2788,,,SHUN LI 38        9V,994164108,15,0.6,121.923752,24.457915,299.2,0,2024-04-21 23:25:31,2018
2903,,,SHUN LI 38        9V,994164108,15,7.4,121.922522,24.454805,182.6,0,2024-04-21 23:29:41,2083
2855,,,SHUN LI 38        9V,994164108,15,4.6,121.921642,24.447993,190.1,0,2024-04-21 23:33:49,2066
2942,,,SHUN LI 38        9V,994164108,15,6.9,121.921357,24.442653,203.3,0,2024-04-21 23:36:56,2151
2861,,,SHUN LI 38        9V,994164108,15,6.7,121.920583,24.436877,179.4,0,2024-04-21 23:40:02,2105
2885,,,SHUN LI 38        9V,994164108,15,6.4,121.92091,24.419268,175.9,0,2024-04-21 23:49:33,2116
2793,,,SHUN LI 38        9V,994164108,15,0.9,121.921077,24.415828,14.8,0,2024-04-21 23:51:33,2045
2848,,,SHUN LI 38        9V,994164108,15,0.6,121.920938,24.409567,306.6,0,2024-04-21 23:58:38,2044
2753,,,SHUN LI 38        9V,994164108,15,0.2,121.920825,24.409655,299.2,0,2024-04-22 00:01:41,1980
3012,,,SHUN LI 38        9V,994164108,15,0.5,121.920687,24.409757,299.2,0,2024-04-22 00:06:49,2173
2819,,,SHUN LI 38        9V,994164108,15,0.6,121.920538,24.409543,299.2,0,2024-04-22 00:10:56,2041
2787,,,SHUN LI 38        9V,994164108,15,0.7,121.920365,24.409422,341.4,0,2024-04-22 00:14:00,2030
2888,,,SHUN LI 38        9V,994164108,15,0.6,121.92024,24.409355,299.2,0,2024-04-22 00:16:03,2074
2740,,,SHUN LI 38        8V,994164108,15,0.1,121.919347,24.40906,299.2,0,2024-04-22 00:27:13,1983
2785,,,SHUN LI 38        8V,994164108,15,0.2,121.919103,24.408978,299.2,0,2024-04-22 00:30:09,2027
2910,,,SHUN LI 38        9V,994164108,15,0.2,121.918777,24.40879,299.2,0,2024-04-22 00:34:29,2098
2848,,,SHUN LI 38        9V,994164108,15,0.3,121.91842,24.408578,266.0,0,2024-04-22 00:39:29,2082
2957,,,SHUN LI 38        9V,994164108,15,0.4,121.918307,24.408472,264.6,0,2024-04-22 00:41:29,2160
2809,,,SHUN LI 38        9V,994164108,15,0.5,121.91791,24.408183,119.3,0,2024-04-22 00:47:27,2025
3246,,,SHUN LI 38        9V,994164108,15,0.4,121.91767,24.407968,320.5,0,2024-04-22 00:51:29,2355
2823,,,SHUN LI 38        9V,994164108,15,0.3,121.917547,24.407863,240.1,0,2024-04-22 00:53:30,2051
2889,,,SHUN LI 38        9V,994164108,15,0.8,121.916872,24.407175,179.6,0,2024-04-22 01:03:31,2097
2985,,,SHUN LI 38        9V,994164108,15,0.1,121.916633,24.406815,299.2,0,2024-04-22 01:07:32,2182
2859,,,SHUN LI 38        9V,994164108,15,0.4,121.916318,24.40649,222.6,0,2024-04-22 01:11:31,2080
3141,,,SHUN LI 38        9V,994164108,15,6.8,121.915503,24.406738,13.9,0,2024-04-22 01:22:41,2296
3016,,,SHUN LI 38        9V,994164108,15,0.2,121.91614,24.407402,299.2,0,2024-04-22 01:27:42,2199
2766,,,SHUN LI 38        9V,994164108,15,2.7,121.915783,24.407813,338.4,0,2024-04-22 01:32:43,2006
2783,,,SHUN LI 38        9V,994164108,15,0.5,121.915097,24.410533,299.2,0,2024-04-22 01:36:44,2011
2883,,,SHUN LI 38        9V,994164108,15,3.6,121.914755,24.412545,349.8,0,2024-04-22 01:39:46,2093
2951,,,SHUN LI 38        9V,994164108,15,2.9,121.914857,24.415988,357.1,0,2024-04-22 01:43:48,2157
2805,,,SHUN LI 38        9V,994164108,15,2.8,121.914558,24.419477,357.7,0,2024-04-22 01:48:49,2059
2866,,,SHUN LI 38        9V,994164108,15,0.2,121.91462,24.422142,299.2,0,2024-04-22 01:52:52,2094
2901,,,SHUN LI 38        9V,994164108,15,2.6,121.914103,24.424205,346.1,0,2024-04-22 01:56:53,2122
2673,,,SHUN LI 38        9V,994164108,15,3.4,121.914032,24.426633,356.7,0,2024-04-22 02:00:55,1945
2885,,,SHUN LI 38        9V,994164108,15,2.5,121.914097,24.428963,354.4,0,2024-04-22 02:03:56,2109
2813,,,SHUN LI 38        9V,994164108,15,3.0,121.913847,24.432372,5.4,0,2024-04-22 02:09:57,2052
2975,,,SHUN LI 38        9V,994164108,15,3.4,121.913885,24.433212,356.4,0,2024-04-22 02:10:57,2149
2876,,,SHUN LI 38        9V,994164108,15,2.4,121.913538,24.43616,16.6,0,2024-04-22 02:16:59,2074
2785,,,SHUN LI 38        9V,994164108,15,0.4,121.912995,24.437845,299.2,0,2024-04-22 02:20:01,2035
2960,,,SHUN LI 38        9V,994164108,15,1.7,121.912912,24.44032,4.2,0,2024-04-22 02:24:02,2131
3079,,,SHUN LI 38        9V,994164108,15,3.1,121.9125,24.442987,316.0,0,2024-04-22 02:29:01,2241
2963,,,SHUN LI 38        9V,994164108,15,1.7,121.911882,24.444168,352.3,0,2024-04-22 02:31:02,2169
2762,,,SHUN LI 38        9V,994164108,15,2.3,121.911452,24.448173,26.9,0,2024-04-22 02:37:04,2022
2870,,,SHUN LI 38        9V,994164108,15,6.5,121.915125,24.453207,179.3,0,2024-04-22 02:45:07,2117
3075,,,SHUN LI 38        9V,994164108,15,6.5,121.915067,24.445873,185.2,0,2024-04-22 02:49:08,2241
3018,,,SHUN LI 38        9V,994164108,15,6.5,121.914838,24.438727,179.1,0,2024-04-22 02:53:08,2192
2935,,,SHUN LI 38        9V,994164108,15,6.3,121.913425,24.4245,176.5,0,2024-04-22 03:01:10,2150
3006,,,SHUN LI 38        9V,994164108,15,6.5,121.913428,24.419007,178.5,0,2024-04-22 03:04:11,2227
2994,,,SHUN LI 38        9V,994164108,15,0.6,121.913582,24.407543,33.8,0,2024-04-22 03:14:15,2219
3381,,,SHUN LI 38        9V,994164108,15,1.1,121.913957,24.40703,101.5,0,2024-04-22 03:18:17,2500
2996,,,SHUN LI 38        9V,994164108,15,0.6,121.914025,24.406568,299.2,0,2024-04-22 03:22:19,2202
3130,,,SHUN LI 38        9V,994164108,15,1.2,121.913967,24.406115,158.8,0,2024-04-22 03:26:20,2309
3045,,,SHUN LI 38        9V,994164108,15,1.0,121.913888,24.405633,137.9,0,2024-04-22 03:30:22,2235
3067,,,SHUN LI 38        9V,994164108,15,0.5,121.913867,24.405132,299.2,0,2024-04-22 03:34:22,2273
3078,,,SHUN LI 38        9V,994164108,15,0.3,121.913782,24.404728,299.2,0,2024-04-22 03:37:23,2272
3108,,,SHUN LI 38        9V,994164108,15,2.1,121.913755,24.403935,255.3,0,2024-04-22 03:43:25,2292
3084,,,SHUN LI 38        9V,994164108,15,0.8,121.913717,24.403678,299.2,0,2024-04-22 03:45:25,2284
2978,,,SHUN LI 38        9V,994164108,15,1.0,121.91368,24.403023,299.2,0,2024-04-22 03:50:28,2203
2981,,,SHUN LI 38        9V,994164108,15,1.1,121.913595,24.40252,299.2,0,2024-04-22 03:54:29,2186
2794,,,SHUN LI 38        9V,994164108,15,0.6,121.913425,24.401313,21.3,0,2024-04-22 04:03:03,2056
2917,,,SHUN LI 38        9V,994164108,15,0.9,121.91326,24.400822,162.4,0,2024-04-22 04:07:03,2160
2980,,,SHUN LI 38        9V,994164108,15,0.7,121.913163,24.400307,299.2,0,2024-04-22 04:11:06,2193
3072,,,SHUN LI 38        9V,994164108,15,0.4,121.91303,24.399763,299.2,0,2024-04-22 04:15:07,2255
2922,,,SHUN LI 38        9V,994164108,15,0.4,121.912893,24.399262,299.2,0,2024-04-22 04:19:08,2143
3042,,,SHUN LI 38        9V,994164108,15,0.4,121.912692,24.398643,317.4,0,2024-04-22 04:24:08,2240
3175,,,SHUN LI 38        9V,994164108,15,0.1,121.91252,24.398285,299.2,0,2024-04-22 04:27:08,2317
3024,,,SHUN LI 38        9V,994164108,15,0.2,121.912328,24.397782,299.2,0,2024-04-22 04:31:09,2210
3023,,,SHUN LI 38        9V,994164108,15,0.4,121.912067,24.39715,299.2,0,2024-04-22 04:36:11,2241
2990,,,SHUN LI 38        9V,994164108,15,0.7,121.911882,24.396587,299.2,0,2024-04-22 04:40:12,2217
3192,,,SHUN LI 38        9V,994164108,15,0.5,121.911638,24.396085,299.2,0,2024-04-22 04:44:13,2347
3249,,,SHUN LI 38        9V,994164108,15,0.3,121.911435,24.395725,299.2,0,2024-04-22 04:47:12,2384
2912,,,SHUN LI 38        9V,994164108,15,1.0,121.91114,24.395032,313.3,0,2024-04-22 04:52:14,2169
2954,,,SHUN LI 38        9V,994164108,15,0.8,121.911,24.394613,299.2,0,2024-04-22 04:55:14,2182
2845,,,SHUN LI 38        9V,994164108,15,0.7,121.910812,24.394293,157.1,0,2024-04-22 04:58:16,2092
3027,,,SHUN LI 38        9V,994164108,15,0.3,121.91039,24.393905,299.2,0,2024-04-22 05:04:18,2210
3008,,,SHUN LI 38        9V,994164108,15,0.4,121.910303,24.39388,299.2,0,2024-04-22 05:06:18,2207
2934,,,SHUN LI 38        9V,994164108,15,4.8,121.910092,24.381477,180.8,0,2024-04-22 05:19:43,2159
2945,,,SHUN LI 38        9V,994164108,15,2.3,121.910183,24.376605,175.1,0,2024-04-22 05:23:48,2163
2868,,,SHUN LI 38        9V,994164108,15,2.9,121.910068,24.369867,172.4,0,2024-04-22 05:29:54,2127
3246,,,SHUN LI 38        9V,994164108,15,3.8,121.909892,24.365502,180.3,0,2024-04-22 05:33:59,2398
3500,,,SHUN LI 38        9V,994164108,15,2.1,121.910005,24.362443,173.0,0,2024-04-22 05:37:00,2589
2990,,,SHUN LI 38        9V,994164108,15,4.7,121.91006,24.358585,192.1,0,2024-04-22 05:41:00,2192
2944,,,SHUN LI 38        9V,994164108,15,2.4,121.909778,24.35678,174.5,0,2024-04-22 05:43:00,2185
3029,,,SHUN LI 38        8V,994164108,15,3.9,121.910328,24.352953,158.8,0,2024-04-22 05:47:02,2231
3037,,,SHUN LI 38        8V,994164108,15,6.3,121.9109,24.35047,125.3,0,2024-04-22 05:51:05,2255
3102,,,SHUN LI 38        8V,994164108,15,9.7,121.909115,24.359985,347.8,0,2024-04-22 05:55:08,2291
2969,,,SHUN LI 38        8V,994164108,15,10.9,121.907052,24.379402,359.1,0,2024-04-22 06:01:34,2186
2922,,,SHUN LI 38        9V,994164108,15,11.1,121.903558,24.41426,350.9,0,2024-04-22 06:12:47,2166
3185,,,SHUN LI 38        9V,994164108,15,10.8,121.901652,24.43314,352.8,0,2024-04-22 06:18:53,2376
3098,,,SHUN LI 38        9V,994164108,15,10.1,121.899082,24.45793,345.8,0,2024-04-22 06:26:59,2273
3033,,,SHUN LI 38        9V,994164108,15,10.6,121.898195,24.46702,346.6,0,2024-04-22 06:30:00,2238
3289,,,SHUN LI 38        9V,994164108,15,10.8,121.897452,24.473105,352.5,0,2024-04-22 06:32:00,2441
3384,,,SHUN LI 38        8V,994164108,15,11.3,121.894503,24.495128,352.9,0,2024-04-22 06:39:00,2517
3257,,,SHUN LI 38        8V,994164108,15,11.3,121.892455,24.510868,350.3,0,2024-04-22 06:43:56,2421
3184,,,SHUN LI 38        9V,994164108,15,11.4,121.890308,24.52822,347.2,0,2024-04-22 06:49:14,2371
3220,,,SHUN LI 38        9V,994164108,15,12.1,121.888363,24.548027,355.7,0,2024-04-22 06:55:16,2391
3381,,,SHUN LI 38        9V,994164108,15,11.9,121.887208,24.561497,351.1,0,2024-04-22 06:59:16,2508
3185,,,SHUN LI 38        9V,994164108,15,12.2,121.885883,24.575062,354.6,0,2024-04-22 07:03:16,2368
3239,,,SHUN LI 38        9V,994164108,15,11.8,121.884035,24.588638,338.4,0,2024-04-22 07:07:17,2378
3268,,,SHUN LI 38        9V,994164108,15,11.3,121.873228,24.592455,251.5,0,2024-04-22 07:11:17,2423
3378,,,SHUN LI 38        9V,994164108,15,0.1,121.869077,24.585622,299.2,0,2024-04-22 07:16:17,2500
3238,,,SHUN LI 38        9V,994164108,15,1.1,121.869095,24.585668,0.9,0,2024-04-22 07:19:17,2412
3315,,,SHUN LI 38        9V,994164108,15,2.7,121.86984,24.585743,358.6,0,2024-04-22 07:24:18,2464
3279,,,SHUN LI 38        9V,994164108,15,0.1,121.869902,24.586075,299.2,0,2024-04-22 07:28:19,2440
3301,,,SHUN LI 38        9V,994164108,15,0.0,121.869997,24.586113,299.2,0,2024-04-22 07:32:20,2422
3293,,,SHUN LI 38        9V,994164108,15,0.0,121.869952,24.586058,299.2,0,2024-04-22 07:36:21,2432
3280,,,SHUN LI 38        9V,994164108,15,0.0,121.869945,24.586015,299.2,0,2024-04-22 07:40:22,2423
3441,,,SHUN LI 38        9V,994164108,15,0.0,121.869978,24.585998,299.2,0,2024-04-22 07:44:23,2515
3056,,,SHUN LI 38        9V,994164108,15,0.2,121.870248,24.58605,299.2,0,2024-04-22 07:48:25,2279
3219,,,SHUN LI 38        9V,994164108,15,6.0,121.870052,24.582828,170.0,0,2024-04-22 07:52:25,2353
3175,,,SHUN LI 38        9V,994164108,15,0.0,121.871502,24.580437,299.2,0,2024-04-22 07:57:25,2312
3153,,,SHUN LI 38        9V,994164108,15,0.0,121.87151,24.580433,59.2,0,2024-04-22 08:01:27,2318
3380,,,SHUN LI 38        9V,994164108,15,0.0,121.871462,24.580438,59.2,0,2024-04-22 08:05:26,2479
3105,,,SHUN LI 38        9V,994164108,15,0.0,121.871477,24.58048,59.2,0,2024-04-22 08:09:28,2298
3010,,,SHUN LI 38        9V,994164108,15,1.0,121.871487,24.580583,113.3,0,2024-04-22 08:12:29,2216
3057,,,SHUN LI 38        9V,994164108,15,0.1,121.87146,24.580637,59.2,0,2024-04-22 08:16:31,2238
2999,,,SHUN LI 38        8V,994164108,15,8.1,121.870093,24.583032,345.9,0,2024-04-22 08:25:35,2210
3440,,,SHUN LI 38        9V,994164108,15,0.0,121.867273,24.584425,59.2,0,2024-04-22 08:30:37,2505
3127,,,SHUN LI 38        9V,994164108,15,5.3,121.867482,24.584532,322.0,0,2024-04-22 08:34:40,2268
3329,,,SHUN LI 38        9V,994164108,15,0.0,121.865548,24.584667,59.2,0,2024-04-22 08:38:42,2416
3325,,,SHUN LI 38        9V,994164108,15,0.0,121.865578,24.584685,59.2,0,2024-04-22 08:42:43,2404
3161,,,SHUN LI 38        9V,994164108,15,0.2,121.865652,24.584583,59.2,0,2024-04-22 08:46:45,2285
3064,,,SHUN LI 38        9V,994164108,15,0.3,121.865687,24.58464,59.2,0,2024-04-22 08:50:46,2213
2980,,,SHUN LI 38        9V,994164108,15,0.1,121.86562,24.584683,59.2,0,2024-04-22 08:52:48,2183
3120,,,SHUN LI 38        9V,994164108,15,0.1,121.865572,24.584723,59.2,0,2024-04-22 08:58:53,2283
3003,,,SHUN LI 38        9V,994164108,15,0.1,121.86556,24.584827,59.2,0,2024-04-22 09:05:58,2169
3210,,,SHUN LI 38        9V,994164108,15,0.0,121.865567,24.584702,59.2,0,2024-04-22 09:08:59,2305
3180,,,SHUN LI 38        9V,994164108,15,0.1,121.865615,24.584643,59.2,0,2024-04-22 09:15:05,2316
3443,,,SHUN LI 38        9V,994164108,15,0.0,121.865588,24.58475,59.2,0,2024-04-22 09:19:10,2486
2998,,,SHUN LI 38        9V,994164108,15,0.0,121.865617,24.584748,59.2,0,2024-04-22 09:22:18,2159
3167,,,SHUN LI 38        9V,994164108,15,0.0,121.865588,24.584755,59.2,0,2024-04-22 09:25:21,2278
3267,,,SHUN LI 38        9V,994164108,15,0.0,121.865693,24.58482,59.2,0,2024-04-22 09:31:27,2343
3201,,,SHUN LI 38        9V,994164108,15,0.0,121.865743,24.58475,59.2,0,2024-04-22 09:35:42,2313
3086,,,SHUN LI 38        9V,994164108,15,0.1,121.866007,24.584697,59.2,0,2024-04-22 09:39:07,2191
3125,,,SHUN LI 38        9V,994164108,15,0.0,121.865648,24.584615,59.2,0,2024-04-22 09:43:35,2177
2844,,,SHUN LI 38        9V,994164108,15,0.2,121.865702,24.584862,59.2,0,2024-04-22 09:46:36,1966
2841,,,SHUN LI 38        9V,994164108,15,0.1,121.865618,24.584753,59.2,0,2024-04-22 09:51:37,2009
2877,,,SHUN LI 38        9V,994164108,15,0.0,121.865608,24.584692,59.2,0,2024-04-22 09:56:38,2048
3046,,,SHUN LI 38        9V,994164108,15,0.0,121.865623,24.584665,59.2,0,2024-04-22 10:00:38,2204
3090,,,SHUN LI 38        8V,994164108,15,0.1,121.865612,24.584723,59.2,0,2024-04-22 10:04:39,2203
2995,,,SHUN LI 38        9V,994164108,15,0.1,121.865607,24.58476,59.2,0,2024-04-22 10:08:40,2143
3259,,,SHUN LI 38        9V,994164108,15,0.1,121.865605,24.584702,59.2,0,2024-04-22 10:10:40,2313
3016,,,SHUN LI 38        9V,994164108,15,0.0,121.865612,24.584695,59.2,0,2024-04-22 10:14:41,2151
3107,,,SHUN LI 38        9V,994164108,15,0.0,121.865617,24.58474,59.2,0,2024-04-22 10:18:40,2211
3088,,,SHUN LI 38        9V,994164108,15,0.1,121.86564,24.58474,59.2,0,2024-04-22 10:24:41,2187
3237,,,SHUN LI 38        9V,994164108,15,2.4,121.865632,24.584732,180.7,0,2024-04-22 10:29:40,2330
3385,,,SHUN LI 38        9V,994164108,15,0.1,121.868957,24.585458,59.2,0,2024-04-22 10:33:40,2409
3228,,,SHUN LI 38        9V,994164108,15,0.0,121.868987,24.585478,59.2,0,2024-04-22 10:37:41,2299
3116,,,SHUN LI 38        9V,994164108,15,0.0,121.868943,24.585502,59.2,0,2024-04-22 10:41:40,2243
3262,,,SHUN LI 38        9V,994164108,15,0.0,121.868948,24.585477,59.2,0,2024-04-22 10:45:41,2342
3202,,,SHUN LI 38        9V,994164108,15,0.0,121.868968,24.585492,59.2,0,2024-04-22 10:49:41,2276
2992,,,SHUN LI 38        9V,994164108,15,0.0,121.868978,24.58546,59.2,0,2024-04-22 10:53:42,2119
3038,,,SHUN LI 38        9V,994164108,15,0.1,121.86893,24.5855,59.2,0,2024-04-22 10:57:44,2166
3034,,,SHUN LI 38        9V,994164108,15,0.1,121.86901,24.585307,59.2,0,2024-04-22 11:01:47,2168
2870,,,SHUN LI 38        9V,994164108,15,0.1,121.868933,24.58551,59.2,0,2024-04-22 11:04:49,2034
2920,,,SHUN LI 38        9V,994164108,15,0.2,121.868895,24.585485,59.2,0,2024-04-22 11:09:57,2101
3200,,,SHUN LI 38        9V,994164108,15,0.1,121.86891,24.58549,59.2,0,2024-04-22 11:13:05,2289
3064,,,SHUN LI 38        9V,994164108,15,0.0,121.868948,24.585455,59.2,0,2024-04-22 11:18:09,2192
2811,,,SHUN LI 38        9V,994164108,15,0.0,121.86899,24.585422,59.2,0,2024-04-22 11:20:11,1992
2911,,,SHUN LI 38        9V,994164108,15,0.0,121.869045,24.585398,59.2,0,2024-04-22 11:26:15,2026
2898,,,SHUN LI 38        9V,994164108,15,0.0,121.868948,24.585482,59.2,0,2024-04-22 11:30:19,2067
3090,,,SHUN LI 38        9V,994164108,15,0.0,121.86896,24.585455,59.2,0,2024-04-22 11:33:21,2205
2931,,,SHUN LI 38        9V,994164108,15,0.0,121.869023,24.585453,59.2,0,2024-04-22 11:38:26,2095
3182,,,SHUN LI 38        9V,994164108,15,0.1,121.868922,24.585517,59.2,0,2024-04-22 11:41:28,2262
3252,,,SHUN LI 38        9V,994164108,15,0.1,121.869047,24.585372,59.2,0,2024-04-22 11:46:35,2309
3260,,,SHUN LI 38        8V,994164108,15,0.0,121.868783,24.585653,59.2,0,2024-04-22 11:51:47,2314
3045,,,SHUN LI 38        9V,994164108,15,8.0,121.869213,24.586172,359.3,0,2024-04-22 11:55:57,2186
3260,,,SHUN LI 38        9V,994164108,15,8.1,121.87219,24.591765,69.7,0,2024-04-22 11:59:04,2313
2917,,,SHUN LI 38        9V,994164108,15,10.4,121.88328,24.59011,165.5,0,2024-04-22 12:03:34,2116
3161,,,SHUN LI 38        9V,994164108,15,9.3,121.885552,24.579092,171.9,0,2024-04-22 12:07:34,2278
3150,,,SHUN LI 38        9V,994164108,15,9.0,121.88659,24.568857,173.5,0,2024-04-22 12:11:35,2270
2990,,,SHUN LI 38        9V,994164108,15,8.8,121.887323,24.55863,175.9,0,2024-04-22 12:15:35,2135
3020,,,SHUN LI 38        9V,994164108,15,9.2,121.88785,24.55098,180.3,0,2024-04-22 12:18:34,2153
2900,,,SHUN LI 38        9V,994164108,15,9.4,121.888348,24.543318,179.9,0,2024-04-22 12:21:35,2062
3152,,,SHUN LI 38        9V,994164108,15,9.1,121.889225,24.530223,177.0,0,2024-04-22 12:26:36,2293
3112,,,SHUN LI 38        8V,994164108,15,9.3,121.889828,24.517303,176.8,0,2024-04-22 12:31:35,2230
3112,,,SHUN LI 38        9V,994164108,15,9.6,121.890487,24.504348,180.8,0,2024-04-22 12:36:34,2225
3036,,,SHUN LI 38        9V,994164108,15,5.1,121.892357,24.497837,162.7,0,2024-04-22 12:40:34,2194
3009,,,SHUN LI 38        9V,994164108,15,4.8,121.89372,24.492395,165.1,0,2024-04-22 12:44:34,2159
3053,,,SHUN LI 38        7V,994164108,15,5.0,121.895165,24.487053,152.6,0,2024-04-22 12:48:34,2172
3109,,,SHUN LI 38        7V,994164108,15,5.0,121.897442,24.482092,156.5,0,2024-04-22 12:52:34,2205
3062,,,SHUN LI 38        8V,994164108,15,4.8,121.899073,24.478412,158.2,0,2024-04-22 12:55:31,2188
3065,,,SHUN LI 38        8V,994164108,15,5.0,121.901965,24.47165,162.1,0,2024-04-22 13:00:47,2167
2926,,,SHUN LI 38        9V,994164108,15,1.1,121.902062,24.469117,232.4,0,2024-04-22 13:05:48,2054
3178,,,SHUN LI 38        9V,994164108,15,0.9,121.901373,24.468442,254.5,0,2024-04-22 13:09:47,2234
2858,,,SHUN LI 38        9V,994164108,15,0.8,121.90092,24.467993,235.3,0,2024-04-22 13:12:46,2012
2905,,,SHUN LI 38        9V,994164108,15,0.8,121.899875,24.467272,226.0,0,2024-04-22 13:17:46,2054
2881,,,SHUN LI 38        9V,994164108,15,0.6,121.899242,24.466862,239.6,0,2024-04-22 13:20:45,2044
2862,,,SHUN LI 38        9V,994164108,15,1.2,121.897967,24.466223,251.1,0,2024-04-22 13:25:46,2003
2846,,,SHUN LI 38        9V,994164108,15,0.6,121.897308,24.46591,256.0,0,2024-04-22 13:28:46,1990
2785,,,SHUN LI 38        9V,994164108,15,0.6,121.89641,24.465668,280.1,0,2024-04-22 13:33:46,1970
3042,,,SHUN LI 38        9V,994164108,15,0.6,121.895603,24.465548,258.9,0,2024-04-22 13:38:47,2137
2760,,,SHUN LI 38        9V,994164108,15,0.9,121.894795,24.465285,246.3,0,2024-04-22 13:43:46,1957
2900,,,SHUN LI 38        9V,994164108,15,0.6,121.894013,24.464943,245.5,0,2024-04-22 13:47:50,2031
2736,,,SHUN LI 38        9V,994164108,15,1.0,121.893443,24.464678,256.7,0,2024-04-22 13:50:47,1899
2883,,,SHUN LI 38        9V,994164108,15,0.9,121.892218,24.464218,225.4,0,2024-04-22 13:55:47,1989
2609,,,SHUN LI 38        9V,994164108,15,0.7,121.891343,24.463867,261.6,0,2024-04-22 13:59:47,1803
2763,,,SHUN LI 38        9V,994164108,15,0.8,121.890707,24.463665,261.0,0,2024-04-22 14:02:46,1914
2702,,,SHUN LI 38        9V,994164108,15,1.0,121.889442,24.4631,280.9,0,2024-04-22 14:08:47,1888
2812,,,SHUN LI 38        9V,994164108,15,1.3,121.888547,24.46267,245.1,0,2024-04-22 14:12:48,1930
2669,,,SHUN LI 38        9V,994164108,15,1.1,121.887835,24.46226,256.2,0,2024-04-22 14:15:49,1828
2712,,,SHUN LI 38        9V,994164108,15,1.1,121.887138,24.461898,236.7,0,2024-04-22 14:18:49,1861
2947,,,SHUN LI 38        9V,994164108,15,0.8,121.885553,24.461267,240.3,0,2024-04-22 14:24:51,2028
3006,,,SHUN LI 38        8V,994164108,15,0.8,121.884735,24.460818,265.4,0,2024-04-22 14:28:53,2075
2833,,,SHUN LI 38        9V,994164108,15,1.2,121.883668,24.460467,255.4,0,2024-04-22 14:32:55,1969
2822,,,SHUN LI 38        9V,994164108,15,0.8,121.882542,24.459987,239.9,0,2024-04-22 14:36:57,1955
2760,,,SHUN LI 38        9V,994164108,15,0.8,121.88148,24.459545,247.1,0,2024-04-22 14:40:59,1941
2862,,,SHUN LI 38        9V,994164108,15,0.9,121.880402,24.459142,246.4,0,2024-04-22 14:45:00,1993
2943,,,SHUN LI 38        9V,994164108,15,1.2,121.87966,24.45881,242.9,0,2024-04-22 14:48:00,2067
2815,,,SHUN LI 38        9V,994164108,15,1.1,121.878893,24.45846,223.0,0,2024-04-22 14:51:00,1975
3034,,,SHUN LI 38        9V,994164108,15,0.8,121.877297,24.457943,244.1,0,2024-04-22 14:57:00,2136
2906,,,SHUN LI 38        9V,994164108,15,1.0,121.87651,24.457518,230.8,0,2024-04-22 15:00:00,2044
2880,,,SHUN LI 38        9V,994164108,15,0.8,121.875213,24.456665,228.4,0,2024-04-22 15:05:01,2024
2841,,,SHUN LI 38        9V,994164108,15,1.3,121.874128,24.456012,248.1,0,2024-04-22 15:09:01,2002
3030,,,SHUN LI 38        9V,994164108,15,0.5,121.873693,24.45584,292.9,0,2024-04-22 15:11:02,2122
3014,,,SHUN LI 38        9V,994164108,15,0.8,121.87318,24.455728,262.7,0,2024-04-22 15:17:02,2082
3123,,,SHUN LI 38        9V,994164108,15,0.3,121.87264,24.455773,59.2,0,2024-04-22 15:21:03,2168
3081,,,SHUN LI 38        9V,994164108,15,0.6,121.872023,24.455838,331.7,0,2024-04-22 15:25:06,2135
2780,,,SHUN LI 38        9V,994164108,15,0.7,121.871772,24.455898,290.5,0,2024-04-22 15:27:08,1915
2682,,,SHUN LI 38        9V,994164108,15,0.7,121.871365,24.455922,344.2,0,2024-04-22 15:30:12,1866
2947,,,SHUN LI 38        9V,994164108,15,1.3,121.869963,24.455765,293.6,0,2024-04-22 15:38:17,2029
2753,,,SHUN LI 38        9V,994164108,15,0.7,121.869047,24.455508,59.2,0,2024-04-22 15:42:19,1932
2814,,,SHUN LI 38        9V,994164108,15,0.6,121.868153,24.455177,228.4,0,2024-04-22 15:46:21,1976
2850,,,SHUN LI 38        9V,994164108,15,0.8,121.867337,24.455152,312.7,0,2024-04-22 15:50:24,1986
3129,,,SHUN LI 38        9V,994164108,15,7.7,121.871912,24.455617,84.8,0,2024-04-22 15:54:27,2175
2752,,,SHUN LI 38        9V,994164108,15,7.7,121.879007,24.456575,81.8,0,2024-04-22 15:57:29,1933
2855,,,SHUN LI 38        9V,994164108,15,7.6,121.889647,24.458855,78.5,0,2024-04-22 16:02:05,2007
3022,,,SHUN LI 38        9V,994164108,15,7.8,121.899245,24.459603,89.0,0,2024-04-22 16:06:09,2127
2963,,,SHUN LI 38        9V,994164108,15,7.8,121.906578,24.459483,92.5,0,2024-04-22 16:09:12,2078
2948,,,SHUN LI 38        9V,994164108,15,8.0,121.921237,24.459345,86.9,0,2024-04-22 16:15:28,2105
2936,,,SHUN LI 38        9V,994164108,15,3.6,121.929652,24.459242,93.2,0,2024-04-22 16:19:06,2063
2883,,,SHUN LI 38        9V,994164108,15,0.5,121.930222,24.458572,59.2,0,2024-04-22 16:22:42,2011
2729,,,SHUN LI 38        9V,994164108,15,1.0,121.930308,24.457832,59.2,0,2024-04-22 16:26:14,1940
3131,,,SHUN LI 38        9V,994164108,15,1.1,121.930362,24.45668,59.2,0,2024-04-22 16:31:54,2248
2886,,,SHUN LI 38        9V,994164108,15,0.7,121.930287,24.455978,59.2,0,2024-04-22 16:35:11,2090
3070,,,SHUN LI 38        9V,994164108,15,0.4,121.930205,24.455243,59.2,0,2024-04-22 16:38:25,2195
2877,,,SHUN LI 38        9V,994164108,15,0.5,121.93021,24.45429,59.2,0,2024-04-22 16:42:39,2026
2960,,,SHUN LI 38        9V,994164108,15,0.4,121.930148,24.453152,59.2,0,2024-04-22 16:47:48,2104
2966,,,SHUN LI 38        9V,994164108,15,0.6,121.930312,24.452495,59.2,0,2024-04-22 16:50:54,2126
2797,,,SHUN LI 38        9V,994164108,15,1.2,121.93011,24.451828,59.2,0,2024-04-22 16:53:58,1994
2616,,,SHUN LI 38        9V,994164108,15,0.7,121.929995,24.450795,59.2,0,2024-04-22 17:00:07,1831
2444,,,SHUN LI 38        9V,994164108,15,0.6,121.929972,24.450467,59.2,0,2024-04-22 17:02:09,1689
2814,,,SHUN LI 38        9V,994164108,15,8.2,121.928353,24.453127,341.8,0,2024-04-22 17:07:16,1971
2704,,,SHUN LI 38        9V,994164108,15,0.3,121.926835,24.459082,59.2,0,2024-04-22 17:12:21,1901
2696,,,SHUN LI 38        9V,994164108,15,3.5,121.928613,24.459248,83.4,0,2024-04-22 17:16:26,1934
2986,,,SHUN LI 38        9V,994164108,15,5.7,121.927408,24.459158,179.0,0,2024-04-22 17:20:29,2127
2816,,,SHUN LI 38        9V,994164108,15,7.0,121.928052,24.450935,171.2,0,2024-04-22 17:24:32,2048
2879,,,SHUN LI 38        9V,994164108,15,6.9,121.92849,24.444717,180.4,0,2024-04-22 17:27:37,2078
3026,,,SHUN LI 38        7V,994164108,15,7.1,121.928373,24.431843,182.8,0,2024-04-22 17:33:42,2194
2668,,,SHUN LI 38        9V,994164108,15,7.4,121.928232,24.416995,178.4,0,2024-04-22 17:40:49,1916
3000,,,SHUN LI 38        9V,994164108,15,7.9,121.928175,24.410608,182.1,0,2024-04-22 17:43:52,2150
2898,,,SHUN LI 38        8V,994164108,15,1.1,121.927767,24.407877,232.7,0,2024-04-22 17:47:57,2082
2918,,,SHUN LI 38        9V,994164108,15,1.9,121.926925,24.40677,205.3,0,2024-04-22 17:53:01,2106
2914,,,SHUN LI 38        9V,994164108,15,1.1,121.92628,24.405892,237.4,0,2024-04-22 17:57:06,2095
3009,,,SHUN LI 38        9V,994164108,15,0.5,121.925985,24.405527,209.2,0,2024-04-22 17:59:08,2164
2853,,,SHUN LI 38        9V,994164108,15,1.0,121.925225,24.40458,231.4,0,2024-04-22 18:04:33,2079
2822,,,SHUN LI 38        9V,994164108,15,1.2,121.924615,24.403673,167.1,0,2024-04-22 18:09:33,2071
2928,,,SHUN LI 38        9V,994164108,15,0.4,121.924158,24.402903,59.2,0,2024-04-22 18:13:33,2124
2944,,,SHUN LI 38        9V,994164108,15,0.8,121.923803,24.402338,237.4,0,2024-04-22 18:16:35,2135
2864,,,SHUN LI 38        9V,994164108,15,0.9,121.92321,24.401408,253.3,0,2024-04-22 18:21:36,2081
2803,,,SHUN LI 38        9V,994164108,15,0.0,121.922737,24.400653,59.2,0,2024-04-22 18:25:38,2034
2874,,,SHUN LI 38        9V,994164108,15,0.6,121.922215,24.399723,188.4,0,2024-04-22 18:30:36,2095
2851,,,SHUN LI 38        9V,994164108,15,0.6,121.921792,24.399012,214.1,0,2024-04-22 18:34:36,2076
2873,,,SHUN LI 38        9V,994164108,15,0.4,121.921353,24.398277,160.3,0,2024-04-22 18:38:37,2072
2718,,,SHUN LI 38        9V,994164108,15,0.7,121.920958,24.397575,190.3,0,2024-04-22 18:42:37,1964
2720,,,SHUN LI 38        9V,994164108,15,1.2,121.920777,24.39729,330.9,0,2024-04-22 18:44:36,1955
2806,,,SHUN LI 38        9V,994164108,15,0.6,121.920125,24.396347,211.7,0,2024-04-22 18:50:37,2017
2741,,,SHUN LI 38        9V,994164108,15,0.9,121.919812,24.395855,228.2,0,2024-04-22 18:53:38,2012
2730,,,SHUN LI 38        9V,994164108,15,0.4,121.919277,24.395053,329.1,0,2024-04-22 18:58:37,1996
2759,,,SHUN LI 38        9V,994164108,15,0.6,121.918852,24.39439,216.4,0,2024-04-22 19:02:37,2015
2802,,,SHUN LI 38        9V,994164108,15,0.6,121.918487,24.393792,272.1,0,2024-04-22 19:06:37,2038
2757,,,SHUN LI 38        9V,994164108,15,1.5,121.918072,24.393173,204.7,0,2024-04-22 19:10:35,1995
2714,,,SHUN LI 38        7V,994164108,15,1.1,121.917568,24.392473,217.5,0,2024-04-22 19:15:30,1979
2788,,,SHUN LI 38        8V,994164108,15,0.5,121.917115,24.391788,165.1,0,2024-04-22 19:19:48,2044
2788,,,SHUN LI 38        9V,994164108,15,0.3,121.91682,24.391363,59.2,0,2024-04-22 19:22:49,2027
2803,,,SHUN LI 38        9V,994164108,15,0.6,121.91625,24.390675,222.2,0,2024-04-22 19:27:49,2022
2742,,,SHUN LI 38        9V,994164108,15,1.4,121.915827,24.390153,235.4,0,2024-04-22 19:31:50,1981
2894,,,SHUN LI 38        9V,994164108,15,1.9,121.915335,24.389602,202.6,0,2024-04-22 19:35:50,2090
2949,,,SHUN LI 38        9V,994164108,15,1.0,121.914807,24.389083,182.2,0,2024-04-22 19:39:51,2150
2676,,,SHUN LI 38        9V,994164108,15,1.4,121.914303,24.388545,184.8,0,2024-04-22 19:43:52,1942
2702,,,SHUN LI 38        9V,994164108,15,0.9,121.91376,24.387985,194.7,0,2024-04-22 19:47:54,1938
2677,,,SHUN LI 38        9V,994164108,15,1.8,121.91334,24.387488,222.3,0,2024-04-22 19:50:55,1922
2629,,,SHUN LI 38        9V,994164108,15,1.2,121.912802,24.386277,219.1,0,2024-04-22 19:55:55,1902
2718,,,SHUN LI 38        9V,994164108,15,0.9,121.912332,24.385215,196.4,0,2024-04-22 19:59:55,1979
2788,,,SHUN LI 38        9V,994164108,15,0.5,121.9118,24.384945,283.7,0,2024-04-22 20:01:55,2027
2747,,,SHUN LI 38        9V,994164108,15,0.9,121.91017,24.389827,190.9,0,2024-04-22 20:12:57,1984
2762,,,SHUN LI 38        9V,994164108,15,2.4,121.909633,24.390722,0.5,0,2024-04-22 20:16:57,1991
2512,,,SHUN LI 38        9V,994164108,15,2.3,121.909862,24.39398,358.7,0,2024-04-22 20:22:00,1823
2710,,,SHUN LI 38        9V,994164108,15,1.4,121.909407,24.395748,344.6,0,2024-04-22 20:26:00,1961
2723,,,SHUN LI 38        9V,994164108,15,2.2,121.90871,24.400467,343.5,0,2024-04-22 20:36:02,1979
2784,,,SHUN LI 38        9V,994164108,15,1.5,121.908468,24.40212,315.5,0,2024-04-22 20:40:03,2013
2960,,,SHUN LI 38        9V,994164108,15,2.9,121.907042,24.414117,349.3,0,2024-04-22 20:57:05,2138
2904,,,SHUN LI 38        9V,994164108,15,2.5,121.906637,24.416425,336.6,0,2024-04-22 21:00:08,2078
2896,,,SHUN LI 38        9V,994164108,15,0.4,121.906195,24.417497,59.2,0,2024-04-22 21:02:09,2079
2788,,,SHUN LI 38        9V,994164108,15,0.5,121.905183,24.41935,59.2,0,2024-04-22 21:13:14,2013
2788,,,SHUN LI 38        9V,994164108,15,1.0,121.905225,24.4191,256.7,0,2024-04-22 21:17:17,1986
2833,,,SHUN LI 38        9V,994164108,15,9.1,121.909802,24.418188,87.6,0,2024-04-22 21:21:18,2035
2687,,,SHUN LI 38        9V,994164108,15,8.6,121.915298,24.418525,35.1,0,2024-04-22 21:23:18,1934
2943,,,SHUN LI 38        9V,994164108,15,10.3,121.923477,24.426612,41.9,0,2024-04-22 21:27:19,2114
2813,,,SHUN LI 38        9V,994164108,15,6.4,121.931598,24.428037,181.4,0,2024-04-22 21:33:19,2022
2796,,,SHUN LI 38        9V,994164108,15,6.7,121.931573,24.4217,180.1,0,2024-04-22 21:36:23,2040
2688,,,SHUN LI 38        9V,994164108,15,7.2,121.9313,24.411592,176.5,0,2024-04-22 21:41:24,1946
2841,,,SHUN LI 38        9V,994164108,15,7.2,121.931543,24.401397,182.9,0,2024-04-22 21:46:23,2039
2911,,,SHUN LI 38        9V,994164108,15,8.3,121.924205,24.398192,255.6,0,2024-04-22 21:50:27,2107
2826,,,SHUN LI 38        9V,994164108,15,6.6,121.922413,24.401608,352.1,0,2024-04-22 21:53:28,2037
2817,,,SHUN LI 38        9V,994164108,15,7.0,121.922347,24.405255,2.7,0,2024-04-22 21:55:29,2029
2792,,,SHUN LI 38        9V,994164108,15,1.0,121.921415,24.410662,189.0,0,2024-04-22 22:05:23,2012
2779,,,SHUN LI 38        9V,994164108,15,1.2,121.920343,24.409243,251.1,0,2024-04-22 22:14:24,2005
2673,,,SHUN LI 38        9V,994164108,15,1.1,121.919708,24.408552,216.2,0,2024-04-22 22:19:25,1951
2691,,,SHUN LI 38        9V,994164108,15,0.8,121.919397,24.408322,269.6,0,2024-04-22 22:21:25,1974
2808,,,SHUN LI 38        9V,994164108,15,3.4,121.918565,24.40751,249.2,0,2024-04-22 22:27:26,2056
2791,,,SHUN LI 38        9V,994164108,15,1.2,121.918072,24.407012,359.6,0,2024-04-22 22:31:27,2034
2742,,,SHUN LI 38        9V,994164108,15,1.4,121.917505,24.40651,208.1,0,2024-04-22 22:35:27,1996
2889,,,SHUN LI 38        9V,994164108,15,1.5,121.917243,24.406263,124.3,0,2024-04-22 22:37:29,2083
2841,,,SHUN LI 38        9V,994164108,15,1.1,121.916352,24.405482,235.2,0,2024-04-22 22:43:31,2061
2826,,,SHUN LI 38        9V,994164108,15,0.5,121.91578,24.404962,59.2,0,2024-04-22 22:47:35,2037
2856,,,SHUN LI 38        9V,994164108,15,0.5,121.915367,24.404587,228.7,0,2024-04-22 22:50:38,2062
2889,,,SHUN LI 38        9V,994164108,15,0.3,121.914958,24.404203,59.2,0,2024-04-22 22:53:42,2074
2724,,,SHUN LI 38        9V,994164108,15,0.4,121.914008,24.403348,59.2,0,2024-04-22 22:59:47,1956
2716,,,SHUN LI 38        9V,994164108,15,1.0,121.913882,24.403215,59.2,0,2024-04-22 23:00:48,1964
2739,,,SHUN LI 38        9V,994164108,15,3.4,121.91299,24.40222,252.5,0,2024-04-22 23:06:53,1975
2816,,,SHUN LI 38        9V,994164108,15,1.9,121.912142,24.400667,59.2,0,2024-04-22 23:11:59,2022
2702,,,SHUN LI 38        9V,994164108,15,2.5,121.91149,24.400323,4.4,0,2024-04-22 23:15:03,1923
2754,,,SHUN LI 38        9V,994164108,15,2.5,121.911578,24.402157,236.4,0,2024-04-22 23:18:07,1986
2668,,,SHUN LI 38        9V,994164108,15,1.7,121.911202,24.403373,59.2,0,2024-04-22 23:21:16,1904
2737,,,SHUN LI 38        9V,994164108,15,8.8,121.91896,24.414392,52.0,0,2024-04-22 23:28:26,1971
2748,,,SHUN LI 38        9V,994164108,15,6.0,121.920515,24.413488,172.7,0,2024-04-22 23:30:28,1976
2799,,,SHUN LI 38        9V,994164108,15,6.0,121.92111,24.403503,176.7,0,2024-04-22 23:35:33,1994
2664,,,SHUN LI 38        9V,994164108,15,6.7,121.920955,24.394567,183.2,0,2024-04-22 23:40:39,1892
2647,,,SHUN LI 38        9V,994164108,15,6.4,121.921117,24.38583,179.4,0,2024-04-22 23:45:46,1908
2573,,,SHUN LI 38        9V,994164108,15,4.4,121.921247,24.384233,119.5,0,2024-04-22 23:46:47,1851
2697,,,SHUN LI 38        9V,994164108,15,7.1,121.927615,24.39714,354.8,0,2024-04-22 23:57:02,1922
2540,,,SHUN LI 38        9V,994164108,15,1.6,121.927378,24.397428,59.2,0,2024-04-22 23:59:05,1809
2505,,,SHUN LI 38        9V,994164108,15,1.6,121.926713,24.39603,271.7,0,2024-04-23 00:05:34,1761
2420,,,SHUN LI 38        8V,994164108,15,1.3,121.926178,24.395147,210.7,0,2024-04-23 00:09:36,1708
2554,,,SHUN LI 38        9V,994164108,15,1.3,121.925662,24.394395,226.4,0,2024-04-23 00:13:37,1780
2580,,,SHUN LI 38        9V,994164108,15,0.8,121.925,24.393642,59.2,0,2024-04-23 00:17:39,1808
2375,,,SHUN LI 38        9V,994164108,15,1.3,121.92455,24.393072,244.4,0,2024-04-23 00:20:39,1671
2514,,,SHUN LI 38        9V,994164108,15,1.2,121.923847,24.39217,257.8,0,2024-04-23 00:25:42,1750
2396,,,SHUN LI 38        9V,994164108,15,0.4,121.923207,24.391447,59.2,0,2024-04-23 00:29:46,1647
2504,,,SHUN LI 38        9V,994164108,15,1.3,121.922462,24.39053,251.5,0,2024-04-23 00:34:48,1705
2143,,,SHUN LI 38        9V,994164108,15,1.9,121.921992,24.389967,168.3,0,2024-04-23 00:37:49,1451
2306,,,SHUN LI 38        9V,994164108,15,1.3,121.921287,24.38899,226.6,0,2024-04-23 00:42:53,1577
2446,,,SHUN LI 38        9V,994164108,15,1.7,121.920693,24.388303,59.2,0,2024-04-23 00:46:54,1690
2402,,,SHUN LI 38        9V,994164108,15,0.3,121.92015,24.387572,59.2,0,2024-04-23 00:50:57,1660
2252,,,SHUN LI 38        9V,994164108,15,0.5,121.919783,24.387022,59.2,0,2024-04-23 00:54:00,1543
2283,,,SHUN LI 38        9V,994164108,15,1.2,121.919242,24.386297,255.0,0,2024-04-23 00:58:03,1573
2544,,,SHUN LI 38        9V,994164108,15,0.5,121.918585,24.385413,321.2,0,2024-04-23 01:03:04,1769
2308,,,SHUN LI 38        9V,994164108,15,1.1,121.918167,24.384902,59.2,0,2024-04-23 01:06:06,1602
2333,,,SHUN LI 38        9V,994164108,15,0.3,121.917533,24.384018,59.2,0,2024-04-23 01:11:09,1603
2187,,,SHUN LI 38        9V,994164108,15,2.5,121.917102,24.383257,158.9,0,2024-04-23 01:15:10,1496
2243,,,SHUN LI 38        9V,994164108,15,1.2,121.916762,24.382683,59.2,0,2024-04-23 01:18:15,1557
2365,,,SHUN LI 38        9V,994164108,15,1.5,121.916125,24.381987,300.9,0,2024-04-23 01:22:23,1652
2572,,,SHUN LI 38        7V,994164108,15,1.7,121.915828,24.381197,207.8,0,2024-04-23 01:26:29,1828
2623,,,SHUN LI 38        7V,994164108,15,0.2,121.915258,24.380362,59.2,0,2024-04-23 01:31:24,1851
2470,,,SHUN LI 38        9V,994164108,15,1.0,121.914752,24.379578,206.0,0,2024-04-23 01:35:44,1746
2480,,,SHUN LI 38        9V,994164108,15,1.3,121.91452,24.379205,181.7,0,2024-04-23 01:37:44,1763
2799,,,SHUN LI 38        9V,994164108,15,1.2,121.913932,24.377558,182.7,0,2024-04-23 01:43:44,1974
2719,,,SHUN LI 38        9V,994164108,15,2.1,121.913467,24.376482,188.9,0,2024-04-23 01:46:44,1928
2550,,,SHUN LI 38        9V,994164108,15,1.6,121.912712,24.376853,335.4,0,2024-04-23 01:49:48,1821
2568,,,SHUN LI 38        8V,994164108,15,2.5,121.911732,24.37877,1.8,0,2024-04-23 01:56:49,1792
2524,,,SHUN LI 38        9V,994164108,15,0.9,121.911462,24.379988,178.6,0,2024-04-23 01:59:50,1770
2448,,,SHUN LI 38        9V,994164108,15,2.3,121.910972,24.382408,7.3,0,2024-04-23 02:04:50,1713
2517,,,SHUN LI 38        9V,994164108,15,1.4,121.910503,24.383728,199.7,0,2024-04-23 02:08:53,1791
2551,,,SHUN LI 38        9V,994164108,15,0.6,121.910402,24.38342,142.5,0,2024-04-23 02:09:52,1801
2445,,,SHUN LI 38        9V,994164108,15,0.3,121.909912,24.38416,59.2,0,2024-04-23 02:14:53,1707
2498,,,SHUN LI 38        9V,994164108,15,2.3,121.90914,24.3837,282.6,0,2024-04-23 02:21:55,1759
2676,,,SHUN LI 38        8V,994164108,15,8.7,121.912577,24.390312,31.1,0,2024-04-23 02:29:57,1903
2765,,,SHUN LI 38        9V,994164108,15,6.9,121.91517,24.39625,8.4,0,2024-04-23 02:33:59,2001
2857,,,SHUN LI 38        9V,994164108,15,6.6,121.916893,24.401558,18.4,0,2024-04-23 02:36:59,2049
2862,,,SHUN LI 38        9V,994164108,15,6.6,121.92036,24.411575,8.8,0,2024-04-23 02:45:00,2071
2957,,,SHUN LI 38        9V,994164108,15,9.6,121.920018,24.421355,342.1,0,2024-04-23 02:49:02,2139
2740,,,SHUN LI 38        9V,994164108,15,8.6,121.917408,24.43136,353.8,0,2024-04-23 02:53:01,1980
2670,,,SHUN LI 38        9V,994164108,15,1.6,121.917553,24.429738,201.6,0,2024-04-23 02:57:02,1928
2628,,,SHUN LI 38        8V,994164108,15,7.7,121.918507,24.422492,161.5,0,2024-04-23 03:01:03,1891
2661,,,SHUN LI 38        9V,994164108,15,7.9,121.919708,24.41824,167.9,0,2024-04-23 03:03:02,1908
2685,,,SHUN LI 38        9V,994164108,15,8.1,121.921857,24.40719,176.8,0,2024-04-23 03:08:02,1925
2899,,,SHUN LI 38        9V,994164108,15,7.5,121.920312,24.399452,231.3,0,2024-04-23 03:13:05,2085
2870,,,SHUN LI 38        9V,994164108,15,4.2,121.911465,24.393378,263.8,0,2024-04-23 03:18:05,2076
2940,,,SHUN LI 38        9V,994164108,15,6.1,121.910207,24.398115,1.7,0,2024-04-23 03:21:05,2114
2796,,,SHUN LI 38        8V,994164108,15,1.2,121.909623,24.404882,184.2,0,2024-04-23 03:26:07,2031
2866,,,SHUN LI 38        9V,994164108,15,1.1,121.909322,24.403487,259.4,0,2024-04-23 03:30:06,2072
2863,,,SHUN LI 38        9V,994164108,15,1.9,121.908975,24.402173,246.0,0,2024-04-23 03:34:08,2067
2804,,,SHUN LI 38        8V,994164108,15,1.4,121.908608,24.401342,218.3,0,2024-04-23 03:37:08,2048
3019,,,SHUN LI 38        8V,994164108,15,1.6,121.90819,24.400552,199.0,0,2024-04-23 03:40:11,2188
2678,,,SHUN LI 38        9V,994164108,15,1.0,121.907327,24.39896,245.4,0,2024-04-23 03:46:11,1961
2722,,,SHUN LI 38        9V,994164108,15,2.6,121.906915,24.398203,155.3,0,2024-04-23 03:49:11,1963
2736,,,SHUN LI 38        7V,994164108,15,1.7,121.906015,24.396727,204.3,0,2024-04-23 03:55:11,1987
2661,,,SHUN LI 38        7V,994164108,15,0.6,121.905523,24.395998,59.2,0,2024-04-23 03:58:11,1947
2627,,,SHUN LI 38        9V,994164108,15,1.2,121.905125,24.395358,243.4,0,2024-04-23 04:00:52,1894
2761,,,SHUN LI 38        9V,994164108,15,1.1,121.904237,24.393903,213.7,0,2024-04-23 04:06:53,1991
2521,,,SHUN LI 38        9V,994164108,15,1.8,121.903585,24.392743,193.1,0,2024-04-23 04:11:56,1837
2894,,,SHUN LI 38        8V,994164108,15,1.0,121.903068,24.39184,243.9,0,2024-04-23 04:15:57,2104
2832,,,SHUN LI 38        9V,994164108,15,1.5,121.902655,24.391077,214.0,0,2024-04-23 04:18:59,2055
2956,,,SHUN LI 38        9V,994164108,15,0.8,121.902285,24.390392,59.2,0,2024-04-23 04:22:00,2148
2800,,,SHUN LI 38        9V,994164108,15,0.6,121.901578,24.389203,193.2,0,2024-04-23 04:27:01,2043
2853,,,SHUN LI 38        9V,994164108,15,0.5,121.901152,24.388515,59.2,0,2024-04-23 04:30:02,2092
2919,,,SHUN LI 38        9V,994164108,15,1.5,121.90058,24.387378,194.5,0,2024-04-23 04:35:05,2147
2947,,,SHUN LI 38        7V,994164108,15,1.5,121.900298,24.386843,202.8,0,2024-04-23 04:37:06,2156
2920,,,SHUN LI 38        9V,994164108,15,1.0,121.89961,24.38498,150.1,0,2024-04-23 04:44:09,2171
2858,,,SHUN LI 38        9V,994164108,15,2.7,121.899385,24.38368,188.3,0,2024-04-23 04:47:09,2121
2870,,,SHUN LI 38        9V,994164108,15,1.1,121.899095,24.382473,252.1,0,2024-04-23 04:52:17,2101
2860,,,SHUN LI 38        8V,994164108,15,1.9,121.898043,24.382002,22.7,0,2024-04-23 04:56:22,2090
2798,,,SHUN LI 38        9V,994164108,15,2.0,121.897505,24.3844,341.7,0,2024-04-23 05:00:24,2036
2801,,,SHUN LI 38        9V,994164108,15,2.2,121.897232,24.386937,338.9,0,2024-04-23 05:04:29,2045
2783,,,SHUN LI 38        9V,994164108,15,2.1,121.897015,24.387515,343.6,0,2024-04-23 05:05:29,2021
3142,,,SHUN LI 38        9V,994164108,15,0.2,121.896767,24.390793,59.2,0,2024-04-23 05:10:32,2279
2841,,,SHUN LI 38        9V,994164108,15,0.8,121.897768,24.394217,59.2,0,2024-04-23 05:17:40,2054
2820,,,SHUN LI 38        9V,994164108,15,0.7,121.897758,24.393957,208.7,0,2024-04-23 05:18:41,2084
2914,,,SHUN LI 38        9V,994164108,15,9.1,121.898075,24.398118,6.8,0,2024-04-23 05:23:46,2162
2759,,,SHUN LI 38        9V,994164108,15,10.3,121.8981,24.423457,1.4,0,2024-04-23 05:32:55,2038
2868,,,SHUN LI 38        9V,994164108,15,9.2,121.897273,24.434565,356.0,0,2024-04-23 05:36:59,2109
2755,,,SHUN LI 38        9V,994164108,15,11.4,121.897013,24.437365,354.8,0,2024-04-23 05:38:00,2031
2681,,,SHUN LI 38        9V,994164108,15,9.2,121.896038,24.45183,355.7,0,2024-04-23 05:43:05,1928
2175,,,SHUN LI 38        9V,994164108,15,10.3,121.895457,24.460713,5.3,0,2024-04-23 05:46:09,1565
2428,,,SHUN LI 38        8V,994164108,15,10.6,121.893752,24.481327,356.4,0,2024-04-23 05:53:21,1728
2452,,,SHUN LI 38        9V,994164108,15,10.5,121.892902,24.493355,2.7,0,2024-04-23 05:57:27,1766
2838,,,SHUN LI 38        8V,994164108,15,11.8,121.89258,24.499467,357.1,0,2024-04-23 05:59:29,2052
2631,,,SHUN LI 38        9V,994164108,15,10.2,121.891833,24.51357,357.8,0,2024-04-23 06:04:04,1915
2501,,,SHUN LI 38        9V,994164108,15,11.0,121.891278,24.525925,1.0,0,2024-04-23 06:08:06,1819
2595,,,SHUN LI 38        9V,994164108,15,11.6,121.89035,24.54496,352.9,0,2024-04-23 06:14:07,1885
2840,,,SHUN LI 38        9V,994164108,15,12.3,121.88942,24.551543,355.6,0,2024-04-23 06:16:07,2061
3021,,,SHUN LI 38        8V,994164108,15,12.0,121.88559,24.571378,348.3,0,2024-04-23 06:22:11,2178
3077,,,SHUN LI 38        9V,994164108,15,11.8,121.88347,24.584827,351.7,0,2024-04-23 06:26:13,2228
2839,,,SHUN LI 38        9V,994164108,15,11.6,121.876813,24.593208,255.9,0,2024-04-23 06:30:14,2060
2665,,,SHUN LI 38        8V,994164108,15,8.5,121.869395,24.58625,176.1,0,2024-04-23 06:34:16,1925
2662,,,SHUN LI 38        9V,994164108,15,0.8,121.868922,24.585347,100.2,0,2024-04-23 06:38:17,1934
2637,,,SHUN LI 38        9V,994164108,15,0.3,121.869678,24.58667,59.2,0,2024-04-23 06:42:20,1901
2758,,,SHUN LI 38        9V,994164108,15,0.0,121.869802,24.586652,59.2,0,2024-04-23 06:46:23,2005
3145,,,SHUN LI 38        9V,994164108,15,0.1,121.869675,24.586732,59.2,0,2024-04-23 06:51:28,2291
3020,,,SHUN LI 38        9V,994164108,15,0.7,121.869815,24.586717,77.1,0,2024-04-23 06:52:29,2205
2676,,,SHUN LI 38        8V,994164108,15,0.0,121.869805,24.586667,59.2,0,2024-04-23 06:57:33,1948
2626,,,SHUN LI 38        9V,994164108,15,0.1,121.869807,24.586665,59.2,0,2024-04-23 07:02:36,1890
2889,,,SHUN LI 38        9V,994164108,15,0.0,121.869753,24.586678,59.2,0,2024-04-23 07:07:38,2110
3087,,,SHUN LI 38        8V,994164108,15,0.1,121.869787,24.586652,59.2,0,2024-04-23 07:11:41,2252
3043,,,SHUN LI 38        9V,994164108,15,1.1,121.86939,24.586377,332.3,0,2024-04-23 07:15:43,2242
3041,,,SHUN LI 38        9V,994164108,15,5.4,121.867608,24.584628,233.7,0,2024-04-23 07:17:45,2238
3380,,,SHUN LI 38        9V,994164108,15,0.0,121.867553,24.584172,59.2,0,2024-04-23 07:23:49,2452
2510,,,SHUN LI 38        9V,994164108,15,0.0,121.867457,24.584193,59.2,0,2024-04-23 07:31:56,1780
2766,,,SHUN LI 38        9V,994164108,15,0.0,121.867428,24.584215,59.2,0,2024-04-23 07:35:00,1942
2452,,,SHUN LI 38        9V,994164108,15,0.1,121.867495,24.584155,59.2,0,2024-04-23 07:39:03,1753
2671,,,SHUN LI 38        7V,994164108,15,0.0,121.867457,24.584205,59.2,0,2024-04-23 07:43:02,1911
2813,,,SHUN LI 38        9V,994164108,15,0.0,121.867443,24.58423,59.2,0,2024-04-23 07:48:16,2036
3077,,,SHUN LI 38        9V,994164108,15,0.0,121.867447,24.584208,59.2,0,2024-04-23 07:52:16,2197
2931,,,SHUN LI 38        8V,994164108,15,0.0,121.867433,24.584177,59.2,0,2024-04-23 07:56:16,2120
2873,,,SHUN LI 38        8V,994164108,15,0.1,121.867458,24.584217,59.2,0,2024-04-23 07:59:16,2080
2750,,,SHUN LI 38        9V,994164108,15,0.0,121.867477,24.584245,228.8,0,2024-04-23 08:03:16,1979
2858,,,SHUN LI 38        9V,994164108,15,0.0,121.867482,24.584227,228.8,0,2024-04-23 08:08:16,2043
2819,,,SHUN LI 38        7V,994164108,15,0.0,121.867488,24.584212,228.8,0,2024-04-23 08:13:16,2009
2966,,,SHUN LI 38        9V,994164108,15,0.0,121.867432,24.58421,228.8,0,2024-04-23 08:17:16,2156
2735,,,SHUN LI 38        8V,994164108,15,0.0,121.86746,24.584237,228.8,0,2024-04-23 08:20:15,1955
2626,,,SHUN LI 38        8V,994164108,15,0.0,121.867433,24.584232,228.8,0,2024-04-23 08:24:17,1841
2693,,,SHUN LI 38        9V,994164108,15,0.1,121.867463,24.584263,228.8,0,2024-04-23 08:29:15,1905
2752,,,SHUN LI 38        9V,994164108,15,0.0,121.867455,24.584228,228.8,0,2024-04-23 08:35:15,1998
2952,,,SHUN LI 38        9V,994164108,15,0.0,121.867487,24.584217,228.8,0,2024-04-23 08:41:16,2138
3079,,,SHUN LI 38        9V,994164108,15,0.0,121.867433,24.584197,228.8,0,2024-04-23 08:45:15,2209
3320,,,SHUN LI 38        9V,994164108,15,0.0,121.867397,24.584223,228.8,0,2024-04-23 08:48:18,2361
2942,,,SHUN LI 38        8V,994164108,15,0.0,121.867437,24.584195,228.8,0,2024-04-23 08:53:18,2081
2683,,,SHUN LI 38        9V,994164108,15,0.0,121.86741,24.58419,228.8,0,2024-04-23 08:55:18,1885
2436,,,SHUN LI 38        8V,994164108,15,0.0,121.86741,24.584212,228.8,0,2024-04-23 09:00:18,1712
2416,,,SHUN LI 38        8V,994164108,15,0.0,121.86739,24.584215,228.8,0,2024-04-23 09:10:18,1707
2637,,,SHUN LI 38        8V,994164108,15,0.0,121.86738,24.584215,228.8,0,2024-04-23 09:12:18,1862
2723,,,SHUN LI 38        8V,994164108,15,0.0,121.867438,24.584202,228.8,0,2024-04-23 09:18:18,1933
2814,,,SHUN LI 38        8V,994164108,15,0.0,121.867412,24.584212,228.8,0,2024-04-23 09:21:19,2008
2903,,,SHUN LI 38        8V,994164108,15,0.0,121.867403,24.584217,228.8,0,2024-04-23 09:26:21,2067
3039,,,SHUN LI 38        8V,994164108,15,0.0,121.867382,24.584195,228.8,0,2024-04-23 09:30:21,2170
2811,,,SHUN LI 38        9V,994164108,15,0.0,121.867402,24.584215,228.8,0,2024-04-23 09:33:21,1980
2895,,,SHUN LI 38        8V,994164108,15,0.0,121.86736,24.584233,228.8,0,2024-04-23 09:37:24,2022
2881,,,SHUN LI 38        8V,994164108,15,0.0,121.867435,24.584208,228.8,0,2024-04-23 09:42:28,1999
2486,,,SHUN LI 38        8V,994164108,15,0.0,121.867452,24.584255,228.8,0,2024-04-23 09:46:29,1746
2622,,,SHUN LI 38        8V,994164108,15,0.0,121.867475,24.58426,228.8,0,2024-04-23 09:50:30,1861
2750,,,SHUN LI 38        8V,994164108,15,0.0,121.867348,24.584277,228.8,0,2024-04-23 09:54:29,1938
2732,,,SHUN LI 38        8V,994164108,15,0.0,121.867462,24.584247,228.8,0,2024-04-23 09:58:31,1919
2757,,,SHUN LI 38        8V,994164108,15,0.0,121.867477,24.584212,228.8,0,2024-04-23 10:02:03,1951
2754,,,SHUN LI 38        8V,994164108,15,0.0,121.867505,24.584195,228.8,0,2024-04-23 10:06:02,1945
2779,,,SHUN LI 38        8V,994164108,15,0.0,121.867442,24.584267,228.8,0,2024-04-23 10:11:03,1959
2670,,,SHUN LI 38        8V,994164108,15,0.2,121.867447,24.584232,228.8,0,2024-04-23 10:13:05,1898
2824,,,SHUN LI 38        8V,994164108,15,0.0,121.867538,24.584095,228.8,0,2024-04-23 10:19:20,1986
2730,,,SHUN LI 38        8V,994164108,15,0.0,121.867485,24.584288,228.8,0,2024-04-23 10:22:22,1912
3125,,,SHUN LI 38        8V,994164108,15,0.3,121.867483,24.584263,228.8,0,2024-04-23 10:27:26,2168
2898,,,SHUN LI 38        8V,994164108,15,0.1,121.867425,24.584267,228.8,0,2024-04-23 10:31:25,2033
2846,,,SHUN LI 38        8V,994164108,15,0.0,121.867465,24.584275,228.8,0,2024-04-23 10:36:25,2000
2843,,,SHUN LI 38        8V,994164108,15,0.1,121.867422,24.584247,228.8,0,2024-04-23 10:40:24,1991
2820,,,SHUN LI 38        8V,994164108,15,0.0,121.867438,24.584235,228.8,0,2024-04-23 10:44:26,2009
2874,,,SHUN LI 38        8V,994164108,15,0.1,121.86742,24.584258,228.8,0,2024-04-23 10:47:24,2042
2838,,,SHUN LI 38        8V,994164108,15,0.0,121.867453,24.584265,228.8,0,2024-04-23 10:52:22,1999
3002,,,SHUN LI 38        8V,994164108,15,0.0,121.867382,24.584223,228.8,0,2024-04-23 10:56:22,2075
2746,,,SHUN LI 38        8V,994164108,15,0.0,121.867392,24.584233,228.8,0,2024-04-23 11:03:24,1868
2875,,,SHUN LI 38        7V,994164108,15,0.0,121.867363,24.584218,228.8,0,2024-04-23 11:09:20,1996
2835,,,SHUN LI 38        7V,994164108,15,0.0,121.867393,24.584223,228.8,0,2024-04-23 11:17:20,1978
2684,,,SHUN LI 38        8V,994164108,15,0.0,121.867428,24.584195,228.8,0,2024-04-23 11:19:20,1865
2680,,,SHUN LI 38        8V,994164108,15,0.0,121.867388,24.584252,228.8,0,2024-04-23 11:24:20,1865
2482,,,SHUN LI 38        8V,994164108,15,0.0,121.867415,24.584232,228.8,0,2024-04-23 11:32:19,1715
2723,,,SHUN LI 38        8V,994164108,15,0.0,121.867413,24.584242,228.8,0,2024-04-23 11:37:18,1875
2946,,,SHUN LI 38        7V,994164108,15,0.0,121.867395,24.584243,228.8,0,2024-04-23 11:41:15,2075
2733,,,SHUN LI 38        8V,994164108,15,0.0,121.867342,24.584208,228.8,0,2024-04-23 11:44:14,1942
2630,,,SHUN LI 38        8V,994164108,15,0.0,121.867433,24.584243,228.8,0,2024-04-23 11:49:14,1840
2617,,,SHUN LI 38        8V,994164108,15,0.0,121.86737,24.584262,228.8,0,2024-04-23 11:53:14,1849
2732,,,SHUN LI 38        8V,994164108,15,0.0,121.867452,24.584237,228.8,0,2024-04-23 11:58:13,1939
3372,,,SHUN LI 38        8V,994164108,15,0.0,121.867263,24.584295,228.8,0,2024-04-23 12:02:22,2341
2826,,,SHUN LI 38        8V,994164108,15,0.0,121.867423,24.584258,228.8,0,2024-04-23 12:06:29,1987
2849,,,SHUN LI 38        8V,994164108,15,0.1,121.867322,24.58427,228.8,0,2024-04-23 12:10:38,1993
2854,,,SHUN LI 38        8V,994164108,15,0.1,121.867232,24.584395,228.8,0,2024-04-23 12:14:51,2011
2813,,,SHUN LI 38        8V,994164108,15,0.2,121.86725,24.584345,228.8,0,2024-04-23 12:18:56,1978
2696,,,SHUN LI 38        8V,994164108,15,0.4,121.867388,24.58424,228.8,0,2024-04-23 12:22:00,1923
2807,,,SHUN LI 38        8V,994164108,15,0.0,121.867397,24.584213,228.8,0,2024-04-23 12:26:03,1979
3199,,,SHUN LI 38        8V,994164108,15,0.0,121.867375,24.584277,228.8,0,2024-04-23 12:28:04,2246
2954,,,SHUN LI 38        8V,994164108,15,0.1,121.86721,24.584427,228.8,0,2024-04-23 12:34:14,2067
2858,,,SHUN LI 38        8V,994164108,15,0.2,121.86751,24.58417,228.8,0,2024-04-23 12:39:17,1995
2926,,,SHUN LI 38        8V,994164108,15,0.9,121.869217,24.58539,228.8,0,2024-04-23 12:42:23,2059
3196,,,SHUN LI 38        8V,994164108,15,9.5,121.868968,24.588317,6.4,0,2024-04-23 12:47:32,2227
2929,,,SHUN LI 38        8V,994164108,15,9.5,121.878302,24.593107,69.3,0,2024-04-23 12:51:37,2029
2913,,,SHUN LI 38        8V,994164108,15,9.9,121.883525,24.588298,167.0,0,2024-04-23 12:54:42,2025
3025,,,SHUN LI 38        8V,994164108,15,10.5,121.887047,24.574505,168.3,0,2024-04-23 12:59:45,2093
2747,,,SHUN LI 38        8V,994164108,15,10.5,121.888347,24.568883,171.6,0,2024-04-23 13:01:46,1896
2755,,,SHUN LI 38        8V,994164108,15,10.7,121.890485,24.551103,172.3,0,2024-04-23 13:07:57,1888
2605,,,SHUN LI 38        8V,994164108,15,11.3,121.891647,24.542045,169.6,0,2024-04-23 13:11:04,1773
2760,,,SHUN LI 38        8V,994164108,15,9.8,121.892942,24.529512,175.5,0,2024-04-23 13:15:23,1875
2758,,,SHUN LI 38        8V,994164108,15,10.3,121.89429,24.516417,180.4,0,2024-04-23 13:19:42,1912
3258,,,SHUN LI 38        8V,994164108,15,11.1,121.895463,24.499475,176.7,0,2024-04-23 13:24:56,2230
2698,,,SHUN LI 38        8V,994164108,15,10.1,121.896357,24.489203,173.4,0,2024-04-23 13:28:08,1832
2698,,,SHUN LI 38        8V,994164108,15,5.4,121.89817,24.47662,177.9,0,2024-04-23 13:32:32,1804
2652,,,SHUN LI 38        8V,994164108,15,4.7,121.900792,24.472393,122.8,0,2024-04-23 13:36:32,1811
2546,,,SHUN LI 38        8V,994164108,15,4.7,121.905417,24.469665,125.8,0,2024-04-23 13:40:31,1728
2862,,,SHUN LI 38        8V,994164108,15,4.6,121.907742,24.468335,123.9,0,2024-04-23 13:42:31,1968
2714,,,SHUN LI 38        8V,994164108,15,4.9,121.913628,24.464708,127.1,0,2024-04-23 13:47:29,1842
3002,,,SHUN LI 38        7V,994164108,15,4.0,121.920963,24.46207,92.4,0,2024-04-23 13:53:29,2054
2755,,,SHUN LI 38        7V,994164108,15,1.2,121.92213,24.461043,202.3,0,2024-04-23 13:57:27,1888
2755,,,SHUN LI 38        8V,994164108,15,1.3,121.921385,24.45975,240.4,0,2024-04-23 14:01:41,1895
2800,,,SHUN LI 38        8V,994164108,15,1.1,121.920545,24.458642,216.9,0,2024-04-23 14:05:40,1910
2735,,,SHUN LI 38        8V,994164108,15,1.4,121.919608,24.457525,205.8,0,2024-04-23 14:09:41,1907
2731,,,SHUN LI 38        8V,994164108,15,1.1,121.917812,24.45542,201.9,0,2024-04-23 14:17:41,1891
2814,,,SHUN LI 38        8V,994164108,15,1.0,121.91729,24.454658,224.2,0,2024-04-23 14:20:41,1946
2782,,,SHUN LI 38        7V,994164108,15,0.9,121.916387,24.45361,208.7,0,2024-04-23 14:25:40,1906
2559,,,SHUN LI 38        8V,994164108,15,0.8,121.9159,24.452968,202.8,0,2024-04-23 14:28:40,1773
3122,,,SHUN LI 38        8V,994164108,15,1.2,121.914963,24.45187,221.6,0,2024-04-23 14:33:41,2128
2664,,,SHUN LI 38        8V,994164108,15,1.2,121.914775,24.451623,229.0,0,2024-04-23 14:34:41,1809
2894,,,SHUN LI 38        8V,994164108,15,0.8,121.913707,24.450308,222.2,0,2024-04-23 14:40:41,1968
2961,,,SHUN LI 38        8V,994164108,15,1.2,121.913265,24.449663,218.2,0,2024-04-23 14:43:40,2017
2884,,,SHUN LI 38        8V,994164108,15,1.1,121.912177,24.448148,198.6,0,2024-04-23 14:50:42,1999
2925,,,SHUN LI 38        8V,994164108,15,0.8,121.911575,24.447455,245.0,0,2024-04-23 14:54:40,2048
3082,,,SHUN LI 38        8V,994164108,15,0.8,121.911292,24.44705,222.4,0,2024-04-23 14:56:41,2130
3140,,,SHUN LI 38        8V,994164108,15,1.0,121.910183,24.445878,194.3,0,2024-04-23 15:02:41,2158
2735,,,SHUN LI 38        8V,994164108,15,1.1,121.908727,24.444225,225.2,0,2024-04-23 15:10:43,1873
3012,,,SHUN LI 38        8V,994164108,15,0.5,121.908105,24.443357,218.4,0,2024-04-23 15:14:44,2075
2815,,,SHUN LI 38        8V,994164108,15,1.0,121.907252,24.442268,196.6,0,2024-04-23 15:19:45,1924
2882,,,SHUN LI 38        8V,994164108,15,0.7,121.906537,24.441512,229.6,0,2024-04-23 15:23:46,1993
2914,,,SHUN LI 38        8V,994164108,15,0.7,121.90586,24.440797,212.0,0,2024-04-23 15:27:47,1992
2883,,,SHUN LI 38        8V,994164108,15,0.7,121.905163,24.4401,245.8,0,2024-04-23 15:31:48,2035
2807,,,SHUN LI 38        8V,994164108,15,0.6,121.904493,24.439375,242.7,0,2024-04-23 15:35:47,1933
2840,,,SHUN LI 38        8V,994164108,15,0.4,121.903908,24.438725,211.2,0,2024-04-23 15:39:49,1992
2860,,,SHUN LI 38        8V,994164108,15,0.4,121.903385,24.438142,200.6,0,2024-04-23 15:43:50,1939
2665,,,SHUN LI 38        8V,994164108,15,1.4,121.902902,24.437553,171.7,0,2024-04-23 15:47:52,1826
2625,,,SHUN LI 38        8V,994164108,15,0.7,121.902372,24.436942,211.0,0,2024-04-23 15:51:53,1798
2621,,,SHUN LI 38        8V,994164108,15,0.4,121.902093,24.436437,228.8,0,2024-04-23 15:55:52,1829
2876,,,SHUN LI 38        8V,994164108,15,0.7,121.90132,24.43552,255.4,0,2024-04-23 16:03:57,2034
3104,,,SHUN LI 38        8V,994164108,15,3.9,121.901665,24.43417,146.6,0,2024-04-23 16:07:58,2172
3387,,,SHUN LI 38        8V,994164108,15,4.7,121.905402,24.437332,37.6,0,2024-04-23 16:12:02,2344
2826,,,SHUN LI 38        8V,994164108,15,4.4,121.908335,24.44001,40.5,0,2024-04-23 16:15:04,1972
2853,,,SHUN LI 38        8V,994164108,15,4.5,121.912137,24.443435,40.3,0,2024-04-23 16:19:06,1993
2771,,,SHUN LI 38        8V,994164108,15,4.6,121.917055,24.44774,45.0,0,2024-04-23 16:24:09,1892
2549,,,SHUN LI 38        8V,994164108,15,4.5,121.920175,24.45036,47.7,0,2024-04-23 16:27:10,1739
2466,,,SHUN LI 38        8V,994164108,15,0.2,121.921397,24.451017,228.8,0,2024-04-23 16:32:11,1664
2523,,,SHUN LI 38        8V,994164108,15,0.2,121.921378,24.45069,228.8,0,2024-04-23 16:36:13,1710
2642,,,SHUN LI 38        7V,994164108,15,0.2,121.921405,24.450407,228.8,0,2024-04-23 16:40:15,1805
2618,,,SHUN LI 38        8V,994164108,15,0.6,121.921372,24.449985,228.8,0,2024-04-23 16:45:18,1794
3079,,,SHUN LI 38        8V,994164108,15,5.2,121.92157,24.452173,348.9,0,2024-04-23 16:49:20,2140
3137,,,SHUN LI 38        8V,994164108,15,5.0,121.921943,24.462673,0.2,0,2024-04-23 16:57:27,2189
3206,,,SHUN LI 38        6V,994164108,15,1.8,121.922318,24.46628,358.7,0,2024-04-23 17:00:29,2233
3201,,,SHUN LI 38        8V,994164108,15,0.3,121.922252,24.46655,228.8,0,2024-04-23 17:05:33,2224
2889,,,SHUN LI 38        8V,994164108,15,1.1,121.922137,24.46627,161.7,0,2024-04-23 17:08:34,1982
3183,,,SHUN LI 38        8V,994164108,15,0.1,121.922038,24.465828,228.8,0,2024-04-23 17:13:39,2153
2736,,,SHUN LI 38        7V,994164108,15,0.4,121.921903,24.465558,228.8,0,2024-04-23 17:17:43,1862
2657,,,SHUN LI 38        8V,994164108,15,1.8,121.921948,24.465412,130.0,0,2024-04-23 17:20:46,1789
2516,,,SHUN LI 38        7V,994164108,15,7.4,121.92223,24.465977,202.2,0,2024-04-23 17:25:53,1706
2307,,,SHUN LI 38        7V,994164108,15,8.1,121.92221,24.459502,178.3,0,2024-04-23 17:28:58,1560
2707,,,SHUN LI 38        8V,994164108,15,7.8,121.922092,24.450475,180.5,0,2024-04-23 17:33:08,1858
2660,,,SHUN LI 38        8V,994164108,15,9.3,121.922167,24.441143,180.6,0,2024-04-23 17:37:16,1841
2459,,,SHUN LI 38        8V,994164108,15,7.8,121.922085,24.416585,182.9,0,2024-04-23 17:48:53,1654
2629,,,SHUN LI 38        8V,994164108,15,1.3,121.922015,24.411725,157.3,0,2024-04-23 17:54:15,1794
2345,,,SHUN LI 38        8V,994164108,15,1.2,121.921988,24.411523,228.8,0,2024-04-23 17:55:20,1617
2395,,,SHUN LI 38        8V,994164108,15,1.2,121.921788,24.410583,145.1,0,2024-04-23 18:01:05,1633
2293,,,SHUN LI 38        8V,994164108,15,0.6,121.92166,24.409872,135.2,0,2024-04-23 18:05:05,1578
2449,,,SHUN LI 38        8V,994164108,15,0.7,121.921545,24.409352,139.5,0,2024-04-23 18:08:09,1650
2480,,,SHUN LI 38        8V,994164108,15,0.1,121.921358,24.408375,228.8,0,2024-04-23 18:14:12,1708
2654,,,SHUN LI 38        8V,994164108,15,0.2,121.921148,24.407537,228.8,0,2024-04-23 18:19:16,1852
2723,,,SHUN LI 38        8V,994164108,15,0.7,121.920867,24.406917,228.8,0,2024-04-23 18:23:19,1902
2740,,,SHUN LI 38        8V,994164108,15,0.6,121.920698,24.406302,257.1,0,2024-04-23 18:27:23,1935
2730,,,SHUN LI 38        8V,994164108,15,0.6,121.92053,24.405687,228.8,0,2024-04-23 18:31:27,1904
2809,,,SHUN LI 38        8V,994164108,15,0.3,121.920342,24.405098,228.8,0,2024-04-23 18:35:29,1991
2693,,,SHUN LI 38        8V,994164108,15,0.7,121.92017,24.404557,236.5,0,2024-04-23 18:39:34,1900
2740,,,SHUN LI 38        8V,994164108,15,1.1,121.919978,24.404002,105.2,0,2024-04-23 18:43:37,1916
2717,,,SHUN LI 38        8V,994164108,15,0.0,121.919833,24.403605,228.8,0,2024-04-23 18:46:41,1881
2703,,,SHUN LI 38        8V,994164108,15,0.4,121.919582,24.402968,228.8,0,2024-04-23 18:51:48,1868
2624,,,SHUN LI 38        8V,994164108,15,0.5,121.919462,24.402583,228.8,0,2024-04-23 18:55:00,1801
2616,,,SHUN LI 38        8V,994164108,15,0.2,121.91928,24.402057,228.8,0,2024-04-23 18:59:20,1809
2879,,,SHUN LI 38        8V,994164108,15,1.1,121.919157,24.401677,202.1,0,2024-04-23 19:02:33,1990
2787,,,SHUN LI 38        8V,994164108,15,1.2,121.918935,24.401092,197.8,0,2024-04-23 19:07:57,1933
2892,,,SHUN LI 38        8V,994164108,15,0.9,121.918897,24.400962,192.1,0,2024-04-23 19:09:05,2016
2742,,,SHUN LI 38        8V,994164108,15,0.6,121.918763,24.400452,228.8,0,2024-04-23 19:13:29,1913
2951,,,SHUN LI 38        8V,994164108,15,0.6,121.918572,24.399807,228.8,0,2024-04-23 19:19:19,2057
2953,,,SHUN LI 38        7V,994164108,15,0.3,121.918378,24.399555,288.9,0,2024-04-23 19:24:04,2075
2751,,,SHUN LI 38        8V,994164108,15,0.2,121.918268,24.399292,228.8,0,2024-04-23 19:27:04,1922
2761,,,SHUN LI 38        8V,994164108,15,0.3,121.918023,24.398802,228.8,0,2024-04-23 19:32:06,1941
2791,,,SHUN LI 38        8V,994164108,15,0.6,121.917903,24.39853,173.4,0,2024-04-23 19:35:06,1944
2667,,,SHUN LI 38        8V,994164108,15,1.4,121.917668,24.398015,201.5,0,2024-04-23 19:41:04,1831
2613,,,SHUN LI 38        8V,994164108,15,0.6,121.917595,24.397747,326.0,0,2024-04-23 19:44:06,1788
2369,,,SHUN LI 38        8V,994164108,15,0.7,121.91745,24.397297,292.6,0,2024-04-23 19:48:06,1582
2571,,,SHUN LI 38        8V,994164108,15,0.5,121.91733,24.39691,228.3,0,2024-04-23 19:52:06,1736
2427,,,SHUN LI 38        8V,994164108,15,0.2,121.917178,24.396495,228.8,0,2024-04-23 19:56:08,1647
2425,,,SHUN LI 38        8V,994164108,15,0.8,121.91705,24.396243,219.9,0,2024-04-23 20:00:08,1615
2510,,,SHUN LI 38        8V,994164108,15,0.3,121.916967,24.395958,228.8,0,2024-04-23 20:05:09,1699
2370,,,SHUN LI 38        8V,994164108,15,0.3,121.917168,24.396077,228.8,0,2024-04-23 20:08:09,1615
2384,,,SHUN LI 38        8V,994164108,15,2.8,121.917353,24.394222,190.7,0,2024-04-23 20:12:13,1632
2482,,,SHUN LI 38        7V,994164108,15,3.2,121.91779,24.390432,157.4,0,2024-04-23 20:17:09,1691
2496,,,SHUN LI 38        8V,994164108,15,3.3,121.918693,24.38695,193.8,0,2024-04-23 20:21:26,1697
2296,,,SHUN LI 38        8V,994164108,15,1.5,121.918607,24.386653,186.2,0,2024-04-23 20:22:26,1523
2418,,,SHUN LI 38        8V,994164108,15,3.4,121.918705,24.384452,197.1,0,2024-04-23 20:26:28,1617
2452,,,SHUN LI 38        7V,994164108,15,1.2,121.91787,24.382612,176.5,0,2024-04-23 20:31:28,1637
2628,,,SHUN LI 38        8V,994164108,15,1.2,121.918008,24.381043,181.6,0,2024-04-23 20:35:29,1764
2728,,,SHUN LI 38        8V,994164108,15,0.8,121.918633,24.374753,303.1,0,2024-04-23 20:45:29,1867
2665,,,SHUN LI 38        8V,994164108,15,1.3,121.918267,24.374013,104.8,0,2024-04-23 20:49:30,1854
2654,,,SHUN LI 38        7V,994164108,15,0.1,121.918308,24.373748,228.8,0,2024-04-23 20:53:30,1813
2603,,,SHUN LI 38        8V,994164108,15,1.7,121.918357,24.373525,90.9,0,2024-04-23 20:55:30,1791
2733,,,SHUN LI 38        8V,994164108,15,8.2,121.918825,24.372538,137.6,0,2024-04-23 21:01:31,1871
2707,,,SHUN LI 38        8V,994164108,15,1.5,121.919167,24.368207,279.3,0,2024-04-23 21:04:30,1837
2494,,,SHUN LI 38        8V,994164108,15,1.6,121.918792,24.368623,0.0,0,2024-04-23 21:06:30,1695
2511,,,SHUN LI 38        8V,994164108,15,9.2,121.91793,24.369013,30.4,0,2024-04-23 21:13:31,1707
2540,,,SHUN LI 38        8V,994164108,15,6.8,121.923247,24.39491,348.9,0,2024-04-23 21:22:31,1716
2486,,,SHUN LI 38        8V,994164108,15,6.8,121.922895,24.400568,359.6,0,2024-04-23 21:25:30,1665
2708,,,SHUN LI 38        8V,994164108,15,6.9,121.92322,24.410048,5.5,0,2024-04-23 21:30:31,1825
2596,,,SHUN LI 38        8V,994164108,15,6.2,121.9235,24.418,359.7,0,2024-04-23 21:34:30,1763
2763,,,SHUN LI 38        8V,994164108,15,6.2,121.923468,24.419913,357.2,0,2024-04-23 21:35:31,1899
2623,,,SHUN LI 38        8V,994164108,15,0.3,121.92449,24.439805,198.5,0,2024-04-23 21:47:29,1797
2597,,,SHUN LI 38        8V,994164108,15,0.9,121.924737,24.439183,146.7,0,2024-04-23 21:51:31,1778
2594,,,SHUN LI 38        7V,994164108,15,0.5,121.924845,24.438913,155.2,0,2024-04-23 21:53:31,1780
2756,,,SHUN LI 38        8V,994164108,15,0.5,121.925137,24.43833,212.6,0,2024-04-23 21:59:30,1886
2714,,,SHUN LI 38        8V,994164108,15,0.8,121.925197,24.43797,182.3,0,2024-04-23 22:03:31,1851
2491,,,SHUN LI 38        8V,994164108,15,0.1,121.925205,24.437515,228.8,0,2024-04-23 22:07:31,1706
2411,,,SHUN LI 38        8V,994164108,15,0.7,121.92519,24.437022,144.5,0,2024-04-23 22:11:32,1632
2454,,,SHUN LI 38        8V,994164108,15,0.7,121.925188,24.436503,77.0,0,2024-04-23 22:15:33,1668
2432,,,SHUN LI 38        8V,994164108,15,1.1,121.92517,24.435952,165.3,0,2024-04-23 22:19:34,1682
2541,,,SHUN LI 38        8V,994164108,15,0.4,121.925212,24.4355,176.2,0,2024-04-23 22:22:34,1733
2597,,,SHUN LI 38        8V,994164108,15,0.9,121.925275,24.43484,204.0,0,2024-04-23 22:27:35,1807
2623,,,SHUN LI 38        8V,994164108,15,0.8,121.925398,24.434323,249.0,0,2024-04-23 22:31:34,1810
2552,,,SHUN LI 38        8V,994164108,15,1.2,121.925492,24.433735,208.9,0,2024-04-23 22:35:36,1738
2549,,,SHUN LI 38        8V,994164108,15,1.7,121.925583,24.433333,165.9,0,2024-04-23 22:38:36,1758
2633,,,SHUN LI 38        8V,994164108,15,0.5,121.925657,24.432382,213.5,0,2024-04-23 22:44:38,1834
2728,,,SHUN LI 38        8V,994164108,15,0.9,121.92576,24.432002,166.1,0,2024-04-23 22:47:39,1901
2944,,,SHUN LI 38        8V,994164108,15,0.6,121.925787,24.4314,228.8,0,2024-04-23 22:51:40,2024
2617,,,SHUN LI 38        8V,994164108,15,1.2,121.925797,24.430782,172.3,0,2024-04-23 22:55:41,1815
2552,,,SHUN LI 38        8V,994164108,15,0.5,121.925803,24.430242,228.8,0,2024-04-23 22:58:43,1771
2582,,,SHUN LI 38        8V,994164108,15,0.5,121.92584,24.429237,228.8,0,2024-04-23 23:04:49,1767
2759,,,SHUN LI 38        8V,994164108,15,0.9,121.925873,24.428565,183.0,0,2024-04-23 23:08:53,1887
2664,,,SHUN LI 38        7V,994164108,15,1.2,121.925965,24.428188,217.2,0,2024-04-23 23:10:57,1809
2589,,,SHUN LI 38        8V,994164108,15,0.8,121.925885,24.427333,155.7,0,2024-04-23 23:16:02,1764
2414,,,SHUN LI 38        8V,994164108,15,1.8,121.925803,24.426602,161.9,0,2024-04-23 23:20:07,1633
2359,,,SHUN LI 38        8V,994164108,15,1.0,121.92571,24.425567,228.8,0,2024-04-23 23:24:15,1588
2535,,,SHUN LI 38        8V,994164108,15,1.2,121.925725,24.42447,228.8,0,2024-04-23 23:27:34,1718
2601,,,SHUN LI 38        8V,994164108,15,1.7,121.925747,24.423067,203.2,0,2024-04-23 23:31:39,1766
2437,,,SHUN LI 38        8V,994164108,15,0.1,121.926337,24.424435,228.8,0,2024-04-23 23:36:48,1663
2551,,,SHUN LI 38        8V,994164108,15,0.4,121.927127,24.427975,74.4,0,2024-04-23 23:41:53,1725
2602,,,SHUN LI 38        8V,994164108,15,3.2,121.927855,24.429968,26.2,0,2024-04-23 23:44:57,1764
2587,,,SHUN LI 38        8V,994164108,15,0.8,121.92835,24.432993,325.3,0,2024-04-23 23:49:59,1794
2660,,,SHUN LI 38        8V,994164108,15,2.7,121.928193,24.435152,342.5,0,2024-04-23 23:53:02,1824
2500,,,SHUN LI 38        8V,994164108,15,3.2,121.928102,24.438668,349.9,0,2024-04-23 23:59:05,1692
2756,,,SHUN LI 38        8V,994164108,15,12.6,121.921473,24.43084,198.8,0,2024-04-24 00:09:36,1888
2730,,,SHUN LI 38        8V,994164108,15,11.2,121.910575,24.403948,196.8,0,2024-04-24 00:17:42,1901
2618,,,SHUN LI 38        8V,994164108,15,1.7,121.909918,24.400062,201.7,0,2024-04-24 00:19:43,1816
2623,,,SHUN LI 38        8V,994164108,15,7.4,121.909398,24.390238,180.1,0,2024-04-24 00:24:43,1828
2552,,,SHUN LI 38        8V,994164108,15,7.9,121.908868,24.379587,178.8,0,2024-04-24 00:29:43,1763
2557,,,SHUN LI 38        8V,994164108,15,8.1,121.908915,24.377342,176.7,0,2024-04-24 00:30:43,1735
2628,,,SHUN LI 38        8V,994164108,15,7.6,121.908348,24.364708,185.0,0,2024-04-24 00:36:44,1813
2557,,,SHUN LI 38        8V,994164108,15,3.3,121.90812,24.35309,200.8,0,2024-04-24 00:42:46,1758
2643,,,SHUN LI 38        8V,994164108,15,6.8,121.90819,24.345815,180.1,0,2024-04-24 00:46:47,1819
2670,,,SHUN LI 38        8V,994164108,15,0.3,121.907923,24.345167,228.8,0,2024-04-24 00:50:47,1823
2600,,,SHUN LI 38        8V,994164108,15,1.5,121.907645,24.344798,200.9,0,2024-04-24 00:54:49,1783
2665,,,SHUN LI 38        8V,994164108,15,0.4,121.907365,24.344325,228.8,0,2024-04-24 00:58:49,1817
2701,,,SHUN LI 38        8V,994164108,15,0.5,121.907172,24.343998,334.2,0,2024-04-24 01:01:52,1835
2474,,,SHUN LI 38        8V,994164108,15,0.4,121.906895,24.343453,228.8,0,2024-04-24 01:06:52,1644
2406,,,SHUN LI 38        8V,994164108,15,0.6,121.906652,24.34299,228.8,0,2024-04-24 01:10:53,1625
2490,,,SHUN LI 38        8V,994164108,15,1.0,121.906357,24.34248,236.7,0,2024-04-24 01:15:51,1712
2888,,,SHUN LI 38        8V,994164108,15,0.6,121.906153,24.342017,143.9,0,2024-04-24 01:19:53,2006
2744,,,SHUN LI 38        8V,994164108,15,0.3,121.906013,24.34156,228.8,0,2024-04-24 01:23:55,1907
2753,,,SHUN LI 38        8V,994164108,15,0.0,121.905952,24.341135,228.8,0,2024-04-24 01:26:56,1906
2670,,,SHUN LI 38        6V,994164108,15,1.0,121.905757,24.339967,191.4,0,2024-04-24 01:31:58,1845
2822,,,SHUN LI 38        8V,994164108,15,1.3,121.903678,24.349355,334.4,0,2024-04-24 01:48:02,1947
2540,,,SHUN LI 38        8V,994164108,15,3.5,121.902778,24.353427,358.0,0,2024-04-24 01:54:03,1736
2524,,,SHUN LI 38        8V,994164108,15,1.0,121.902545,24.355307,352.9,0,2024-04-24 01:57:02,1707
2523,,,SHUN LI 38        8V,994164108,15,1.7,121.902473,24.356863,266.0,0,2024-04-24 02:02:07,1709
2376,,,SHUN LI 38        8V,994164108,15,2.8,121.901142,24.364407,344.2,0,2024-04-24 02:15:18,1625
2551,,,SHUN LI 38        8V,994164108,15,8.8,121.8993,24.373435,131.4,0,2024-04-24 02:44:41,1744
2618,,,SHUN LI 38        8V,994164108,15,9.4,121.902602,24.374888,322.9,0,2024-04-24 02:47:41,1797
2768,,,SHUN LI 38        7V,994164108,15,9.3,121.899895,24.381913,357.8,0,2024-04-24 02:50:41,1912
2561,,,SHUN LI 38        7V,994164108,15,11.2,121.905062,24.39312,59.1,0,2024-04-24 02:55:41,1758
2612,,,SHUN LI 38        8V,994164108,15,11.1,121.920222,24.416077,319.5,0,2024-04-24 03:05:42,1776
2648,,,SHUN LI 38        8V,994164108,15,12.3,121.914115,24.415675,227.8,0,2024-04-24 03:07:42,1804
2623,,,SHUN LI 38        8V,994164108,15,12.8,121.90463,24.405005,213.6,0,2024-04-24 03:11:42,1798
2666,,,SHUN LI 38        8V,994164108,15,7.7,121.900237,24.395653,188.7,0,2024-04-24 03:15:43,1839
2828,,,SHUN LI 38        8V,994164108,15,8.5,121.897763,24.381318,183.0,0,2024-04-24 03:21:42,1926
2595,,,SHUN LI 38        8V,994164108,15,8.6,121.897055,24.374207,185.6,0,2024-04-24 03:24:43,1756
2623,,,SHUN LI 38        8V,994164108,15,7.7,121.897437,24.365152,174.5,0,2024-04-24 03:28:43,1795
2783,,,SHUN LI 38        8V,994164108,15,8.2,121.897558,24.35649,184.6,0,2024-04-24 03:32:43,1906
3003,,,SHUN LI 38        7V,994164108,15,1.3,121.897207,24.3433,194.5,0,2024-04-24 03:41:46,2066
2849,,,SHUN LI 38        7V,994164108,15,1.9,121.896818,24.342215,203.8,0,2024-04-24 03:45:46,1976
2881,,,SHUN LI 38        8V,994164108,15,1.0,121.896672,24.341782,199.2,0,2024-04-24 03:47:46,1996
2638,,,SHUN LI 38        8V,994164108,15,1.1,121.89634,24.340513,198.1,0,2024-04-24 03:53:46,1828
2697,,,SHUN LI 38        8V,994164108,15,2.1,121.896052,24.339708,186.6,0,2024-04-24 03:57:46,1862
2810,,,SHUN LI 38        8V,994164108,15,2.0,121.89572,24.338932,241.3,0,2024-04-24 04:01:48,1928
2768,,,SHUN LI 38        8V,994164108,15,1.2,121.895205,24.33804,232.1,0,2024-04-24 04:06:49,1915
3053,,,SHUN LI 38        8V,994164108,15,0.3,121.894837,24.337338,218.0,0,2024-04-24 04:10:47,2103
2714,,,SHUN LI 38        8V,994164108,15,0.6,121.894405,24.33669,225.7,0,2024-04-24 04:14:51,1863
2777,,,SHUN LI 38        8V,994164108,15,0.1,121.89432,24.336503,228.8,0,2024-04-24 04:15:50,1924
2777,,,SHUN LI 38        7V,994164108,15,1.1,121.893722,24.335297,217.5,0,2024-04-24 04:22:54,1924
2912,,,SHUN LI 38        7V,994164108,15,0.3,121.893472,24.334627,228.8,0,2024-04-24 04:26:58,2047
2901,,,SHUN LI 38        8V,994164108,15,0.9,121.893298,24.334093,237.3,0,2024-04-24 04:30:00,2031
2743,,,SHUN LI 38        7V,994164108,15,1.8,121.893228,24.333592,244.3,0,2024-04-24 04:33:04,1922
2847,,,SHUN LI 38        7V,994164108,15,1.0,121.892923,24.33279,238.0,0,2024-04-24 04:38:07,1995
3065,,,SHUN LI 38        8V,994164108,15,0.9,121.892678,24.331982,196.2,0,2024-04-24 04:43:12,2141
2903,,,SHUN LI 38        7V,994164108,15,0.5,121.892452,24.331327,229.6,0,2024-04-24 04:47:14,2069
3061,,,SHUN LI 38        8V,994164108,15,1.0,121.892313,24.330553,142.8,0,2024-04-24 04:51:19,2170
2956,,,SHUN LI 38        7V,994164108,15,0.2,121.89211,24.330058,228.8,0,2024-04-24 04:54:20,2093
2792,,,SHUN LI 38        6V,994164108,15,0.0,121.891947,24.329127,228.8,0,2024-04-24 04:59:24,1969
2724,,,SHUN LI 38        7V,994164108,15,1.1,121.891853,24.328755,219.6,0,2024-04-24 05:01:26,1935
2738,,,SHUN LI 38        7V,994164108,15,0.4,121.891538,24.327698,210.7,0,2024-04-24 05:07:31,1940
2736,,,SHUN LI 38        7V,994164108,15,1.1,121.891325,24.326988,199.0,0,2024-04-24 05:11:32,1934
2857,,,SHUN LI 38        8V,994164108,15,1.5,121.891083,24.326273,228.8,0,2024-04-24 05:15:36,2022
2924,,,SHUN LI 38        8V,994164108,15,1.4,121.890943,24.325592,102.4,0,2024-04-24 05:19:38,2054
2908,,,SHUN LI 38        8V,994164108,15,1.6,121.890915,24.325202,82.0,0,2024-04-24 05:22:39,2017
2890,,,SHUN LI 38        8V,994164108,15,0.5,121.891345,24.325265,100.1,0,2024-04-24 05:26:40,2041
2743,,,SHUN LI 38        8V,994164108,15,3.1,121.88652,24.324257,253.9,0,2024-04-24 05:35:49,1926
2941,,,SHUN LI 38        8V,994164108,15,3.1,121.885742,24.324188,281.8,0,2024-04-24 05:36:48,2066
2735,,,SHUN LI 38        8V,994164108,15,2.2,121.884197,24.32581,330.8,0,2024-04-24 05:41:55,1921
3125,,,SHUN LI 38        8V,994164108,15,4.8,121.880877,24.330543,341.5,0,2024-04-24 05:52:38,2191
2848,,,SHUN LI 38        8V,994164108,15,3.0,121.878787,24.332152,295.9,0,2024-04-24 05:56:47,1987
2892,,,SHUN LI 38        8V,994164108,15,2.3,121.877492,24.336342,318.0,0,2024-04-24 06:03:21,2026
3019,,,SHUN LI 38        7V,994164108,15,2.9,121.875482,24.339348,311.6,0,2024-04-24 06:08:23,2122
2839,,,SHUN LI 38        7V,994164108,15,1.2,121.873698,24.34047,238.6,0,2024-04-24 06:11:26,1998
2943,,,SHUN LI 38        8V,994164108,15,1.2,121.871833,24.340137,145.5,0,2024-04-24 06:15:30,2049
2865,,,SHUN LI 38        8V,994164108,15,11.1,121.873227,24.34778,2.9,0,2024-04-24 06:20:31,1979
2610,,,SHUN LI 38        8V,994164108,15,8.0,121.873982,24.360477,355.8,0,2024-04-24 06:25:37,1811
2613,,,SHUN LI 38        8V,994164108,15,7.7,121.874087,24.362618,2.4,0,2024-04-24 06:26:38,1822
2681,,,SHUN LI 38        8V,994164108,15,10.8,121.874567,24.37514,9.6,0,2024-04-24 06:31:40,1859
2738,,,SHUN LI 38        8V,994164108,15,10.7,121.87499,24.380905,6.3,0,2024-04-24 06:33:43,1888
2744,,,SHUN LI 38        8V,994164108,15,9.8,121.876648,24.40164,5.0,0,2024-04-24 06:41:04,1890
2703,,,SHUN LI 38        8V,994164108,15,10.5,121.877463,24.41372,0.6,0,2024-04-24 06:45:22,1852
2866,,,SHUN LI 38        8V,994164108,15,11.3,121.877328,24.422813,2.4,0,2024-04-24 06:48:28,1971
2488,,,SHUN LI 38        8V,994164108,15,11.2,121.878892,24.461903,359.2,0,2024-04-24 07:01:42,1690
2425,,,SHUN LI 38        8V,994164108,15,10.4,121.879538,24.470847,5.3,0,2024-04-24 07:04:45,1645
2744,,,SHUN LI 38        8V,994164108,15,11.9,121.880338,24.480022,4.6,0,2024-04-24 07:07:48,1839
2701,,,SHUN LI 38        8V,994164108,15,10.9,121.88097,24.489748,358.5,0,2024-04-24 07:10:53,1801
2433,,,SHUN LI 38        8V,994164108,15,11.4,121.881947,24.508888,359.3,0,2024-04-24 07:17:03,1634
2751,,,SHUN LI 38        8V,994164108,15,11.5,121.882652,24.521338,0.5,0,2024-04-24 07:21:07,1835
2751,,,SHUN LI 38        8V,994164108,15,12.0,121.884587,24.537275,5.4,0,2024-04-24 07:26:14,1838
2602,,,SHUN LI 38        7V,994164108,15,12.8,121.885265,24.5439,4.5,0,2024-04-24 07:28:20,1734
2881,,,SHUN LI 38        8V,994164108,15,7.2,121.886405,24.564667,6.0,0,2024-04-24 07:34:47,1955
2734,,,SHUN LI 38        8V,994164108,15,11.7,121.88586,24.577935,357.8,0,2024-04-24 07:38:51,1848
2769,,,SHUN LI 38        8V,994164108,15,11.2,121.883587,24.591008,341.5,0,2024-04-24 07:42:55,1863
2695,,,SHUN LI 38        7V,994164108,15,10.4,121.878673,24.59369,267.0,0,2024-04-24 07:44:57,1782
2610,,,SHUN LI 38        8V,994164108,15,4.7,121.869345,24.585518,220.8,0,2024-04-24 07:50:08,1727
2401,,,SHUN LI 38        6V,994164108,15,1.2,121.869538,24.585215,180.9,0,2024-04-24 07:54:14,1599
2577,,,SHUN LI 38        6V,994164108,15,0.1,121.86994,24.586017,228.8,0,2024-04-24 07:57:22,1721
2743,,,SHUN LI 38        7V,994164108,15,0.1,121.869915,24.58596,398.4,0,2024-04-24 08:01:59,1833
2659,,,SHUN LI 38        8V,994164108,15,0.2,121.8699,24.585988,398.4,0,2024-04-24 08:07:03,1785
2994,,,SHUN LI 38        6V,994164108,15,0.2,121.869842,24.586058,398.4,0,2024-04-24 08:11:07,1998
2709,,,SHUN LI 38        8V,994164108,15,0.0,121.869955,24.586013,398.4,0,2024-04-24 08:13:08,1804
2583,,,SHUN LI 38        8V,994164108,15,0.0,121.86999,24.58597,398.4,0,2024-04-24 08:17:12,1701
2508,,,SHUN LI 38        8V,994164108,15,0.0,121.869945,24.586015,398.4,0,2024-04-24 08:22:15,1633
2471,,,SHUN LI 38        8V,994164108,15,0.1,121.869943,24.586035,398.4,0,2024-04-24 08:26:18,1601
2468,,,SHUN LI 38        8V,994164108,15,1.3,121.869808,24.585572,120.5,0,2024-04-24 08:30:22,1625
2654,,,SHUN LI 38        8V,994164108,15,0.0,121.867527,24.584217,398.4,0,2024-04-24 08:35:26,1738
2651,,,SHUN LI 38        8V,994164108,15,0.1,121.86752,24.584255,398.4,0,2024-04-24 08:38:29,1745
2550,,,SHUN LI 38        8V,994164108,15,0.1,121.86739,24.584178,398.4,0,2024-04-24 08:42:29,1688
2523,,,SHUN LI 38        7V,994164108,15,0.0,121.867527,24.584253,398.4,0,2024-04-24 08:45:27,1653
2539,,,SHUN LI 38        8V,994164108,15,0.0,121.867535,24.584247,398.4,0,2024-04-24 08:51:42,1660
2569,,,SHUN LI 38        8V,994164108,15,0.0,121.86753,24.584262,398.4,0,2024-04-24 08:54:42,1673
2400,,,SHUN LI 38        8V,994164108,15,0.1,121.86748,24.584232,398.4,0,2024-04-24 09:03:45,1552
2486,,,SHUN LI 38        8V,994164108,15,0.0,121.867467,24.584227,398.4,0,2024-04-24 09:07:45,1587
2249,,,SHUN LI 38        7V,994164108,15,0.0,121.867495,24.584262,398.4,0,2024-04-24 09:09:46,1413
2139,,,SHUN LI 38        7V,994164108,15,0.0,121.867412,24.584253,398.4,0,2024-04-24 09:16:47,1352
2433,,,SHUN LI 38        8V,994164108,15,0.1,121.86755,24.584303,398.4,0,2024-04-24 09:19:46,1549
2418,,,SHUN LI 38        8V,994164108,15,0.1,121.8675,24.584243,398.4,0,2024-04-24 09:24:49,1573
2541,,,SHUN LI 38        8V,994164108,15,0.0,121.867478,24.584318,398.4,0,2024-04-24 09:28:49,1652
2749,,,SHUN LI 38        8V,994164108,15,0.0,121.867475,24.584252,398.4,0,2024-04-24 09:32:49,1773
2527,,,SHUN LI 38        8V,994164108,15,0.0,121.867498,24.584295,398.4,0,2024-04-24 09:36:49,1621
2317,,,SHUN LI 38        8V,994164108,15,0.1,121.867512,24.584272,398.4,0,2024-04-24 09:39:51,1465
2564,,,SHUN LI 38        8V,994164108,15,0.0,121.867513,24.584282,398.4,0,2024-04-24 09:45:53,1635
2371,,,SHUN LI 38        7V,994164108,15,0.0,121.86748,24.584207,398.4,0,2024-04-24 09:49:54,1520
2864,,,SHUN LI 38        6V,994164108,15,0.1,121.86744,24.58422,398.4,0,2024-04-24 09:53:55,1843
2642,,,SHUN LI 38        8V,994164108,15,0.1,121.867423,24.584257,398.4,0,2024-04-24 09:55:55,1723
2416,,,SHUN LI 38        8V,994164108,15,0.1,121.867528,24.584255,398.4,0,2024-04-24 10:01:56,1558
2503,,,SHUN LI 38        8V,994164108,15,0.3,121.867402,24.584393,398.4,0,2024-04-24 10:05:02,1595
2561,,,SHUN LI 38        8V,994164108,15,0.1,121.867497,24.584407,398.4,0,2024-04-24 10:09:04,1644
2245,,,SHUN LI 38        7V,994164108,15,0.2,121.867462,24.584157,398.4,0,2024-04-24 10:11:07,1447
2607,,,SHUN LI 38        8V,994164108,15,0.2,121.86742,24.584247,398.4,0,2024-04-24 10:15:12,1674
2536,,,SHUN LI 38        8V,994164108,15,0.1,121.86746,24.584395,398.4,0,2024-04-24 10:21:23,1637
2770,,,SHUN LI 38        8V,994164108,15,0.1,121.867463,24.584332,398.4,0,2024-04-24 10:27:34,1805
2701,,,SHUN LI 38        7V,994164108,15,0.1,121.867563,24.584202,398.4,0,2024-04-24 10:31:42,1752
2526,,,SHUN LI 38        8V,994164108,15,0.1,121.867458,24.584342,398.4,0,2024-04-24 10:34:47,1632
3003,,,SHUN LI 38        8V,994164108,15,0.1,121.867522,24.584312,398.4,0,2024-04-24 10:39:59,1968
2991,,,SHUN LI 38        8V,994164108,15,0.2,121.867427,24.584265,398.4,0,2024-04-24 10:44:05,1938
2699,,,SHUN LI 38        8V,994164108,15,0.0,121.867762,24.584173,398.4,0,2024-04-24 10:48:16,1753
2416,,,SHUN LI 38        8V,994164108,15,0.0,121.86745,24.584303,398.4,0,2024-04-24 10:52:25,1559
2622,,,SHUN LI 38        8V,994164108,15,0.0,121.867533,24.584262,398.4,0,2024-04-24 10:55:34,1690
2294,,,SHUN LI 38        8V,994164108,15,0.0,121.867512,24.584255,398.4,0,2024-04-24 10:59:55,1464
2577,,,SHUN LI 38        8V,994164108,15,0.0,121.867415,24.584288,398.4,0,2024-04-24 11:04:06,1659
2537,,,SHUN LI 38        8V,994164108,15,0.1,121.867483,24.584312,398.4,0,2024-04-24 11:07:12,1638
2630,,,SHUN LI 38        8V,994164108,15,0.0,121.867563,24.584257,398.4,0,2024-04-24 11:12:27,1695
2731,,,SHUN LI 38        8V,994164108,15,0.0,121.867585,24.584233,398.4,0,2024-04-24 11:17:34,1743
2621,,,SHUN LI 38        8V,994164108,15,0.0,121.867472,24.584297,398.4,0,2024-04-24 11:21:40,1670
2689,,,SHUN LI 38        8V,994164108,15,0.0,121.867502,24.584285,398.4,0,2024-04-24 11:24:50,1726
2639,,,SHUN LI 38        8V,994164108,15,0.1,121.867527,24.584278,398.4,0,2024-04-24 11:29:05,1698
2625,,,SHUN LI 38        8V,994164108,15,0.0,121.867533,24.584337,398.4,0,2024-04-24 11:33:12,1677
2368,,,SHUN LI 38        8V,994164108,15,0.0,121.867545,24.584263,398.4,0,2024-04-24 11:35:21,1496
2483,,,SHUN LI 38        8V,994164108,15,0.0,121.86757,24.58423,398.4,0,2024-04-24 11:41:39,1552
2552,,,SHUN LI 38        6V,994164108,15,0.0,121.867587,24.5842,398.4,0,2024-04-24 11:45:47,1602
2371,,,SHUN LI 38        8V,994164108,15,0.0,121.867563,24.58412,398.4,0,2024-04-24 11:49:58,1513
2057,,,SHUN LI 38        8V,994164108,15,0.0,121.86743,24.584337,398.4,0,2024-04-24 11:54:16,1319
2216,,,SHUN LI 38        8V,994164108,15,0.0,121.867487,24.584298,398.4,0,2024-04-24 11:58:39,1412
2105,,,SHUN LI 38        8V,994164108,15,0.1,121.867485,24.58427,398.4,0,2024-04-24 12:02:06,1332
2087,,,SHUN LI 38        8V,994164108,15,0.2,121.867513,24.58431,398.4,0,2024-04-24 12:06:09,1331
2216,,,SHUN LI 38        8V,994164108,15,0.1,121.867568,24.584338,398.4,0,2024-04-24 12:09:11,1397
2098,,,SHUN LI 38        8V,994164108,15,0.0,121.867518,24.584342,398.4,0,2024-04-24 12:14:13,1335
2214,,,SHUN LI 38        8V,994164108,15,0.1,121.867522,24.584323,398.4,0,2024-04-24 12:17:15,1427
2193,,,SHUN LI 38        7V,994164108,15,5.6,121.868702,24.58495,63.8,0,2024-04-24 12:22:17,1397
2190,,,SHUN LI 38        7V,994164108,15,2.8,121.869308,24.585543,93.4,0,2024-04-24 12:26:18,1385
2155,,,SHUN LI 38        8V,994164108,15,8.3,121.871908,24.591858,60.5,0,2024-04-24 12:30:21,1358
2038,,,SHUN LI 38        7V,994164108,15,8.1,121.882882,24.59188,144.9,0,2024-04-24 12:35:24,1289
2200,,,SHUN LI 38        8V,994164108,15,8.9,121.886278,24.583142,161.1,0,2024-04-24 12:39:25,1413
2260,,,SHUN LI 38        7V,994164108,15,8.9,121.88823,24.573547,178.6,0,2024-04-24 12:43:27,1467
2195,,,SHUN LI 38        7V,994164108,15,9.3,121.888298,24.563642,182.4,0,2024-04-24 12:47:29,1414
2097,,,SHUN LI 38        8V,994164108,15,10.0,121.888513,24.553548,179.8,0,2024-04-24 12:51:31,1338
2303,,,SHUN LI 38        8V,994164108,15,9.4,121.889155,24.542485,163.6,0,2024-04-24 12:55:32,1480
2312,,,SHUN LI 38        8V,994164108,15,9.8,121.89334,24.532065,165.9,0,2024-04-24 12:59:34,1479
2365,,,SHUN LI 38        7V,994164108,15,10.0,121.8975,24.521787,152.2,0,2024-04-24 13:03:36,1507
2304,,,SHUN LI 38        8V,994164108,15,9.6,121.902243,24.51169,152.0,0,2024-04-24 13:07:37,1453
2194,,,SHUN LI 38        8V,994164108,15,9.7,121.906825,24.501565,162.7,0,2024-04-24 13:11:39,1400
2114,,,SHUN LI 38        6V,994164108,15,10.1,121.910607,24.491,150.8,0,2024-04-24 13:15:41,1345
2115,,,SHUN LI 38        8V,994164108,15,6.5,121.914827,24.481998,164.8,0,2024-04-24 13:19:41,1364
2362,,,SHUN LI 38        8V,994164108,15,2.2,121.914785,24.478662,201.2,0,2024-04-24 13:23:42,1520
2326,,,SHUN LI 38        8V,994164108,15,1.6,121.913647,24.476158,199.3,0,2024-04-24 13:27:43,1503
2357,,,SHUN LI 38        8V,994164108,15,2.5,121.912772,24.474252,198.1,0,2024-04-24 13:30:44,1510
2537,,,SHUN LI 38        8V,994164108,15,2.2,121.911845,24.471722,190.5,0,2024-04-24 13:34:44,1642
2500,,,SHUN LI 38        8V,994164108,15,2.3,121.910567,24.467955,195.8,0,2024-04-24 13:40:48,1635
2747,,,SHUN LI 38        7V,994164108,15,2.4,121.90976,24.465478,207.6,0,2024-04-24 13:44:50,1807
2655,,,SHUN LI 38        8V,994164108,15,2.3,121.909095,24.462818,187.5,0,2024-04-24 13:48:52,1759
2495,,,SHUN LI 38        8V,994164108,15,1.8,121.908482,24.460198,216.1,0,2024-04-24 13:52:51,1634
2527,,,SHUN LI 38        7V,994164108,15,2.7,121.907738,24.457558,191.1,0,2024-04-24 13:56:54,1646
2491,,,SHUN LI 38        8V,994164108,15,1.6,121.907,24.454898,186.6,0,2024-04-24 14:00:57,1615
2708,,,SHUN LI 38        8V,994164108,15,2.2,121.906683,24.453563,182.9,0,2024-04-24 14:03:00,1757
2636,,,SHUN LI 38        8V,994164108,15,1.8,121.906167,24.450963,195.9,0,2024-04-24 14:07:04,1710
2742,,,SHUN LI 38        8V,994164108,15,1.4,121.905437,24.448262,196.5,0,2024-04-24 14:11:09,1762
2634,,,SHUN LI 38        8V,994164108,15,2.8,121.904675,24.444658,189.1,0,2024-04-24 14:16:15,1674
2585,,,SHUN LI 38        8V,994164108,15,2.6,121.904018,24.441615,188.3,0,2024-04-24 14:20:22,1662
2702,,,SHUN LI 38        8V,994164108,15,2.3,121.903552,24.439277,190.8,0,2024-04-24 14:23:27,1726
2540,,,SHUN LI 38        8V,994164108,15,4.9,121.903638,24.435398,124.8,0,2024-04-24 14:28:32,1618
2994,,,SHUN LI 38        8V,994164108,15,2.0,121.905563,24.436685,1.1,0,2024-04-24 14:32:36,1927
2821,,,SHUN LI 38        8V,994164108,15,2.3,121.906498,24.439642,39.4,0,2024-04-24 14:37:43,1806
2503,,,SHUN LI 38        7V,994164108,15,2.0,121.90714,24.44151,17.8,0,2024-04-24 14:40:44,1609
2500,,,SHUN LI 38        7V,994164108,15,2.8,121.908172,24.444608,37.0,0,2024-04-24 14:45:49,1593
2422,,,SHUN LI 38        7V,994164108,15,2.5,121.908713,24.447123,22.5,0,2024-04-24 14:49:53,1551
2352,,,SHUN LI 38        7V,994164108,15,3.1,121.909147,24.449078,342.8,0,2024-04-24 14:52:56,1484
2626,,,SHUN LI 38        7V,994164108,15,2.5,121.909335,24.45041,14.8,0,2024-04-24 14:54:57,1635
2623,,,SHUN LI 38        7V,994164108,15,2.3,121.910038,24.453743,19.5,0,2024-04-24 15:00:01,1633
2269,,,SHUN LI 38        6V,994164108,15,2.5,121.911752,24.45742,13.1,0,2024-04-24 15:05:55,1387
2115,,,SHUN LI 38        8V,994164108,15,2.4,121.912753,24.459465,18.8,0,2024-04-24 15:09:14,1313
2154,,,SHUN LI 38        7V,994164108,15,3.0,121.914015,24.46186,38.1,0,2024-04-24 15:13:16,1320
2361,,,SHUN LI 38        8V,994164108,15,2.5,121.914932,24.463748,26.4,0,2024-04-24 15:16:16,1434
2195,,,SHUN LI 38        8V,994164108,15,3.1,121.91681,24.465923,38.3,0,2024-04-24 15:20:18,1311
2210,,,SHUN LI 38        8V,994164108,15,2.8,121.919992,24.468435,41.9,0,2024-04-24 15:25:22,1356
2105,,,SHUN LI 38        7V,994164108,15,3.6,121.922782,24.470217,61.6,0,2024-04-24 15:29:24,1288
2032,,,SHUN LI 38        7V,994164108,15,2.8,121.92543,24.4721,52.4,0,2024-04-24 15:33:26,1232
2184,,,SHUN LI 38        7V,994164108,15,1.8,121.92781,24.474137,45.7,0,2024-04-24 15:37:28,1330
2370,,,SHUN LI 38        7V,994164108,15,2.9,121.930012,24.476047,40.0,0,2024-04-24 15:41:30,1449
2103,,,SHUN LI 38        7V,994164108,15,2.4,121.932323,24.478268,53.2,0,2024-04-24 15:45:31,1329
2192,,,SHUN LI 38        7V,994164108,15,3.1,121.93531,24.480943,43.8,0,2024-04-24 15:50:32,1392
2456,,,SHUN LI 38        8V,994164108,15,2.6,121.937697,24.483177,40.5,0,2024-04-24 15:54:33,1592
2430,,,SHUN LI 38        7V,994164108,15,3.3,121.940102,24.48555,34.4,0,2024-04-24 15:58:34,1578
2176,,,SHUN LI 38        7V,994164108,15,2.8,121.941255,24.486787,44.3,0,2024-04-24 16:00:35,1377
2227,,,SHUN LI 38        7V,994164108,15,2.2,121.943868,24.4893,174.4,0,2024-04-24 16:05:38,1372
2119,,,SHUN LI 38        7V,994164108,15,1.3,121.943167,24.487125,189.7,0,2024-04-24 16:10:41,1319
2214,,,SHUN LI 38        8V,994164108,15,1.6,121.942637,24.485797,192.9,0,2024-04-24 16:13:42,1375
2240,,,SHUN LI 38        8V,994164108,15,0.9,121.940942,24.481338,206.0,0,2024-04-24 16:23:48,1413
2175,,,SHUN LI 38        7V,994164108,15,1.4,121.940348,24.479948,199.7,0,2024-04-24 16:26:49,1353
2317,,,SHUN LI 38        7V,994164108,15,0.4,121.939482,24.477755,199.6,0,2024-04-24 16:31:54,1440
2318,,,SHUN LI 38        8V,994164108,15,2.3,121.939085,24.476377,174.0,0,2024-04-24 16:34:55,1444
2188,,,SHUN LI 38        7V,994164108,15,1.1,121.938603,24.474087,178.6,0,2024-04-24 16:39:59,1383
2117,,,SHUN LI 38        8V,994164108,15,1.2,121.938425,24.472787,194.9,0,2024-04-24 16:42:59,1327
2187,,,SHUN LI 38        7V,994164108,15,0.7,121.93811,24.470985,186.2,0,2024-04-24 16:47:02,1379
2245,,,SHUN LI 38        7V,994164108,15,1.6,121.937943,24.469685,194.1,0,2024-04-24 16:50:04,1393
2092,,,SHUN LI 38        8V,994164108,15,2.3,121.937663,24.46754,190.1,0,2024-04-24 16:55:09,1294
2005,,,SHUN LI 38        7V,994164108,15,0.9,121.937503,24.466152,193.2,0,2024-04-24 16:58:10,1238
2212,,,SHUN LI 38        7V,994164108,15,3.0,121.93765,24.464773,119.8,0,2024-04-24 17:01:14,1381
1938,,,SHUN LI 38        7V,994164108,15,4.0,121.934373,24.468263,311.0,0,2024-04-24 17:06:19,1205
1994,,,SHUN LI 38        7V,994164108,15,1.4,121.932097,24.472082,205.1,0,2024-04-24 17:11:23,1235
1997,,,SHUN LI 38        7V,994164108,15,1.8,121.931737,24.47052,191.1,0,2024-04-24 17:15:27,1247
2227,,,SHUN LI 38        7V,994164108,15,1.0,121.9316,24.468842,196.8,0,2024-04-24 17:19:28,1414
2171,,,SHUN LI 38        8V,994164108,15,1.4,121.931483,24.467107,196.8,0,2024-04-24 17:23:32,1404
2261,,,SHUN LI 38        7V,994164108,15,7.8,121.931585,24.461928,178.3,0,2024-04-24 17:36:43,1433
2168,,,SHUN LI 38        7V,994164108,15,7.2,121.93165,24.455872,173.6,0,2024-04-24 17:39:43,1385
2046,,,SHUN LI 38        7V,994164108,15,7.9,121.93167,24.447635,177.1,0,2024-04-24 17:43:47,1322
2258,,,SHUN LI 38        7V,994164108,15,8.1,121.93167,24.441458,184.3,0,2024-04-24 17:46:47,1436
2308,,,SHUN LI 38        7V,994164108,15,7.9,121.931573,24.43723,188.5,0,2024-04-24 17:48:49,1467
2293,,,SHUN LI 38        7V,994164108,15,7.6,121.931675,24.420777,177.4,0,2024-04-24 17:56:56,1476
2237,,,SHUN LI 38        6V,994164108,15,0.8,121.931607,24.418075,299.2,0,2024-04-24 17:58:57,1456
2423,,,SHUN LI 38        7V,994164108,15,1.8,121.932,24.417352,92.6,0,2024-04-24 18:03:54,1567
2309,,,SHUN LI 38        7V,994164108,15,0.6,121.932363,24.417128,398.4,0,2024-04-24 18:08:00,1509
2405,,,SHUN LI 38        7V,994164108,15,0.4,121.932845,24.416798,398.4,0,2024-04-24 18:12:07,1568
2588,,,SHUN LI 38        7V,994164108,15,0.4,121.933208,24.416472,398.4,0,2024-04-24 18:16:14,1677
2581,,,SHUN LI 38        7V,994164108,15,1.6,121.93342,24.4162,322.3,0,2024-04-24 18:20:20,1672
2371,,,SHUN LI 38        7V,994164108,15,1.9,121.93374,24.415895,355.8,0,2024-04-24 18:25:29,1533
2215,,,SHUN LI 38        7V,994164108,15,0.6,121.933888,24.415722,398.4,0,2024-04-24 18:27:33,1404
2146,,,SHUN LI 38        7V,994164108,15,1.7,121.93451,24.415158,70.0,0,2024-04-24 18:33:45,1373
2172,,,SHUN LI 38        7V,994164108,15,0.7,121.935032,24.414847,398.4,0,2024-04-24 18:36:54,1388
2170,,,SHUN LI 38        7V,994164108,15,0.5,121.935623,24.414478,398.4,0,2024-04-24 18:41:19,1407
2267,,,SHUN LI 38        7V,994164108,15,2.0,121.935895,24.414313,108.5,0,2024-04-24 18:43:29,1452
2514,,,SHUN LI 38        7V,994164108,15,2.2,121.93676,24.413823,106.2,0,2024-04-24 18:49:55,1646
2229,,,SHUN LI 38        7V,994164108,15,1.0,121.937063,24.41362,398.4,0,2024-04-24 18:53:04,1461
2252,,,SHUN LI 38        7V,994164108,15,0.7,121.937377,24.413395,398.4,0,2024-04-24 18:56:14,1488
2458,,,SHUN LI 38        7V,994164108,15,0.8,121.937718,24.41315,398.4,0,2024-04-24 19:00:27,1611
2255,,,SHUN LI 38        7V,994164108,15,1.2,121.938213,24.412848,398.4,0,2024-04-24 19:04:39,1477
2263,,,SHUN LI 38        7V,994164108,15,0.8,121.938423,24.41269,398.4,0,2024-04-24 19:06:45,1485
2368,,,SHUN LI 38        7V,994164108,15,0.1,121.939092,24.412287,398.4,0,2024-04-24 19:12:02,1543
2240,,,SHUN LI 38        7V,994164108,15,1.9,121.939607,24.411923,78.4,0,2024-04-24 19:16:10,1476
2439,,,SHUN LI 38        7V,994164108,15,0.9,121.94024,24.411507,398.4,0,2024-04-24 19:21:22,1610
2407,,,SHUN LI 38        7V,994164108,15,0.6,121.940932,24.411152,398.4,0,2024-04-24 19:25:32,1588
2469,,,SHUN LI 38        7V,994164108,15,0.9,121.941532,24.41085,398.4,0,2024-04-24 19:29:43,1639
2510,,,SHUN LI 38        7V,994164108,15,0.3,121.942302,24.410487,398.4,0,2024-04-24 19:33:49,1647
2428,,,SHUN LI 38        7V,994164108,15,0.1,121.942778,24.410178,398.4,0,2024-04-24 19:37:57,1621
2332,,,SHUN LI 38        7V,994164108,15,0.2,121.943843,24.409577,398.4,0,2024-04-24 19:46:12,1534
2246,,,SHUN LI 38        7V,994164108,15,0.3,121.944388,24.409282,398.4,0,2024-04-24 19:50:19,1484
2695,,,SHUN LI 38        7V,994164108,15,1.2,121.945162,24.408875,145.1,0,2024-04-24 19:53:59,1780
2643,,,SHUN LI 38        7V,994164108,15,4.7,121.94603,24.407532,194.7,0,2024-04-24 20:01:28,1765
2463,,,SHUN LI 38        7V,994164108,15,4.1,121.941148,24.396492,198.4,0,2024-04-24 20:14:10,1647
2628,,,SHUN LI 38        7V,994164108,15,2.8,121.940928,24.395705,398.4,0,2024-04-24 20:15:12,1737
2423,,,SHUN LI 38        7V,994164108,15,2.1,121.939,24.390968,181.7,0,2024-04-24 20:21:19,1595
2414,,,SHUN LI 38        7V,994164108,15,2.7,121.936752,24.386212,187.0,0,2024-04-24 20:27:31,1576
2509,,,SHUN LI 38        7V,994164108,15,2.1,121.935648,24.383623,216.6,0,2024-04-24 20:31:38,1629
2365,,,SHUN LI 38        7V,994164108,15,2.8,121.933248,24.380607,222.6,0,2024-04-24 20:35:48,1560
2253,,,SHUN LI 38        7V,994164108,15,3.0,121.931622,24.378455,206.7,0,2024-04-24 20:38:51,1476
2257,,,SHUN LI 38        7V,994164108,15,3.7,121.929365,24.374982,193.4,0,2024-04-24 20:43:55,1494
2400,,,SHUN LI 38        7V,994164108,15,4.4,121.929152,24.372647,168.6,0,2024-04-24 20:47:06,1594
2280,,,SHUN LI 38        6V,994164108,15,9.3,121.923183,24.376657,304.7,0,2024-04-24 20:51:14,1500
2279,,,SHUN LI 38        7V,994164108,15,10.8,121.922185,24.382103,357.1,0,2024-04-24 20:53:15,1489
2288,,,SHUN LI 38        7V,994164108,15,9.9,121.921553,24.399442,1.4,0,2024-04-24 20:59:22,1509
2560,,,SHUN LI 38        7V,994164108,15,7.7,121.92168,24.398935,172.4,0,2024-04-24 21:02:55,1684
2185,,,SHUN LI 38        7V,994164108,15,8.0,121.921907,24.396762,175.4,0,2024-04-24 21:03:55,1448
2188,,,SHUN LI 38        7V,994164108,15,7.3,121.922578,24.384765,170.7,0,2024-04-24 21:11:09,1415
2195,,,SHUN LI 38        7V,994164108,15,6.7,121.922083,24.375718,179.4,0,2024-04-24 21:15:22,1427
2456,,,SHUN LI 38        7V,994164108,15,6.9,121.921988,24.370955,178.3,0,2024-04-24 21:17:36,1606
2231,,,SHUN LI 38        7V,994164108,15,6.6,121.927737,24.376137,6.7,0,2024-04-24 21:27:02,1449
2331,,,SHUN LI 38        7V,994164108,15,0.3,121.927775,24.38139,398.4,0,2024-04-24 21:31:17,1513
2195,,,SHUN LI 38        7V,994164108,15,0.6,121.927858,24.380992,398.4,0,2024-04-24 21:34:18,1443
2186,,,SHUN LI 38        7V,994164108,15,0.3,121.927933,24.380533,398.4,0,2024-04-24 21:39:20,1437
2260,,,SHUN LI 38        7V,994164108,15,0.9,121.927897,24.380273,51.1,0,2024-04-24 21:44:22,1500
2510,,,SHUN LI 38        7V,994164108,15,0.7,121.927918,24.380203,308.6,0,2024-04-24 21:48:24,1637
2294,,,SHUN LI 38        7V,994164108,15,0.6,121.927952,24.380132,195.4,0,2024-04-24 21:51:25,1512
2194,,,SHUN LI 38        7V,994164108,15,0.3,121.928072,24.380035,111.0,0,2024-04-24 21:55:26,1440
2192,,,SHUN LI 38        7V,994164108,15,1.2,121.928235,24.379958,124.7,0,2024-04-24 21:58:28,1408
2327,,,SHUN LI 38        7V,994164108,15,0.9,121.928528,24.379883,0.3,0,2024-04-24 22:04:28,1510
2250,,,SHUN LI 38        7V,994164108,15,0.2,121.928677,24.379838,398.4,0,2024-04-24 22:08:30,1477
2260,,,SHUN LI 38        8V,994164108,15,0.1,121.928845,24.37974,398.4,0,2024-04-24 22:12:31,1501
2318,,,SHUN LI 38        7V,994164108,15,1.9,121.929065,24.379693,311.1,0,2024-04-24 22:16:31,1521
2642,,,SHUN LI 38        7V,994164108,15,0.3,121.929337,24.379555,398.4,0,2024-04-24 22:21:33,1748
2422,,,SHUN LI 38        7V,994164108,15,0.5,121.929467,24.379433,162.8,0,2024-04-24 22:24:34,1596
2308,,,SHUN LI 38        7V,994164108,15,1.1,121.929692,24.379253,121.9,0,2024-04-24 22:29:37,1535
2406,,,SHUN LI 38        7V,994164108,15,0.3,121.929797,24.379143,398.4,0,2024-04-24 22:32:38,1616
2435,,,SHUN LI 38        7V,994164108,15,1.7,121.929947,24.378975,43.5,0,2024-04-24 22:36:40,1592
2632,,,SHUN LI 38        7V,994164108,15,1.9,121.930153,24.378897,96.9,0,2024-04-24 22:39:39,1733
2306,,,SHUN LI 38        7V,994164108,15,0.3,121.930377,24.378798,398.4,0,2024-04-24 22:45:43,1519
2365,,,SHUN LI 38        7V,994164108,15,1.1,121.930478,24.378757,218.6,0,2024-04-24 22:47:41,1574
2503,,,SHUN LI 38        7V,994164108,15,0.4,121.93106,24.378307,398.4,0,2024-04-24 22:53:48,1653
2196,,,SHUN LI 38        7V,994164108,15,0.9,121.93113,24.377742,274.6,0,2024-04-24 22:57:50,1462
2261,,,SHUN LI 38        7V,994164108,15,0.4,121.931017,24.377587,398.4,0,2024-04-24 22:58:51,1494
2251,,,SHUN LI 38        7V,994164108,15,2.9,121.930838,24.380812,7.4,0,2024-04-24 23:07:14,1498
1984,,,SHUN LI 38        7V,994164108,15,1.4,121.931,24.386185,199.4,0,2024-04-24 23:13:21,1297
2030,,,SHUN LI 38        7V,994164108,15,0.0,121.930805,24.386088,398.4,0,2024-04-24 23:17:25,1316
1901,,,SHUN LI 38        7V,994164108,15,1.5,121.930765,24.386118,321.9,0,2024-04-24 23:19:28,1233
2109,,,SHUN LI 38        7V,994164108,15,2.3,121.931068,24.389272,1.5,0,2024-04-24 23:24:32,1388
2317,,,SHUN LI 38        7V,994164108,15,2.3,121.931173,24.391897,7.8,0,2024-04-24 23:28:36,1518
2388,,,SHUN LI 38        7V,994164108,15,2.3,121.931852,24.394755,12.5,0,2024-04-24 23:33:41,1575
2348,,,SHUN LI 38        7V,994164108,15,1.1,121.932053,24.395117,184.8,0,2024-04-24 23:38:48,1548
2321,,,SHUN LI 38        7V,994164108,15,0.4,121.931875,24.394345,398.4,0,2024-04-24 23:41:55,1537
2338,,,SHUN LI 38        7V,994164108,15,7.8,121.932443,24.394693,32.9,0,2024-04-24 23:46:06,1549
2364,,,SHUN LI 38        7V,994164108,15,9.1,121.938448,24.40268,32.5,0,2024-04-24 23:50:11,1564
2295,,,SHUN LI 38        7V,994164108,15,8.9,121.943315,24.40937,34.2,0,2024-04-24 23:53:21,1534
2463,,,SHUN LI 38        6V,994164108,15,9.6,121.95207,24.419918,35.5,0,2024-04-24 23:58:28,1634
2317,,,SHUN LI 38        6V,994164108,15,9.2,121.957932,24.427728,26.2,0,2024-04-25 00:02:06,1555
2315,,,SHUN LI 38        6V,994164108,15,9.3,121.965298,24.435885,48.3,0,2024-04-25 00:06:18,1539
2288,,,SHUN LI 38        7V,994164108,15,9.2,121.974802,24.442923,48.9,0,2024-04-25 00:10:36,1529
2169,,,SHUN LI 38        7V,994164108,15,9.1,121.981988,24.446942,63.0,0,2024-04-25 00:13:35,1423
1944,,,SHUN LI 38        7V,994164108,15,8.8,121.996,24.44975,55.3,0,2024-04-25 00:18:36,1282
1754,,,SHUN LI 38        7V,994164108,15,6.6,122.005262,24.453628,33.5,0,2024-04-25 00:22:39,1111
2198,,,SHUN LI 38        7V,994164108,15,5.5,122.005678,24.459903,357.4,0,2024-04-25 00:26:41,1426
2135,,,SHUN LI 38        7V,994164108,15,6.2,122.005735,24.468478,2.6,0,2024-04-25 00:31:42,1390
2417,,,SHUN LI 38        7V,994164108,15,5.9,122.005527,24.475452,358.1,0,2024-04-25 00:35:43,1600
2699,,,SHUN LI 38        7V,994164108,15,6.2,122.005618,24.480727,1.3,0,2024-04-25 00:38:45,1779
2638,,,SHUN LI 38        7V,994164108,15,6.5,122.005688,24.489467,4.2,0,2024-04-25 00:43:46,1768
2448,,,SHUN LI 38        7V,994164108,15,6.4,122.005862,24.494642,358.4,0,2024-04-25 00:46:46,1630
2539,,,SHUN LI 38        7V,994164108,15,0.4,122.005728,24.497845,189.9,0,2024-04-25 00:51:49,1720
2635,,,SHUN LI 38        7V,994164108,15,1.4,122.005355,24.496607,170.4,0,2024-04-25 00:55:49,1756
2510,,,SHUN LI 38        7V,994164108,15,0.8,122.005018,24.495428,191.5,0,2024-04-25 00:59:52,1689
2646,,,SHUN LI 38        7V,994164108,15,1.3,122.004572,24.494443,241.7,0,2024-04-25 01:03:55,1781
2496,,,SHUN LI 38        7V,994164108,15,1.2,122.00422,24.493795,228.6,0,2024-04-25 01:06:56,1690
2377,,,SHUN LI 38        7V,994164108,15,1.0,122.003812,24.492707,160.3,0,2024-04-25 01:11:58,1608
2416,,,SHUN LI 38        7V,994164108,15,0.8,122.003622,24.492247,186.0,0,2024-04-25 01:14:00,1605
2420,,,SHUN LI 38        7V,994164108,15,1.3,122.003167,24.49113,206.3,0,2024-04-25 01:19:05,1615
2363,,,SHUN LI 38        7V,994164108,15,0.5,122.002783,24.490282,208.6,0,2024-04-25 01:23:08,1571
2825,,,SHUN LI 38        7V,994164108,15,1.8,122.002398,24.489448,224.5,0,2024-04-25 01:27:11,1884
2516,,,SHUN LI 38        7V,994164108,15,1.1,122.001925,24.488363,155.4,0,2024-04-25 01:32:16,1680
2298,,,SHUN LI 38        7V,994164108,15,0.9,122.001772,24.487955,200.4,0,2024-04-25 01:34:16,1560
2174,,,SHUN LI 38        7V,994164108,15,1.0,122.001288,24.486933,197.2,0,2024-04-25 01:39:18,1474
2179,,,SHUN LI 38        7V,994164108,15,1.8,122.000757,24.485897,200.3,0,2024-04-25 01:44:20,1465
2144,,,SHUN LI 38        7V,994164108,15,0.5,122.000402,24.485137,398.4,0,2024-04-25 01:48:21,1457
2464,,,SHUN LI 38        7V,994164108,15,2.1,122.000028,24.484357,237.3,0,2024-04-25 01:52:21,1655
2020,,,SHUN LI 38        7V,994164108,15,0.3,121.999683,24.483573,398.4,0,2024-04-25 01:56:23,1327
2151,,,SHUN LI 38        7V,994164108,15,1.3,121.999452,24.48299,204.6,0,2024-04-25 01:59:24,1395
2110,,,SHUN LI 38        7V,994164108,15,0.4,121.99905,24.482013,398.4,0,2024-04-25 02:04:29,1362
2054,,,SHUN LI 38        6V,994164108,15,1.6,121.99867,24.481145,250.4,0,2024-04-25 02:08:34,1343
2206,,,SHUN LI 38        7V,994164108,15,2.3,121.998462,24.48028,162.9,0,2024-04-25 02:11:38,1448
1951,,,SHUN LI 38        7V,994164108,15,1.3,121.997883,24.478735,235.3,0,2024-04-25 02:15:44,1284
2171,,,SHUN LI 38        7V,994164108,15,1.5,121.997242,24.481018,398.4,0,2024-04-25 02:20:59,1440
2192,,,SHUN LI 38        7V,994164108,15,1.7,121.996578,24.4827,329.7,0,2024-04-25 02:25:04,1448
2295,,,SHUN LI 38        7V,994164108,15,9.9,121.99529,24.484133,343.9,0,2024-04-25 02:28:07,1562
2232,,,SHUN LI 38        7V,994164108,15,8.8,121.988472,24.492288,321.2,0,2024-04-25 02:32:13,1512
2563,,,SHUN LI 38        7V,994164108,15,9.8,121.984705,24.496148,317.3,0,2024-04-25 02:34:14,1752
2541,,,SHUN LI 38        7V,994164108,15,9.2,121.977148,24.503605,320.2,0,2024-04-25 02:38:17,1719
2450,,,SHUN LI 38        7V,994164108,15,8.8,121.969258,24.510747,318.8,0,2024-04-25 02:42:19,1671
2490,,,SHUN LI 38        7V,994164108,15,9.6,121.955507,24.523247,312.9,0,2024-04-25 02:49:20,1695
2492,,,SHUN LI 38        7V,994164108,15,9.1,121.947573,24.530343,313.6,0,2024-04-25 02:53:20,1695
2411,,,SHUN LI 38        7V,994164108,15,9.5,121.939095,24.537643,313.3,0,2024-04-25 02:57:23,1629
2461,,,SHUN LI 38        7V,994164108,15,10.2,121.936743,24.539465,309.6,0,2024-04-25 02:58:25,1655
2105,,,SHUN LI 38        7V,994164108,15,8.6,121.923875,24.549298,309.2,0,2024-04-25 03:04:31,1405
2395,,,SHUN LI 38        7V,994164108,15,8.8,121.914603,24.556247,306.2,0,2024-04-25 03:09:04,1628
2193,,,SHUN LI 38        7V,994164108,15,8.6,121.91073,24.559525,307.6,0,2024-04-25 03:11:04,1479
1968,,,SHUN LI 38        7V,994164108,15,9.3,121.899147,24.57089,324.5,0,2024-04-25 03:17:07,1302
1806,,,SHUN LI 38        7V,994164108,15,9.3,121.893155,24.579472,325.8,0,2024-04-25 03:21:07,1175
1929,,,SHUN LI 38        7V,994164108,15,9.2,121.887522,24.58863,329.6,0,2024-04-25 03:25:10,1244
2398,,,SHUN LI 38        7V,994164108,15,9.1,121.881688,24.593962,295.2,0,2024-04-25 03:28:11,1592
2117,,,SHUN LI 38        7V,994164108,15,8.7,121.871948,24.592918,231.9,0,2024-04-25 03:32:13,1395
2048,,,SHUN LI 38        7V,994164108,15,2.1,121.86914,24.585393,268.0,0,2024-04-25 03:36:15,1350
2034,,,SHUN LI 38        6V,994164108,15,0.2,121.869825,24.586042,398.4,0,2024-04-25 03:42:14,1333
1934,,,SHUN LI 38        7V,994164108,15,0.0,121.869965,24.585995,398.4,0,2024-04-25 03:46:28,1277
1814,,,SHUN LI 38        7V,994164108,15,0.0,121.869918,24.586015,398.4,0,2024-04-25 03:49:28,1191
1682,,,SHUN LI 38        7V,994164108,15,0.1,121.869873,24.58636,398.4,0,2024-04-25 03:54:29,1088
1512,,,SHUN LI 38        7V,994164108,15,0.0,121.869928,24.586362,398.4,0,2024-04-25 03:58:30,975
1669,,,SHUN LI 38        7V,994164108,15,0.0,121.869897,24.586382,398.4,0,2024-04-25 04:00:31,1069
1883,,,SHUN LI 38        7V,994164108,15,0.0,121.869893,24.586352,398.4,0,2024-04-25 04:06:34,1228
2109,,,SHUN LI 38        7V,994164108,15,0.1,121.86985,24.586408,398.4,0,2024-04-25 04:10:35,1385
2205,,,SHUN LI 38        7V,994164108,15,0.0,121.86991,24.586388,398.4,0,2024-04-25 04:14:35,1447
2437,,,SHUN LI 38        7V,994164108,15,0.0,121.869852,24.586415,398.4,0,2024-04-25 04:18:36,1629
2128,,,SHUN LI 38        7V,994164108,15,0.0,121.86987,24.586425,398.4,0,2024-04-25 04:22:39,1450
2236,,,SHUN LI 38        7V,994164108,15,0.0,121.869895,24.586413,398.4,0,2024-04-25 04:26:41,1531
2034,,,SHUN LI 38        7V,994164108,15,0.0,121.86985,24.586417,398.4,0,2024-04-25 04:31:44,1363
2110,,,SHUN LI 38        7V,994164108,15,0.1,121.869863,24.586408,398.4,0,2024-04-25 04:35:46,1420
2131,,,SHUN LI 38        7V,994164108,15,0.1,121.869882,24.586417,398.4,0,2024-04-25 04:39:47,1432
2354,,,SHUN LI 38        7V,994164108,15,0.0,121.869843,24.586383,398.4,0,2024-04-25 04:43:49,1589
2643,,,SHUN LI 38        7V,994164108,15,0.0,121.86988,24.58643,398.4,0,2024-04-25 04:47:49,1811
2535,,,SHUN LI 38        7V,994164108,15,0.0,121.869918,24.586413,398.4,0,2024-04-25 04:51:52,1750
2596,,,SHUN LI 38        7V,994164108,15,0.1,121.869827,24.586423,398.4,0,2024-04-25 04:55:52,1791
2237,,,SHUN LI 38        7V,994164108,15,0.0,121.869965,24.586328,398.4,0,2024-04-25 05:03:57,1524
1992,,,SHUN LI 38        7V,994164108,15,0.0,121.86991,24.586368,398.4,0,2024-04-25 05:07:01,1356
2460,,,SHUN LI 38        7V,994164108,15,0.3,121.869825,24.586505,398.4,0,2024-04-25 05:15:12,1708
2383,,,SHUN LI 38        7V,994164108,15,0.1,121.86984,24.586327,398.4,0,2024-04-25 05:18:14,1650
2444,,,SHUN LI 38        7V,994164108,15,0.1,121.869728,24.586615,398.4,0,2024-04-25 05:22:18,1666
2242,,,SHUN LI 38        7V,994164108,15,0.0,121.869852,24.586482,398.4,0,2024-04-25 05:24:21,1537
2310,,,SHUN LI 38        7V,994164108,15,0.0,121.869833,24.586487,398.4,0,2024-04-25 05:31:29,1585
2526,,,SHUN LI 38        7V,994164108,15,0.1,121.869842,24.586447,398.4,0,2024-04-25 05:34:34,1748
2497,,,SHUN LI 38        7V,994164108,15,0.1,121.869812,24.586422,398.4,0,2024-04-25 05:38:38,1746
2589,,,SHUN LI 38        7V,994164108,15,0.0,121.869845,24.58644,398.4,0,2024-04-25 05:43:43,1779
2482,,,SHUN LI 38        7V,994164108,15,0.1,121.869837,24.586367,398.4,0,2024-04-25 05:47:48,1722
2606,,,SHUN LI 38        7V,994164108,15,0.0,121.86984,24.586478,398.4,0,2024-04-25 05:52:53,1823
2895,,,SHUN LI 38        7V,994164108,15,1.3,121.869823,24.586305,11.0,0,2024-04-25 05:56:59,2042
2743,,,SHUN LI 38        7V,994164108,15,0.0,121.869852,24.586417,398.4,0,2024-04-25 06:00:32,1924
2635,,,SHUN LI 38        7V,994164108,15,0.1,121.869925,24.586377,398.4,0,2024-04-25 06:02:33,1871
2455,,,SHUN LI 38        7V,994164108,15,0.1,121.869832,24.586427,398.4,0,2024-04-25 06:06:37,1720
2415,,,SHUN LI 38        7V,994164108,15,0.0,121.869897,24.586398,398.4,0,2024-04-25 06:12:39,1696
2519,,,SHUN LI 38        7V,994164108,15,0.0,121.869893,24.586398,398.4,0,2024-04-25 06:16:41,1730
2823,,,SHUN LI 38        7V,994164108,15,0.1,121.86983,24.586432,398.4,0,2024-04-25 06:19:43,1966
2493,,,SHUN LI 38        7V,994164108,15,0.0,121.869827,24.586405,398.4,0,2024-04-25 06:24:44,1764
2443,,,SHUN LI 38        7V,994164108,15,0.1,121.869845,24.586437,398.4,0,2024-04-25 06:29:47,1720
2547,,,SHUN LI 38        7V,994164108,15,0.0,121.869902,24.586402,398.4,0,2024-04-25 06:33:48,1780
2707,,,SHUN LI 38        7V,994164108,15,0.0,121.869848,24.58641,398.4,0,2024-04-25 06:37:49,1863
2823,,,SHUN LI 38        7V,994164108,15,0.0,121.869902,24.586407,398.4,0,2024-04-25 06:41:49,1948
2427,,,SHUN LI 38        7V,994164108,15,0.0,121.869938,24.586355,398.4,0,2024-04-25 06:44:50,1681
2438,,,SHUN LI 38        7V,994164108,15,0.2,121.869795,24.586477,398.4,0,2024-04-25 06:48:55,1668
2548,,,SHUN LI 38        7V,994164108,15,0.1,121.869907,24.586388,398.4,0,2024-04-25 06:51:57,1729
2882,,,SHUN LI 38        7V,994164108,15,0.0,121.869887,24.586398,398.4,0,2024-04-25 06:56:55,1967
2708,,,SHUN LI 38        7V,994164108,15,0.1,121.869855,24.58642,398.4,0,2024-04-25 07:01:56,1858
2776,,,SHUN LI 38        7V,994164108,15,0.0,121.869875,24.58641,398.4,0,2024-04-25 07:05:58,1906
2689,,,SHUN LI 38        6V,994164108,15,0.2,121.869908,24.58629,398.4,0,2024-04-25 07:09:00,1825
2539,,,SHUN LI 38        7V,994164108,15,0.2,121.869862,24.586277,398.4,0,2024-04-25 07:13:02,1728
2480,,,SHUN LI 38        7V,994164108,15,0.0,121.869872,24.586473,398.4,0,2024-04-25 07:16:04,1675
2656,,,SHUN LI 38        7V,994164108,15,0.1,121.869827,24.586503,398.4,0,2024-04-25 07:21:04,1780
2526,,,SHUN LI 38        7V,994164108,15,0.0,121.869883,24.586372,398.4,0,2024-04-25 07:23:03,1683
2313,,,SHUN LI 38        7V,994164108,15,0.0,121.86984,24.586418,398.4,0,2024-04-25 07:30:06,1547
2461,,,SHUN LI 38        7V,994164108,15,0.1,121.869863,24.586378,398.4,0,2024-04-25 07:34:06,1656
2566,,,SHUN LI 38        7V,994164108,15,1.1,121.86971,24.585565,149.0,0,2024-04-25 07:38:08,1727
2562,,,SHUN LI 38        7V,994164108,15,0.1,121.867435,24.584193,398.4,0,2024-04-25 07:42:08,1701
2589,,,SHUN LI 38        7V,994164108,15,0.9,121.865738,24.584397,255.1,0,2024-04-25 07:45:11,1724
2501,,,SHUN LI 38        7V,994164108,15,0.0,121.865703,24.58436,398.4,0,2024-04-25 07:50:11,1670
2724,,,SHUN LI 38        7V,994164108,15,0.0,121.865623,24.584338,398.4,0,2024-04-25 07:54:12,1839
2711,,,SHUN LI 38        7V,994164108,15,0.0,121.865702,24.584312,398.4,0,2024-04-25 07:58:14,1848
2478,,,SHUN LI 38        7V,994164108,15,0.0,121.865668,24.584347,158.4,0,2024-04-25 08:02:13,1676
2690,,,SHUN LI 38        7V,994164108,15,0.1,121.865467,24.584875,158.4,0,2024-04-25 08:07:16,1777
2395,,,SHUN LI 38        7V,994164108,15,0.0,121.86572,24.584398,158.4,0,2024-04-25 08:10:17,1567
2303,,,SHUN LI 38        7V,994164108,15,0.1,121.865652,24.584445,158.4,0,2024-04-25 08:15:25,1493
2336,,,SHUN LI 38        7V,994164108,15,0.1,121.865678,24.584485,158.4,0,2024-04-25 08:19:27,1526
2366,,,SHUN LI 38        6V,994164108,15,0.1,121.865652,24.584477,158.4,0,2024-04-25 08:22:29,1560
2305,,,SHUN LI 38        6V,994164108,15,0.1,121.865712,24.584348,158.4,0,2024-04-25 08:26:32,1523
2479,,,SHUN LI 38        7V,994164108,15,0.0,121.865703,24.584337,158.4,0,2024-04-25 08:31:35,1674
2810,,,SHUN LI 38        7V,994164108,15,0.1,121.86571,24.584352,158.4,0,2024-04-25 08:35:38,1884
2760,,,SHUN LI 38        7V,994164108,15,0.1,121.865692,24.58432,158.4,0,2024-04-25 08:39:42,1859
2545,,,SHUN LI 38        7V,994164108,15,0.0,121.865597,24.584518,158.4,0,2024-04-25 08:43:45,1697
2445,,,SHUN LI 38        7V,994164108,15,0.0,121.86573,24.584287,158.4,0,2024-04-25 08:47:49,1643
2760,,,SHUN LI 38        7V,994164108,15,0.0,121.865805,24.584193,158.4,0,2024-04-25 08:51:54,1824
2777,,,SHUN LI 38        7V,994164108,15,0.0,121.865635,24.584462,158.4,0,2024-04-25 08:55:58,1843
2559,,,SHUN LI 38        7V,994164108,15,0.0,121.865695,24.584327,158.4,0,2024-04-25 08:58:01,1709
2644,,,SHUN LI 38        7V,994164108,15,0.1,121.865692,24.584385,158.4,0,2024-04-25 09:07:11,1741
2605,,,SHUN LI 38        7V,994164108,15,0.1,121.865663,24.584438,158.4,0,2024-04-25 09:12:18,1735
2606,,,SHUN LI 38        7V,994164108,15,0.1,121.865747,24.58435,158.4,0,2024-04-25 09:16:24,1735
2658,,,SHUN LI 38        7V,994164108,15,0.0,121.86567,24.584455,158.4,0,2024-04-25 09:19:29,1773
2430,,,SHUN LI 38        7V,994164108,15,0.2,121.865823,24.584337,158.4,0,2024-04-25 09:24:38,1598
2626,,,SHUN LI 38        7V,994164108,15,0.0,121.865635,24.584372,158.4,0,2024-04-25 09:28:44,1730
2504,,,SHUN LI 38        7V,994164108,15,0.2,121.865777,24.584377,158.4,0,2024-04-25 09:32:00,1619
2450,,,SHUN LI 38        7V,994164108,15,0.2,121.865672,24.584298,158.4,0,2024-04-25 09:36:09,1597
2278,,,SHUN LI 38        7V,994164108,15,0.0,121.865832,24.584397,158.4,0,2024-04-25 09:41:38,1474
2268,,,SHUN LI 38        7V,994164108,15,0.1,121.865675,24.58436,158.4,0,2024-04-25 09:44:54,1457
2237,,,SHUN LI 38        7V,994164108,15,0.2,121.865715,24.584438,158.4,0,2024-04-25 09:47:59,1419
2280,,,SHUN LI 38        6V,994164108,15,0.1,121.866327,24.584667,158.4,0,2024-04-25 09:53:41,1444
2280,,,SHUN LI 38        6V,994164108,15,0.0,121.865707,24.584367,158.4,0,2024-04-25 09:57:03,1429
2489,,,SHUN LI 38        6V,994164108,15,0.0,121.865682,24.584348,158.4,0,2024-04-25 10:01:58,1599
2293,,,SHUN LI 38        7V,994164108,15,0.1,121.865698,24.58441,158.4,0,2024-04-25 10:04:14,1469
2425,,,SHUN LI 38        7V,994164108,15,0.1,121.865695,24.584417,158.4,0,2024-04-25 10:08:16,1565
2606,,,SHUN LI 38        7V,994164108,15,0.0,121.865727,24.584438,158.4,0,2024-04-25 10:11:16,1663
2691,,,SHUN LI 38        7V,994164108,15,0.0,121.865648,24.584468,158.4,0,2024-04-25 10:17:17,1750
2306,,,SHUN LI 38        7V,994164108,15,0.0,121.865705,24.584408,158.4,0,2024-04-25 10:19:17,1489
2499,,,SHUN LI 38        7V,994164108,15,0.1,121.86569,24.58443,158.4,0,2024-04-25 10:30:21,1605
2350,,,SHUN LI 38        7V,994164108,15,0.0,121.86567,24.584452,158.4,0,2024-04-25 10:33:22,1515
2430,,,SHUN LI 38        7V,994164108,15,0.0,121.865713,24.584462,158.4,0,2024-04-25 10:37:23,1565
2467,,,SHUN LI 38        6V,994164108,15,0.0,121.865682,24.58443,158.4,0,2024-04-25 10:42:26,1560
2522,,,SHUN LI 38        7V,994164108,15,0.0,121.86569,24.584475,158.4,0,2024-04-25 10:47:29,1627
2808,,,SHUN LI 38        7V,994164108,15,0.1,121.865683,24.584467,158.4,0,2024-04-25 10:51:29,1819
2826,,,SHUN LI 38        6V,994164108,15,0.1,121.86567,24.584557,158.4,0,2024-04-25 10:55:31,1841
2502,,,SHUN LI 38        7V,994164108,15,0.0,121.865668,24.58451,158.4,0,2024-04-25 10:57:31,1619
2542,,,SHUN LI 38        6V,994164108,15,0.1,121.865635,24.58448,158.4,0,2024-04-25 11:03:32,1660
2579,,,SHUN LI 38        7V,994164108,15,0.0,121.865693,24.584443,158.4,0,2024-04-25 11:07:32,1654
2482,,,SHUN LI 38        7V,994164108,15,0.0,121.865648,24.584488,158.4,0,2024-04-25 11:08:33,1566
2415,,,SHUN LI 38        7V,994164108,15,0.0,121.86566,24.584453,158.4,0,2024-04-25 11:15:35,1562
2917,,,SHUN LI 38        7V,994164108,15,0.0,121.865675,24.584428,158.4,0,2024-04-25 11:19:36,1895
2419,,,SHUN LI 38        7V,994164108,15,0.0,121.865688,24.584418,158.4,0,2024-04-25 11:23:36,1551
2792,,,SHUN LI 38        7V,994164108,15,0.0,121.865658,24.584412,158.4,0,2024-04-25 11:27:37,1801
2363,,,SHUN LI 38        7V,994164108,15,0.0,121.865698,24.584498,158.4,0,2024-04-25 11:31:37,1523
2295,,,SHUN LI 38        6V,994164108,15,0.0,121.86561,24.584428,158.4,0,2024-04-25 11:35:38,1450
2298,,,SHUN LI 38        7V,994164108,15,0.0,121.865688,24.584437,158.4,0,2024-04-25 11:39:38,1461
2424,,,SHUN LI 38        6V,994164108,15,0.0,121.865652,24.584465,158.4,0,2024-04-25 11:44:37,1570
2607,,,SHUN LI 38        6V,994164108,15,0.1,121.865712,24.58444,158.4,0,2024-04-25 11:48:36,1712
2673,,,SHUN LI 38        6V,994164108,15,0.0,121.865753,24.584403,158.4,0,2024-04-25 11:52:35,1763
2943,,,SHUN LI 38        6V,994164108,15,0.1,121.865705,24.584403,158.4,0,2024-04-25 11:56:34,1926
2698,,,SHUN LI 38        7V,994164108,15,0.0,121.865677,24.584455,158.4,0,2024-04-25 12:00:36,1765
2558,,,SHUN LI 38        6V,994164108,15,0.1,121.865693,24.584488,158.4,0,2024-04-25 12:04:38,1666
2446,,,SHUN LI 38        7V,994164108,15,0.2,121.868993,24.585428,158.4,0,2024-04-25 12:13:38,1592
2217,,,SHUN LI 38        7V,994164108,15,7.3,121.86913,24.587048,344.7,0,2024-04-25 12:16:39,1436
2922,,,SHUN LI 38        6V,994164108,15,7.5,121.876167,24.59353,75.0,0,2024-04-25 12:21:40,1916
2571,,,SHUN LI 38        7V,994164108,15,7.4,121.882768,24.593325,111.3,0,2024-04-25 12:24:42,1680
2483,,,SHUN LI 38        7V,994164108,15,6.9,121.891087,24.59118,95.1,0,2024-04-25 12:28:43,1631
2503,,,SHUN LI 38        7V,994164108,15,6.9,121.901482,24.588952,109.6,0,2024-04-25 12:33:44,1637
2524,,,SHUN LI 38        7V,994164108,15,7.3,121.907382,24.58686,108.4,0,2024-04-25 12:36:44,1642
2308,,,SHUN LI 38        6V,994164108,15,6.5,121.913967,24.580132,150.6,0,2024-04-25 12:41:46,1505
2525,,,SHUN LI 38        6V,994164108,15,6.5,121.915013,24.578495,154.2,0,2024-04-25 12:42:46,1643
2703,,,SHUN LI 38        6V,994164108,15,6.9,121.918142,24.566013,144.4,0,2024-04-25 12:49:47,1789
2878,,,SHUN LI 38        7V,994164108,15,6.3,121.921805,24.561363,148.4,0,2024-04-25 12:52:47,1897
2287,,,SHUN LI 38        6V,994164108,15,6.4,121.926437,24.554933,149.2,0,2024-04-25 12:56:48,1488
2167,,,SHUN LI 38        6V,994164108,15,6.7,121.931845,24.546692,146.5,0,2024-04-25 13:01:51,1402
2284,,,SHUN LI 38        6V,994164108,15,4.8,121.937585,24.540835,139.0,0,2024-04-25 13:05:55,1475
2467,,,SHUN LI 38        7V,994164108,15,10.1,121.942138,24.536367,129.1,0,2024-04-25 13:09:08,1611
2574,,,SHUN LI 38        7V,994164108,15,6.7,121.946037,24.534467,119.0,0,2024-04-25 13:11:11,1698
2405,,,SHUN LI 38        7V,994164108,15,5.2,121.958353,24.531878,117.0,0,2024-04-25 13:18:35,1561
2421,,,SHUN LI 38        6V,994164108,15,5.5,121.964658,24.52971,105.0,0,2024-04-25 13:22:36,1585
2925,,,SHUN LI 38        6V,994164108,15,5.7,121.96782,24.52867,116.2,0,2024-04-25 13:24:36,1916
2380,,,SHUN LI 38        6V,994164108,15,5.7,121.97894,24.52464,113.3,0,2024-04-25 13:31:37,1577
2385,,,SHUN LI 38        7V,994164108,15,5.6,121.980473,24.524042,107.6,0,2024-04-25 13:32:37,1544
2297,,,SHUN LI 38        6V,994164108,15,5.8,121.990112,24.520507,109.5,0,2024-04-25 13:38:38,1483
1993,,,SHUN LI 38        7V,994164108,15,2.1,121.995743,24.518515,109.3,0,2024-04-25 13:42:37,1258
2315,,,SHUN LI 38        6V,994164108,15,0.9,121.99705,24.518222,97.0,0,2024-04-25 13:46:38,1485
2280,,,SHUN LI 38        6V,994164108,15,0.7,121.998075,24.518207,136.8,0,2024-04-25 13:51:39,1486
2559,,,SHUN LI 38        6V,994164108,15,1.0,121.99863,24.518225,94.0,0,2024-04-25 13:54:41,1672
2388,,,SHUN LI 38        6V,994164108,15,0.7,121.999328,24.518408,64.0,0,2024-04-25 13:58:41,1567
2568,,,SHUN LI 38        6V,994164108,15,0.7,122.000087,24.518567,158.4,0,2024-04-25 14:02:46,1694
2618,,,SHUN LI 38        6V,994164108,15,0.7,122.000977,24.518797,89.1,0,2024-04-25 14:07:53,1719
2610,,,SHUN LI 38        6V,994164108,15,0.9,122.0017,24.51901,69.2,0,2024-04-25 14:11:58,1744
2755,,,SHUN LI 38        7V,994164108,15,0.8,122.002228,24.519178,77.6,0,2024-04-25 14:15:03,1859
2559,,,SHUN LI 38        6V,994164108,15,0.6,122.002922,24.519587,49.1,0,2024-04-25 14:20:14,1716
2877,,,SHUN LI 38        6V,994164108,15,0.6,122.003145,24.519795,58.7,0,2024-04-25 14:22:21,1922
2569,,,SHUN LI 38        6V,994164108,15,0.3,122.004278,24.520643,158.4,0,2024-04-25 14:29:51,1697
2844,,,SHUN LI 38        6V,994164108,15,0.4,122.00579,24.521218,158.4,0,2024-04-25 14:37:26,1924
2746,,,SHUN LI 38        6V,994164108,15,0.4,122.006653,24.52161,158.4,0,2024-04-25 14:41:53,1820
2439,,,SHUN LI 38        6V,994164108,15,0.9,122.007368,24.52186,76.0,0,2024-04-25 14:45:13,1636
2399,,,SHUN LI 38        6V,994164108,15,1.0,122.00837,24.522235,71.5,0,2024-04-25 14:49:43,1604
2506,,,SHUN LI 38        6V,994164108,15,0.8,122.00861,24.522323,68.3,0,2024-04-25 14:50:49,1704
2564,,,SHUN LI 38        6V,994164108,15,0.9,122.01016,24.522797,158.4,0,2024-04-25 14:57:35,1724
2606,,,SHUN LI 38        6V,994164108,15,10.5,122.011933,24.524688,359.0,0,2024-04-25 15:01:00,1725
2571,,,SHUN LI 38        6V,994164108,15,10.4,122.011492,24.537785,358.4,0,2024-04-25 15:05:33,1711
2768,,,SHUN LI 38        6V,994164108,15,10.9,122.010982,24.547648,1.1,0,2024-04-25 15:08:58,1837
2615,,,SHUN LI 38        6V,994164108,15,10.1,122.010727,24.560178,1.4,0,2024-04-25 15:13:18,1776
2480,,,SHUN LI 38        6V,994164108,15,10.8,122.010768,24.569612,5.3,0,2024-04-25 15:16:33,1649
2639,,,SHUN LI 38        6V,994164108,15,10.8,122.010905,24.581697,8.2,0,2024-04-25 15:20:44,1725
2315,,,SHUN LI 38        6V,994164108,15,11.3,122.010755,24.597695,0.1,0,2024-04-25 15:25:57,1486
2498,,,SHUN LI 38        6V,994164108,15,10.9,122.010407,24.610345,1.7,0,2024-04-25 15:30:06,1656
2555,,,SHUN LI 38        6V,994164108,15,10.8,122.00991,24.623005,357.9,0,2024-04-25 15:34:15,1683
2512,,,SHUN LI 38        6V,994164108,15,10.6,122.009472,24.635212,353.3,0,2024-04-25 15:38:21,1645
2413,,,SHUN LI 38        6V,994164108,15,10.8,122.008993,24.647438,359.8,0,2024-04-25 15:42:27,1600
2750,,,SHUN LI 38        6V,994164108,15,11.3,122.008768,24.65975,1.3,0,2024-04-25 15:46:33,1822
2886,,,SHUN LI 38        7V,994164108,15,11.2,122.008743,24.669008,359.2,0,2024-04-25 15:49:37,1913
2685,,,SHUN LI 38        6V,994164108,15,11.8,122.00884,24.685295,2.0,0,2024-04-25 15:54:46,1787
2795,,,SHUN LI 38        6V,994164108,15,10.7,122.009063,24.698245,2.4,0,2024-04-25 15:58:53,1853
2889,,,SHUN LI 38        6V,994164108,15,11.7,122.009232,24.709563,0.0,0,2024-04-25 16:02:29,1939
2566,,,SHUN LI 38        6V,994164108,15,10.4,122.009453,24.722247,359.4,0,2024-04-25 16:06:30,1711
2825,,,SHUN LI 38        6V,994164108,15,12.0,122.011407,24.735238,9.4,0,2024-04-25 16:10:34,1862
2874,,,SHUN LI 38        6V,994164108,15,12.3,122.014085,24.748333,11.5,0,2024-04-25 16:14:36,1898
2675,,,SHUN LI 38        5V,994164108,15,11.1,122.014918,24.763867,359.4,0,2024-04-25 16:19:35,1778
2779,,,SHUN LI 38        6V,994164108,15,10.9,122.014795,24.774095,357.0,0,2024-04-25 16:22:51,1850
2725,,,SHUN LI 38        6V,994164108,15,4.2,122.016072,24.785803,17.8,0,2024-04-25 16:27:50,1811
2739,,,SHUN LI 38        6V,994164108,15,4.1,122.016803,24.78918,14.7,0,2024-04-25 16:30:51,1828
2893,,,SHUN LI 38        6V,994164108,15,4.3,122.017873,24.794867,12.8,0,2024-04-25 16:35:52,1942
2472,,,SHUN LI 38        7V,994164108,15,0.1,122.018298,24.796118,158.4,0,2024-04-25 16:39:52,1664
2575,,,SHUN LI 38        6V,994164108,15,0.6,122.018368,24.795788,202.4,0,2024-04-25 16:42:53,1743
2749,,,SHUN LI 38        6V,994164108,15,0.2,122.018187,24.794993,158.4,0,2024-04-25 16:47:55,1853
2715,,,SHUN LI 38        6V,994164108,15,0.8,122.018127,24.794473,164.0,0,2024-04-25 16:50:56,1811
3123,,,SHUN LI 38        6V,994164108,15,0.8,122.017887,24.793623,169.8,0,2024-04-25 16:55:55,2101
2694,,,SHUN LI 38        6V,994164108,15,0.3,122.017633,24.792957,187.0,0,2024-04-25 16:59:54,1809
2713,,,SHUN LI 38        7V,994164108,15,0.5,122.017373,24.792122,226.7,0,2024-04-25 17:04:56,1842
2784,,,SHUN LI 38        6V,994164108,15,4.4,122.018315,24.792815,47.4,0,2024-04-25 17:08:57,1879
2894,,,SHUN LI 38        6V,994164108,15,4.6,122.021802,24.796328,47.5,0,2024-04-25 17:12:58,1988
2842,,,SHUN LI 38        6V,994164108,15,4.7,122.025253,24.798323,59.4,0,2024-04-25 17:16:00,1953
2839,,,SHUN LI 38        6V,994164108,15,0.6,122.029012,24.799458,90.4,0,2024-04-25 17:20:00,1927
2629,,,SHUN LI 38        6V,994164108,15,5.6,122.029528,24.799458,35.7,0,2024-04-25 17:22:00,1779
2944,,,SHUN LI 38        6V,994164108,15,7.0,122.042297,24.800173,89.4,0,2024-04-25 17:28:01,1964
2770,,,SHUN LI 38        6V,994164108,15,5.5,122.050947,24.799885,90.4,0,2024-04-25 17:31:59,1877
2492,,,SHUN LI 38        6V,994164108,15,6.0,122.060677,24.799638,89.4,0,2024-04-25 17:37:02,1692
2582,,,SHUN LI 38        5V,994164108,15,6.2,122.068582,24.79992,89.4,0,2024-04-25 17:41:03,1737
2576,,,SHUN LI 38        5V,994164108,15,7.0,122.074573,24.799848,89.7,0,2024-04-25 17:44:03,1730
2351,,,SHUN LI 38        7V,994164108,15,0.5,122.083535,24.799617,193.4,0,2024-04-25 17:49:05,1571
2311,,,SHUN LI 38        6V,994164108,15,0.7,122.08373,24.799003,164.3,0,2024-04-25 17:53:05,1548
2377,,,SHUN LI 38        6V,994164108,15,0.7,122.083978,24.798473,151.8,0,2024-04-25 17:57:05,1601
2696,,,SHUN LI 38        6V,994164108,15,1.0,122.084137,24.798215,202.6,0,2024-04-25 18:01:07,1827
2536,,,SHUN LI 38        6V,994164108,15,0.8,122.084193,24.798182,166.3,0,2024-04-25 18:02:07,1739
2413,,,SHUN LI 38        6V,994164108,15,0.5,122.084533,24.797448,141.5,0,2024-04-25 18:09:13,1620
2521,,,SHUN LI 38        6V,994164108,15,0.5,122.084792,24.797208,143.1,0,2024-04-25 18:13:16,1697
2711,,,SHUN LI 38        6V,994164108,15,1.2,122.085012,24.796888,209.0,0,2024-04-25 18:17:19,1856
2682,,,SHUN LI 38        6V,994164108,15,0.6,122.08517,24.796548,201.7,0,2024-04-25 18:20:21,1849
2631,,,SHUN LI 38        6V,994164108,15,0.3,122.085372,24.796277,158.4,0,2024-04-25 18:23:22,1814
2879,,,SHUN LI 38        6V,994164108,15,0.5,122.085698,24.796038,158.4,0,2024-04-25 18:27:25,1989
2505,,,SHUN LI 38        6V,994164108,15,0.5,122.086207,24.79582,158.4,0,2024-04-25 18:33:28,1734
2766,,,SHUN LI 38        6V,994164108,15,0.4,122.08659,24.795535,158.4,0,2024-04-25 18:38:31,1901
2886,,,SHUN LI 38        6V,994164108,15,0.3,122.086908,24.795202,158.4,0,2024-04-25 18:42:33,1995
2849,,,SHUN LI 38        6V,994164108,15,0.8,122.08719,24.794843,135.3,0,2024-04-25 18:46:36,1949
2817,,,SHUN LI 38        6V,994164108,15,0.5,122.087468,24.794498,158.4,0,2024-04-25 18:50:40,1938
2615,,,SHUN LI 38        6V,994164108,15,0.7,122.087753,24.79404,158.4,0,2024-04-25 18:54:44,1802
2770,,,SHUN LI 38        6V,994164108,15,0.4,122.087957,24.793707,158.4,0,2024-04-25 18:57:47,1925
2543,,,SHUN LI 38        6V,994164108,15,0.8,122.08843,24.793098,224.1,0,2024-04-25 19:02:50,1759
2832,,,SHUN LI 38        6V,994164108,15,0.9,122.08882,24.79281,204.8,0,2024-04-25 19:05:53,1940
2761,,,SHUN LI 38        6V,994164108,15,0.8,122.089298,24.79238,158.4,0,2024-04-25 19:10:56,1888
2775,,,SHUN LI 38        6V,994164108,15,0.6,122.089655,24.791977,158.4,0,2024-04-25 19:14:59,1907
2631,,,SHUN LI 38        6V,994164108,15,0.6,122.0898,24.791622,158.4,0,2024-04-25 19:19:06,1820
2820,,,SHUN LI 38        6V,994164108,15,0.8,122.09005,24.79137,158.4,0,2024-04-25 19:22:09,1947
2574,,,SHUN LI 38        6V,994164108,15,0.6,122.090285,24.791068,158.4,0,2024-04-25 19:25:13,1781
2498,,,SHUN LI 38        6V,994164108,15,4.5,122.086475,24.791567,302.8,0,2024-04-25 19:29:16,1719
2505,,,SHUN LI 38        6V,994164108,15,4.3,122.082198,24.792602,286.9,0,2024-04-25 19:33:20,1720
2393,,,SHUN LI 38        6V,994164108,15,4.1,122.075873,24.794152,291.1,0,2024-04-25 19:39:27,1626
2176,,,SHUN LI 38        6V,994164108,15,4.0,122.073577,24.794878,298.7,0,2024-04-25 19:41:28,1471
2324,,,SHUN LI 38        6V,994164108,15,0.6,122.069022,24.79719,158.4,0,2024-04-25 19:47:43,1577
2176,,,SHUN LI 38        6V,994164108,15,0.6,122.068495,24.797373,158.4,0,2024-04-25 19:51:48,1461
2448,,,SHUN LI 38        6V,994164108,15,4.1,122.067043,24.798045,292.2,0,2024-04-25 19:55:51,1684
2698,,,SHUN LI 38        6V,994164108,15,3.4,122.064073,24.799355,292.6,0,2024-04-25 19:58:57,1865
2619,,,SHUN LI 38        6V,994164108,15,4.1,122.06201,24.800207,294.2,0,2024-04-25 20:01:28,1827
2709,,,SHUN LI 38        6V,994164108,15,4.5,122.05247,24.8022,274.1,0,2024-04-25 20:10:29,1852
2547,,,SHUN LI 38        6V,994164108,15,2.2,122.047915,24.802873,283.4,0,2024-04-25 20:15:30,1740
2536,,,SHUN LI 38        6V,994164108,15,3.7,122.044252,24.803758,283.8,0,2024-04-25 20:19:33,1722
2594,,,SHUN LI 38        6V,994164108,15,4.1,122.03965,24.805022,281.9,0,2024-04-25 20:24:35,1775
2477,,,SHUN LI 38        6V,994164108,15,4.1,122.035975,24.806197,298.2,0,2024-04-25 20:28:37,1704
2461,,,SHUN LI 38        6V,994164108,15,1.5,122.033243,24.807475,310.4,0,2024-04-25 20:31:37,1672
2602,,,SHUN LI 38        6V,994164108,15,11.3,122.03252,24.80736,118.0,0,2024-04-25 20:36:37,1764
2376,,,SHUN LI 38        6V,994164108,15,12.0,122.044842,24.801253,125.2,0,2024-04-25 20:40:37,1595
2309,,,SHUN LI 38        6V,994164108,15,11.2,122.049247,24.796632,158.6,0,2024-04-25 20:42:38,1562
2134,,,SHUN LI 38        6V,994164108,15,6.4,122.061075,24.791093,108.1,0,2024-04-25 20:48:41,1431
2242,,,SHUN LI 38        6V,994164108,15,6.9,122.069507,24.789208,103.5,0,2024-04-25 20:52:42,1499
2448,,,SHUN LI 38        6V,994164108,15,6.7,122.077607,24.787043,111.8,0,2024-04-25 20:56:42,1636
2372,,,SHUN LI 38        6V,994164108,15,6.5,122.082828,24.784375,121.6,0,2024-04-25 20:59:43,1616
2386,,,SHUN LI 38        6V,994164108,15,6.5,122.090215,24.78101,113.3,0,2024-04-25 21:03:44,1598
2307,,,SHUN LI 38        6V,994164108,15,6.9,122.100155,24.778437,109.9,0,2024-04-25 21:08:43,1549
2453,,,SHUN LI 38        6V,994164108,15,0.2,122.103028,24.777607,158.4,0,2024-04-25 21:12:43,1614
2324,,,SHUN LI 38        6V,994164108,15,0.5,122.10308,24.777443,131.5,0,2024-04-25 21:17:46,1554
2190,,,SHUN LI 38        6V,994164108,15,0.4,122.103068,24.777433,158.4,0,2024-04-25 21:20:46,1432
2513,,,SHUN LI 38        6V,994164108,15,0.3,122.10312,24.77751,158.4,0,2024-04-25 21:25:48,1673
2233,,,SHUN LI 38        6V,994164108,15,0.2,122.103215,24.777593,158.4,0,2024-04-25 21:29:48,1507
2322,,,SHUN LI 38        6V,994164108,15,0.1,122.103258,24.777782,158.4,0,2024-04-25 21:33:49,1569
2644,,,SHUN LI 38        6V,994164108,15,0.8,122.103242,24.777957,276.2,0,2024-04-25 21:37:49,1789
2304,,,SHUN LI 38        6V,994164108,15,0.1,122.103317,24.778188,158.4,0,2024-04-25 21:41:50,1561
2306,,,SHUN LI 38        6V,994164108,15,0.5,122.103352,24.778415,158.4,0,2024-04-25 21:45:54,1566
2527,,,SHUN LI 38        6V,994164108,15,0.1,122.103425,24.778982,158.4,0,2024-04-25 21:53:56,1715
2638,,,SHUN LI 38        6V,994164108,15,1.0,122.103458,24.779207,14.9,0,2024-04-25 21:57:59,1803
2433,,,SHUN LI 38        6V,994164108,15,0.4,122.103478,24.779308,158.4,0,2024-04-25 22:01:01,1680
2651,,,SHUN LI 38        6V,994164108,15,0.2,122.103477,24.779448,158.4,0,2024-04-25 22:04:05,1818
2691,,,SHUN LI 38        6V,994164108,15,1.1,122.103407,24.779677,335.5,0,2024-04-25 22:08:09,1834
2385,,,SHUN LI 38        6V,994164108,15,0.6,122.103495,24.779825,158.4,0,2024-04-25 22:13:25,1642
2826,,,SHUN LI 38        6V,994164108,15,0.5,122.103463,24.78038,158.4,0,2024-04-25 22:18:56,1975
2822,,,SHUN LI 38        6V,994164108,15,0.4,122.103265,24.78093,297.3,0,2024-04-25 22:22:35,1959
2546,,,SHUN LI 38        6V,994164108,15,0.2,122.103103,24.781405,158.4,0,2024-04-25 22:26:36,1764
2543,,,SHUN LI 38        6V,994164108,15,0.3,122.102897,24.781622,158.4,0,2024-04-25 22:29:36,1779
2830,,,SHUN LI 38        5V,994164108,15,0.8,122.102613,24.782005,319.4,0,2024-04-25 22:34:34,1964
2514,,,SHUN LI 38        6V,994164108,15,0.5,122.102343,24.782425,296.2,0,2024-04-25 22:38:49,1720
2777,,,SHUN LI 38        5V,994164108,15,0.6,122.102088,24.782913,310.9,0,2024-04-25 22:42:49,1923
2694,,,SHUN LI 38        6V,994164108,15,3.6,122.104338,24.782732,104.0,0,2024-04-25 22:46:48,1849
2596,,,SHUN LI 38        6V,994164108,15,3.1,122.108485,24.782052,101.2,0,2024-04-25 22:50:50,1801
2532,,,SHUN LI 38        6V,994164108,15,4.0,122.110743,24.781892,104.1,0,2024-04-25 22:53:50,1762
2595,,,SHUN LI 38        6V,994164108,15,2.9,122.114788,24.780837,121.1,0,2024-04-25 22:58:51,1792
2414,,,SHUN LI 38        6V,994164108,15,12.2,122.116808,24.785928,1.4,0,2024-04-25 23:03:52,1661
2519,,,SHUN LI 38        6V,994164108,15,12.0,122.117778,24.799352,0.7,0,2024-04-25 23:07:53,1722
2478,,,SHUN LI 38        6V,994164108,15,12.4,122.118902,24.8128,4.8,0,2024-04-25 23:11:53,1694
2760,,,SHUN LI 38        6V,994164108,15,12.0,122.119625,24.826272,352.9,0,2024-04-25 23:15:52,1905
2549,,,SHUN LI 38        6V,994164108,15,12.2,122.119598,24.829637,1.9,0,2024-04-25 23:16:52,1765
2621,,,SHUN LI 38        6V,994164108,15,7.2,122.115962,24.849643,304.6,0,2024-04-25 23:23:52,1813
2569,,,SHUN LI 38        6V,994164108,15,6.2,122.108467,24.85125,277.3,0,2024-04-25 23:27:53,1805
2953,,,SHUN LI 38        6V,994164108,15,5.5,122.102945,24.851808,269.2,0,2024-04-25 23:30:53,2054
2716,,,SHUN LI 38        6V,994164108,15,6.1,122.095325,24.852117,281.7,0,2024-04-25 23:34:54,1875
2561,,,SHUN LI 38        6V,994164108,15,6.5,122.084982,24.853318,281.9,0,2024-04-25 23:39:55,1768
2723,,,SHUN LI 38        6V,994164108,15,6.0,122.076678,24.854632,264.2,0,2024-04-25 23:43:58,1876
2581,,,SHUN LI 38        6V,994164108,15,7.4,122.070452,24.854917,273.9,0,2024-04-25 23:46:58,1769
1651,,,SHUN LI 38        6V,994164108,15,1.5,122.070603,24.856457,40.5,0,2024-04-26 00:00:03,1108
2014,,,SHUN LI 38        6V,994164108,15,0.1,122.071112,24.85681,158.4,0,2024-04-26 00:04:04,1368
2507,,,SHUN LI 38        6V,994164108,15,0.5,122.071533,24.857218,70.2,0,2024-04-26 00:08:04,1706
2493,,,SHUN LI 38        6V,994164108,15,0.5,122.071862,24.857517,158.4,0,2024-04-26 00:11:05,1695
2553,,,SHUN LI 38        6V,994164108,15,0.9,122.072538,24.858132,73.1,0,2024-04-26 00:16:06,1744
2600,,,SHUN LI 38        6V,994164108,15,0.5,122.07301,24.858623,158.4,0,2024-04-26 00:20:08,1792
2505,,,SHUN LI 38        6V,994164108,15,1.1,122.07356,24.859142,41.6,0,2024-04-26 00:24:09,1721
2497,,,SHUN LI 38        6V,994164108,15,1.4,122.07414,24.85972,64.4,0,2024-04-26 00:29:13,1697
2650,,,SHUN LI 38        6V,994164108,15,0.5,122.074673,24.860095,158.4,0,2024-04-26 00:33:13,1795
2538,,,SHUN LI 38        6V,994164108,15,0.2,122.075045,24.860362,158.4,0,2024-04-26 00:36:15,1748
2595,,,SHUN LI 38        6V,994164108,15,0.4,122.075683,24.860778,259.0,0,2024-04-26 00:41:17,1778
2419,,,SHUN LI 38        6V,994164108,15,1.1,122.07597,24.861003,51.2,0,2024-04-26 00:44:19,1660
2627,,,SHUN LI 38        6V,994164108,15,0.4,122.076507,24.861345,158.4,0,2024-04-26 00:48:22,1801
2376,,,SHUN LI 38        6V,994164108,15,0.6,122.07714,24.861677,57.0,0,2024-04-26 00:52:26,1613
2437,,,SHUN LI 38        6V,994164108,15,1.0,122.077765,24.861985,74.5,0,2024-04-26 00:56:26,1665
2550,,,SHUN LI 38        6V,994164108,15,0.5,122.078272,24.862145,158.4,0,2024-04-26 01:00:29,1718
2585,,,SHUN LI 38        6V,994164108,15,0.7,122.078952,24.862258,158.4,0,2024-04-26 01:04:30,1763
2582,,,SHUN LI 38        6V,994164108,15,1.0,122.07969,24.862267,190.2,0,2024-04-26 01:08:34,1762
2655,,,SHUN LI 38        6V,994164108,15,0.7,122.080477,24.862195,158.4,0,2024-04-26 01:12:40,1807
2699,,,SHUN LI 38        6V,994164108,15,0.4,122.081365,24.862022,158.4,0,2024-04-26 01:16:44,1849
2589,,,SHUN LI 38        6V,994164108,15,1.4,122.082293,24.861842,108.4,0,2024-04-26 01:20:45,1764
2657,,,SHUN LI 38        6V,994164108,15,2.2,122.082608,24.861148,250.5,0,2024-04-26 01:25:54,1825
2503,,,SHUN LI 38        6V,994164108,15,1.0,122.079477,24.860818,254.0,0,2024-04-26 01:29:59,1704
2549,,,SHUN LI 38        6V,994164108,15,11.7,122.077938,24.858698,139.3,0,2024-04-26 01:34:01,1754
2530,,,SHUN LI 38        6V,994164108,15,12.2,122.082273,24.853185,149.0,0,2024-04-26 01:36:03,1694
2382,,,SHUN LI 38        6V,994164108,15,12.2,122.095212,24.836383,141.7,0,2024-04-26 01:42:11,1613
2555,,,SHUN LI 38        6V,994164108,15,6.9,122.098605,24.832233,284.6,0,2024-04-26 01:45:14,1731
2415,,,SHUN LI 38        6V,994164108,15,7.8,122.087505,24.832455,266.5,0,2024-04-26 01:50:20,1618
2501,,,SHUN LI 38        6V,994164108,15,7.4,122.082867,24.832215,264.7,0,2024-04-26 01:52:24,1701
2883,,,SHUN LI 38        6V,994164108,15,7.5,122.074017,24.832467,268.5,0,2024-04-26 01:56:34,1971
2565,,,SHUN LI 38        6V,994164108,15,6.7,122.064668,24.831017,259.2,0,2024-04-26 02:01:05,1754
2757,,,SHUN LI 38        6V,994164108,15,6.8,122.061308,24.828732,209.7,0,2024-04-26 02:03:06,1895
2489,,,SHUN LI 38        6V,994164108,15,0.5,122.051063,24.822938,158.4,0,2024-04-26 02:10:08,1707
2367,,,SHUN LI 38        6V,994164108,15,1.1,122.05162,24.822978,80.6,0,2024-04-26 02:14:09,1600
2325,,,SHUN LI 38        6V,994164108,15,0.7,122.052063,24.82296,76.5,0,2024-04-26 02:17:11,1582
2246,,,SHUN LI 38        6V,994164108,15,0.7,122.052948,24.822732,156.9,0,2024-04-26 02:23:13,1479
2329,,,SHUN LI 38        6V,994164108,15,0.8,122.053275,24.822527,93.5,0,2024-04-26 02:26:14,1565
2570,,,SHUN LI 38        6V,994164108,15,0.4,122.053767,24.822072,158.4,0,2024-04-26 02:31:15,1755
2411,,,SHUN LI 38        6V,994164108,15,0.6,122.054125,24.8217,158.4,0,2024-04-26 02:35:16,1644
2377,,,SHUN LI 38        6V,994164108,15,0.6,122.054448,24.821345,158.4,0,2024-04-26 02:39:17,1646
2694,,,SHUN LI 38        6V,994164108,15,1.0,122.054843,24.820982,80.8,0,2024-04-26 02:43:16,1854
2483,,,SHUN LI 38        6V,994164108,15,0.7,122.055097,24.820575,147.4,0,2024-04-26 02:47:16,1697
2636,,,SHUN LI 38        6V,994164108,15,0.7,122.055395,24.820178,215.3,0,2024-04-26 02:51:17,1782
2374,,,SHUN LI 38        6V,994164108,15,0.3,122.055682,24.819758,158.4,0,2024-04-26 02:55:18,1621
2487,,,SHUN LI 38        6V,994164108,15,0.8,122.055873,24.819587,138.6,0,2024-04-26 02:57:19,1689
2434,,,SHUN LI 38        6V,994164108,15,0.8,122.056333,24.818972,162.2,0,2024-04-26 03:03:19,1647
2426,,,SHUN LI 38        6V,994164108,15,0.4,122.056548,24.818662,158.4,0,2024-04-26 03:06:20,1650
2612,,,SHUN LI 38        6V,994164108,15,0.5,122.056818,24.81824,158.4,0,2024-04-26 03:10:20,1793
2552,,,SHUN LI 38        6V,994164108,15,0.6,122.057082,24.817867,256.4,0,2024-04-26 03:14:20,1733
2646,,,SHUN LI 38        5V,994164108,15,0.5,122.0574,24.817432,158.4,0,2024-04-26 03:18:23,1835
2626,,,SHUN LI 38        6V,994164108,15,0.0,122.057865,24.816798,158.4,0,2024-04-26 03:24:23,1839
2842,,,SHUN LI 38        6V,994164108,15,0.8,122.058098,24.816372,248.7,0,2024-04-26 03:28:25,1994
2737,,,SHUN LI 38        6V,994164108,15,0.4,122.058307,24.816068,158.4,0,2024-04-26 03:31:25,1915
2753,,,SHUN LI 38        6V,994164108,15,0.9,122.058755,24.815708,115.1,0,2024-04-26 03:36:26,1944
2891,,,SHUN LI 38        6V,994164108,15,0.5,122.059607,24.815607,65.2,0,2024-04-26 03:39:26,2024
2766,,,SHUN LI 38        6V,994164108,15,0.8,122.059907,24.815587,63.0,0,2024-04-26 03:40:26,1906
2770,,,SHUN LI 38        6V,994164108,15,2.6,122.059208,24.813505,152.7,0,2024-04-26 03:46:29,1919
2676,,,SHUN LI 38        6V,994164108,15,1.1,122.059183,24.810562,158.4,0,2024-04-26 03:51:32,1877
2824,,,SHUN LI 38        6V,994164108,15,3.6,122.061635,24.808925,114.7,0,2024-04-26 03:55:33,1961
2796,,,SHUN LI 38        6V,994164108,15,1.3,122.065048,24.80889,44.5,0,2024-04-26 03:59:33,1964
2731,,,SHUN LI 38        6V,994164108,15,1.9,122.06798,24.809605,63.2,0,2024-04-26 04:03:36,1885
2562,,,SHUN LI 38        6V,994164108,15,2.6,122.071012,24.810318,78.0,0,2024-04-26 04:07:39,1782
2706,,,SHUN LI 38        6V,994164108,15,9.4,122.067232,24.81326,303.6,0,2024-04-26 04:12:44,1864
2618,,,SHUN LI 38        6V,994164108,15,9.7,122.059447,24.817772,301.9,0,2024-04-26 04:15:48,1835
2833,,,SHUN LI 38        6V,994164108,15,9.7,122.046207,24.825013,297.4,0,2024-04-26 04:20:54,1998
3001,,,SHUN LI 38        6V,994164108,15,9.5,122.035548,24.830815,299.2,0,2024-04-26 04:25:00,2112
2899,,,SHUN LI 38        6V,994164108,15,11.0,122.024198,24.836765,300.7,0,2024-04-26 04:29:07,2050
2765,,,SHUN LI 38        6V,994164108,15,10.3,122.012083,24.842128,299.7,0,2024-04-26 04:33:14,1956
2895,,,SHUN LI 38        6V,994164108,15,9.8,122.003525,24.845965,299.8,0,2024-04-26 04:36:20,2016
2854,,,SHUN LI 38        6V,994164108,15,9.0,121.99229,24.849878,289.9,0,2024-04-26 04:40:29,1991
2793,,,SHUN LI 38        6V,994164108,15,9.7,121.980477,24.853862,288.7,0,2024-04-26 04:44:44,1936
2966,,,SHUN LI 38        5V,994164108,15,10.1,121.969328,24.857865,291.6,0,2024-04-26 04:48:40,2098
2954,,,SHUN LI 38        6V,994164108,15,11.0,121.960003,24.861768,295.3,0,2024-04-26 04:51:57,2059
2624,,,SHUN LI 38        6V,994164108,15,9.4,121.948687,24.86704,300.2,0,2024-04-26 04:55:58,1811
2606,,,SHUN LI 38        6V,994164108,15,10.5,121.93511,24.873633,299.1,0,2024-04-26 05:00:59,1778
2425,,,SHUN LI 38        6V,994164108,15,10.3,121.92427,24.878933,298.6,0,2024-04-26 05:05:00,1678
2648,,,SHUN LI 38        6V,994164108,15,9.9,121.91102,24.885422,298.3,0,2024-04-26 05:10:00,1809
2724,,,SHUN LI 38        6V,994164108,15,10.1,121.900557,24.890672,302.5,0,2024-04-26 05:14:01,1885
2899,,,SHUN LI 38        6V,994164108,15,9.3,121.889967,24.895612,284.7,0,2024-04-26 05:18:02,2025
2774,,,SHUN LI 38        6V,994164108,15,10.2,121.88443,24.897672,291.4,0,2024-04-26 05:20:02,1932
2600,,,SHUN LI 38        6V,994164108,15,0.9,121.870002,24.904362,127.4,0,2024-04-26 05:30:02,1812
2624,,,SHUN LI 38        4V,994164108,15,0.0,121.869985,24.90438,158.4,0,2024-04-26 05:34:02,1821
2414,,,SHUN LI 38        6V,994164108,15,0.0,121.870023,24.904425,158.4,0,2024-04-26 05:38:04,1700
2548,,,SHUN LI 38        6V,994164108,15,0.0,121.87001,24.904392,158.4,0,2024-04-26 05:42:07,1793
2935,,,SHUN LI 38        6V,994164108,15,0.0,121.870012,24.904408,158.4,0,2024-04-26 05:46:09,2065
2577,,,SHUN LI 38        6V,994164108,15,0.0,121.869968,24.904432,158.4,0,2024-04-26 05:52:14,1792
2502,,,SHUN LI 38        6V,994164108,15,0.0,121.870185,24.904588,158.4,0,2024-04-26 05:57:18,1734
2642,,,SHUN LI 38        6V,994164108,15,0.0,121.870215,24.904373,158.4,0,2024-04-26 06:02:27,1806
2614,,,SHUN LI 38        6V,994164108,15,0.0,121.870168,24.90452,158.4,0,2024-04-26 06:05:32,1821
2943,,,SHUN LI 38        6V,994164108,15,0.0,121.870095,24.904472,158.4,0,2024-04-26 06:09:36,2052
2906,,,SHUN LI 38        5V,994164108,15,0.0,121.870168,24.904515,158.4,0,2024-04-26 06:14:39,2031
3182,,,SHUN LI 38        6V,994164108,15,0.1,121.870135,24.904475,158.4,0,2024-04-26 06:18:41,2235
2751,,,SHUN LI 38        5V,994164108,15,0.1,121.870158,24.904577,158.4,0,2024-04-26 06:22:46,1924
2958,,,SHUN LI 38        6V,994164108,15,0.1,121.87018,24.904563,158.4,0,2024-04-26 06:26:49,2062
3015,,,SHUN LI 38        6V,994164108,15,0.0,121.87024,24.904583,158.4,0,2024-04-26 06:30:53,2116
2759,,,SHUN LI 38        6V,994164108,15,0.1,121.870208,24.90455,158.4,0,2024-04-26 06:34:56,1945
3067,,,SHUN LI 38        6V,994164108,15,0.0,121.870207,24.904515,158.4,0,2024-04-26 06:39:00,2139
2898,,,SHUN LI 38        6V,994164108,15,0.1,121.870173,24.904538,158.4,0,2024-04-26 06:42:02,2014
2921,,,SHUN LI 38        5V,994164108,15,0.0,121.870227,24.904565,158.4,0,2024-04-26 06:47:15,2046
3210,,,SHUN LI 38        6V,994164108,15,0.3,121.870158,24.904668,158.4,0,2024-04-26 06:52:21,2240
3202,,,SHUN LI 38        6V,994164108,15,0.1,121.870137,24.904573,158.4,0,2024-04-26 06:56:25,2247
3255,,,SHUN LI 38        6V,994164108,15,0.1,121.869952,24.904348,158.4,0,2024-04-26 06:59:28,2278
3089,,,SHUN LI 38        6V,994164108,15,0.1,121.870268,24.904535,158.4,0,2024-04-26 07:02:31,2157
2924,,,SHUN LI 38        6V,994164108,15,0.0,121.870213,24.90453,158.4,0,2024-04-26 07:06:45,2011
2739,,,SHUN LI 38        6V,994164108,15,0.0,121.870203,24.904515,158.4,0,2024-04-26 07:10:48,1873
2746,,,SHUN LI 38        6V,994164108,15,0.2,121.87016,24.904512,158.4,0,2024-04-26 07:15:51,1884
2955,,,SHUN LI 38        5V,994164108,15,0.1,121.870082,24.904642,158.4,0,2024-04-26 07:19:54,2055
2887,,,SHUN LI 38        5V,994164108,15,0.1,121.870093,24.904597,158.4,0,2024-04-26 07:22:57,2003
2866,,,SHUN LI 38        6V,994164108,15,0.5,121.870123,24.90442,158.4,0,2024-04-26 07:25:58,1981
2530,,,SHUN LI 38        5V,994164108,15,0.1,121.87019,24.904473,158.4,0,2024-04-26 07:32:03,1750
2426,,,SHUN LI 38        6V,994164108,15,0.0,121.870163,24.904507,158.4,0,2024-04-26 07:34:04,1656
2600,,,SHUN LI 38        6V,994164108,15,0.2,121.870137,24.904573,158.4,0,2024-04-26 07:41:17,1783
2988,,,SHUN LI 38        6V,994164108,15,0.0,121.870218,24.90456,158.4,0,2024-04-26 07:44:20,2031
2766,,,SHUN LI 38        5V,994164108,15,0.1,121.87013,24.904625,158.4,0,2024-04-26 07:48:24,1878
2708,,,SHUN LI 38        5V,994164108,15,0.2,121.870223,24.904527,158.4,0,2024-04-26 07:52:25,1849
2761,,,SHUN LI 38        5V,994164108,15,0.2,121.870092,24.904547,158.4,0,2024-04-26 07:56:42,1858
2597,,,SHUN LI 38        5V,994164108,15,0.2,121.870102,24.904588,158.4,0,2024-04-26 07:58:43,1771
2612,,,SHUN LI 38        5V,994164108,15,0.1,121.870147,24.904543,328.0,0,2024-04-26 08:04:21,1758
2805,,,SHUN LI 38        5V,994164108,15,0.0,121.870198,24.904527,328.0,0,2024-04-26 08:06:19,1891
3047,,,SHUN LI 38        5V,994164108,15,0.1,121.870155,24.904563,328.0,0,2024-04-26 08:12:19,2064
2731,,,SHUN LI 38        5V,994164108,15,0.1,121.87019,24.904545,328.0,0,2024-04-26 08:16:17,1859
2958,,,SHUN LI 38        5V,994164108,15,0.0,121.870178,24.90454,328.0,0,2024-04-26 08:19:17,2009
3067,,,SHUN LI 38        5V,994164108,15,0.1,121.870212,24.904548,328.0,0,2024-04-26 08:24:15,2084
2920,,,SHUN LI 38        5V,994164108,15,0.1,121.870158,24.904557,328.0,0,2024-04-26 08:29:14,1972
3236,,,SHUN LI 38        6V,994164108,15,0.2,121.870153,24.904542,328.0,0,2024-04-26 08:34:11,2199
2962,,,SHUN LI 38        5V,994164108,15,0.1,121.870142,24.904523,328.0,0,2024-04-26 08:38:11,2009
3070,,,SHUN LI 38        5V,994164108,15,0.0,121.870155,24.904535,328.0,0,2024-04-26 08:42:10,2097
3172,,,SHUN LI 38        5V,994164108,15,0.0,121.870148,24.904555,328.0,0,2024-04-26 08:46:09,2153
2764,,,SHUN LI 38        5V,994164108,15,0.0,121.870162,24.904575,328.0,0,2024-04-26 08:50:09,1865
2563,,,SHUN LI 38        6V,994164108,15,0.0,121.870152,24.904553,328.0,0,2024-04-26 08:54:06,1711
2546,,,SHUN LI 38        5V,994164108,15,0.0,121.87015,24.904568,328.0,0,2024-04-26 08:58:07,1715
2624,,,SHUN LI 38        5V,994164108,15,0.0,121.870187,24.904553,328.0,0,2024-04-26 09:00:05,1764
2727,,,SHUN LI 38        4V,994164108,15,0.0,121.870158,24.90457,328.0,0,2024-04-26 09:06:07,1843
2869,,,SHUN LI 38        5V,994164108,15,0.0,121.870142,24.904577,328.0,0,2024-04-26 09:07:07,1939
3109,,,SHUN LI 38        5V,994164108,15,0.0,121.87014,24.904548,328.0,0,2024-04-26 09:14:08,2106
3073,,,SHUN LI 38        5V,994164108,15,0.0,121.870152,24.904553,328.0,0,2024-04-26 09:19:09,2079
2815,,,SHUN LI 38        5V,994164108,15,0.0,121.87019,24.904547,328.0,0,2024-04-26 09:22:07,1931
2896,,,SHUN LI 38        5V,994164108,15,0.0,121.870203,24.904588,328.0,0,2024-04-26 09:27:07,1977
2970,,,SHUN LI 38        5V,994164108,15,0.1,121.870158,24.904578,328.0,0,2024-04-26 09:30:07,2032
2799,,,SHUN LI 38        5V,994164108,15,0.1,121.870088,24.904588,328.0,0,2024-04-26 09:35:05,1916
2797,,,SHUN LI 38        5V,994164108,15,0.2,121.87012,24.904572,328.0,0,2024-04-26 09:39:04,1888
2814,,,SHUN LI 38        5V,994164108,15,0.2,121.870152,24.904583,328.0,0,2024-04-26 09:42:05,1896
2659,,,SHUN LI 38        5V,994164108,15,0.1,121.87011,24.904573,328.0,0,2024-04-26 09:46:05,1768
2814,,,SHUN LI 38        5V,994164108,15,0.2,121.87016,24.904565,328.0,0,2024-04-26 09:51:07,1891
2872,,,SHUN LI 38        5V,994164108,15,0.3,121.870125,24.904548,328.0,0,2024-04-26 09:55:09,1950
2908,,,SHUN LI 38        5V,994164108,15,0.0,121.870107,24.904605,328.0,0,2024-04-26 10:00:09,1970
2923,,,SHUN LI 38        5V,994164108,15,0.1,121.870113,24.90471,328.0,0,2024-04-26 10:04:11,1992
2961,,,SHUN LI 38        5V,994164108,15,0.3,121.870167,24.9045,328.0,0,2024-04-26 10:07:13,2011
2969,,,SHUN LI 38        5V,994164108,15,0.1,121.870098,24.90462,328.0,0,2024-04-26 10:12:15,1992
2858,,,SHUN LI 38        5V,994164108,15,0.4,121.870098,24.904635,328.0,0,2024-04-26 10:16:17,1928
2928,,,SHUN LI 38        5V,994164108,15,0.2,121.870107,24.9046,328.0,0,2024-04-26 10:18:19,1971
2827,,,SHUN LI 38        6V,994164108,15,0.2,121.870083,24.904643,328.0,0,2024-04-26 10:24:21,1913
2823,,,SHUN LI 38        5V,994164108,15,0.4,121.869998,24.904795,328.0,0,2024-04-26 10:28:24,1919
3184,,,SHUN LI 38        5V,994164108,15,0.1,121.87012,24.90473,328.0,0,2024-04-26 10:32:29,2171
2806,,,SHUN LI 38        5V,994164108,15,5.4,121.871303,24.90444,178.1,0,2024-04-26 10:36:35,1901
3009,,,SHUN LI 38        6V,994164108,15,10.2,121.879912,24.898933,116.3,0,2024-04-26 10:40:54,2037
3170,,,SHUN LI 38        5V,994164108,15,10.4,121.901393,24.889503,116.5,0,2024-04-26 10:48:01,2134
2834,,,SHUN LI 38        5V,994164108,15,10.9,121.912038,24.885435,112.0,0,2024-04-26 10:51:36,1900
2987,,,SHUN LI 38        5V,994164108,15,11.0,121.928767,24.879457,114.4,0,2024-04-26 10:57:06,2003
3113,,,SHUN LI 38        6V,994164108,15,10.2,121.94082,24.874077,120.5,0,2024-04-26 11:01:07,2078
2762,,,SHUN LI 38        5V,994164108,15,10.1,121.951673,24.868785,118.0,0,2024-04-26 11:05:03,1844
3048,,,SHUN LI 38        5V,994164108,15,10.3,121.960807,24.864018,120.5,0,2024-04-26 11:08:20,2063
2947,,,SHUN LI 38        6V,994164108,15,5.2,121.970993,24.86088,85.1,0,2024-04-26 11:12:21,1987
3169,,,SHUN LI 38        5V,994164108,15,4.2,121.976415,24.860732,100.4,0,2024-04-26 11:16:23,2149
2930,,,SHUN LI 38        5V,994164108,15,4.4,121.981875,24.85975,101.6,0,2024-04-26 11:20:25,1987
2727,,,SHUN LI 38        6V,994164108,15,2.8,121.990028,24.858295,145.7,0,2024-04-26 11:26:25,1850
2794,,,SHUN LI 38        5V,994164108,15,3.1,121.993583,24.85766,99.1,0,2024-04-26 11:29:26,1873
2673,,,SHUN LI 38        5V,994164108,15,3.4,121.99969,24.860712,51.2,0,2024-04-26 11:33:28,1813
3100,,,SHUN LI 38        5V,994164108,15,1.9,122.001342,24.862597,35.9,0,2024-04-26 11:37:29,2084
2756,,,SHUN LI 38        5V,994164108,15,1.3,122.002103,24.863785,27.2,0,2024-04-26 11:40:29,1837
2936,,,SHUN LI 38        6V,994164108,15,1.4,122.003375,24.865773,28.9,0,2024-04-26 11:45:31,1986
2836,,,SHUN LI 38        5V,994164108,15,2.0,122.00455,24.867348,34.8,0,2024-04-26 11:49:34,1929
2786,,,SHUN LI 38        5V,994164108,15,1.5,122.005798,24.868882,35.5,0,2024-04-26 11:53:35,1883
2733,,,SHUN LI 38        6V,994164108,15,1.8,122.007013,24.870272,39.2,0,2024-04-26 11:57:35,1823
3058,,,SHUN LI 38        5V,994164108,15,1.9,122.008248,24.871723,44.2,0,2024-04-26 12:01:37,2085
2798,,,SHUN LI 38        5V,994164108,15,1.5,122.009752,24.873427,39.9,0,2024-04-26 12:06:39,1910
3006,,,SHUN LI 38        6V,994164108,15,1.0,122.010678,24.874897,27.8,0,2024-04-26 12:10:40,2060
2781,,,SHUN LI 38        5V,994164108,15,1.7,122.011885,24.876428,43.5,0,2024-04-26 12:14:41,1880
3112,,,SHUN LI 38        5V,994164108,15,1.2,122.012983,24.877758,29.3,0,2024-04-26 12:18:42,2093
2827,,,SHUN LI 38        6V,994164108,15,1.3,122.01348,24.878522,33.8,0,2024-04-26 12:20:42,1913
2777,,,SHUN LI 38        6V,994164108,15,1.4,122.015285,24.880145,26.2,0,2024-04-26 12:25:43,1879
2718,,,SHUN LI 38        6V,994164108,15,1.9,122.016782,24.881417,35.6,0,2024-04-26 12:29:44,1844
2618,,,SHUN LI 38        5V,994164108,15,1.3,122.018572,24.882887,31.5,0,2024-04-26 12:34:47,1769
2732,,,SHUN LI 38        6V,994164108,15,1.7,122.02001,24.884023,54.3,0,2024-04-26 12:38:48,1843
2997,,,SHUN LI 38        6V,994164108,15,1.5,122.021525,24.885282,47.4,0,2024-04-26 12:42:49,2020
2869,,,SHUN LI 38        5V,994164108,15,1.7,122.022768,24.886032,51.9,0,2024-04-26 12:45:51,1927
2678,,,SHUN LI 38        5V,994164108,15,1.4,122.024762,24.887258,58.0,0,2024-04-26 12:50:53,1764
2724,,,SHUN LI 38        5V,994164108,15,1.2,122.026363,24.888483,53.3,0,2024-04-26 12:55:54,1816
2668,,,SHUN LI 38        5V,994164108,15,1.1,122.027825,24.889238,328.0,0,2024-04-26 12:59:56,1775
2842,,,SHUN LI 38        5V,994164108,15,1.4,122.029413,24.89013,328.0,0,2024-04-26 13:04:12,1930
2998,,,SHUN LI 38        5V,994164108,15,1.7,122.030523,24.890657,328.0,0,2024-04-26 13:07:22,2022
2721,,,SHUN LI 38        5V,994164108,15,1.0,122.032,24.891243,328.0,0,2024-04-26 13:11:38,1841
2834,,,SHUN LI 38        5V,994164108,15,1.4,122.03349,24.891827,328.0,0,2024-04-26 13:15:56,1903
2782,,,SHUN LI 38        6V,994164108,15,1.3,122.034878,24.892337,328.0,0,2024-04-26 13:20:08,1874
2939,,,SHUN LI 38        5V,994164108,15,1.2,122.035547,24.892633,328.0,0,2024-04-26 13:22:15,1993
2847,,,SHUN LI 38        5V,994164108,15,1.9,122.037447,24.893245,328.0,0,2024-04-26 13:27:53,1909
2928,,,SHUN LI 38        5V,994164108,15,1.7,122.038705,24.89362,124.6,0,2024-04-26 13:31:10,1983
2767,,,SHUN LI 38        6V,994164108,15,1.5,122.040305,24.893933,94.7,0,2024-04-26 13:35:34,1833
2669,,,SHUN LI 38        5V,994164108,15,0.6,122.041795,24.89401,84.3,0,2024-04-26 13:39:35,1797
2667,,,SHUN LI 38        6V,994164108,15,1.1,122.043185,24.893987,89.1,0,2024-04-26 13:43:36,1788
2594,,,SHUN LI 38        6V,994164108,15,0.8,122.044775,24.893813,163.9,0,2024-04-26 13:48:37,1732
2772,,,SHUN LI 38        5V,994164108,15,1.2,122.045982,24.89354,101.9,0,2024-04-26 13:52:39,1853
2880,,,SHUN LI 38        5V,994164108,15,0.8,122.047208,24.893195,113.5,0,2024-04-26 13:56:40,1913
2775,,,SHUN LI 38        5V,994164108,15,0.5,122.048282,24.8928,328.0,0,2024-04-26 14:00:44,1850
2596,,,SHUN LI 38        5V,994164108,15,0.8,122.048888,24.8926,102.0,0,2024-04-26 14:02:46,1700
2667,,,SHUN LI 38        5V,994164108,15,0.7,122.050243,24.891853,135.9,0,2024-04-26 14:07:49,1753
2669,,,SHUN LI 38        5V,994164108,15,1.1,122.051205,24.891197,141.9,0,2024-04-26 14:11:50,1747
2728,,,SHUN LI 38        6V,994164108,15,1.3,122.052313,24.890245,133.2,0,2024-04-26 14:16:52,1797
2742,,,SHUN LI 38        5V,994164108,15,1.0,122.05271,24.889853,118.3,0,2024-04-26 14:18:53,1798
2751,,,SHUN LI 38        5V,994164108,15,0.7,122.053482,24.888955,147.4,0,2024-04-26 14:23:56,1809
2648,,,SHUN LI 38        5V,994164108,15,0.7,122.054117,24.887942,120.2,0,2024-04-26 14:28:58,1742
2621,,,SHUN LI 38        6V,994164108,15,1.2,122.054757,24.886885,135.4,0,2024-04-26 14:34:01,1737
2646,,,SHUN LI 38        6V,994164108,15,0.8,122.055283,24.885992,156.4,0,2024-04-26 14:38:02,1775
2702,,,SHUN LI 38        6V,994164108,15,1.0,122.055738,24.885073,161.3,0,2024-04-26 14:42:04,1753
2620,,,SHUN LI 38        5V,994164108,15,0.8,122.056142,24.884407,138.5,0,2024-04-26 14:45:06,1720
2702,,,SHUN LI 38        5V,994164108,15,0.8,122.056595,24.883553,126.7,0,2024-04-26 14:49:07,1786
2742,,,SHUN LI 38        5V,994164108,15,0.8,122.05717,24.8825,160.1,0,2024-04-26 14:54:09,1815
2716,,,SHUN LI 38        5V,994164108,15,0.7,122.057495,24.88163,144.2,0,2024-04-26 14:58:10,1819
2737,,,SHUN LI 38        5V,994164108,15,0.7,122.057588,24.880907,328.0,0,2024-04-26 15:01:12,1809
2705,,,SHUN LI 38        5V,994164108,15,1.2,122.057753,24.879995,328.0,0,2024-04-26 15:05:14,1773
2986,,,SHUN LI 38        5V,994164108,15,0.7,122.058078,24.879082,328.0,0,2024-04-26 15:09:16,1969
2809,,,SHUN LI 38        5V,994164108,15,0.6,122.058598,24.87793,117.0,0,2024-04-26 15:14:21,1826
2671,,,SHUN LI 38        5V,994164108,15,0.6,122.058955,24.877273,328.0,0,2024-04-26 15:17:24,1744
2894,,,SHUN LI 38        5V,994164108,15,1.1,122.05925,24.87657,113.5,0,2024-04-26 15:20:25,1901
2681,,,SHUN LI 38        5V,994164108,15,0.8,122.059658,24.87541,328.0,0,2024-04-26 15:25:29,1765
2561,,,SHUN LI 38        5V,994164108,15,0.6,122.06003,24.874255,328.0,0,2024-04-26 15:30:33,1667
2499,,,SHUN LI 38        5V,994164108,15,0.6,122.06031,24.873575,328.0,0,2024-04-26 15:33:37,1642
2594,,,SHUN LI 38        5V,994164108,15,0.6,122.060727,24.872722,328.0,0,2024-04-26 15:37:39,1692
2686,,,SHUN LI 38        5V,994164108,15,0.9,122.061187,24.871595,328.0,0,2024-04-26 15:42:41,1748
2586,,,SHUN LI 38        5V,994164108,15,5.4,122.058913,24.868928,246.9,0,2024-04-26 15:46:45,1702
2592,,,SHUN LI 38        5V,994164108,15,5.0,122.056255,24.86747,238.7,0,2024-04-26 15:48:47,1715
2750,,,SHUN LI 38        5V,994164108,15,4.3,122.047918,24.863013,230.9,0,2024-04-26 15:54:57,1813
2494,,,SHUN LI 38        5V,994164108,15,5.8,122.043733,24.860885,242.1,0,2024-04-26 15:58:01,1645
2706,,,SHUN LI 38        5V,994164108,15,4.6,122.03281,24.85472,237.1,0,2024-04-26 16:06:39,1794
2755,,,SHUN LI 38        5V,994164108,15,0.2,122.030802,24.853147,328.0,0,2024-04-26 16:10:42,1808
2542,,,SHUN LI 38        5V,994164108,15,0.4,122.030757,24.852482,328.0,0,2024-04-26 16:15:45,1690
2526,,,SHUN LI 38        5V,994164108,15,0.7,122.030783,24.851838,328.0,0,2024-04-26 16:19:49,1685
2340,,,SHUN LI 38        5V,994164108,15,0.5,122.030905,24.851045,328.0,0,2024-04-26 16:23:53,1537
2333,,,SHUN LI 38        5V,994164108,15,0.5,122.031185,24.85046,328.0,0,2024-04-26 16:27:58,1546
2302,,,SHUN LI 38        5V,994164108,15,0.3,122.031445,24.849995,328.0,0,2024-04-26 16:32:01,1516
2446,,,SHUN LI 38        5V,994164108,15,1.0,122.031665,24.849683,328.0,0,2024-04-26 16:35:08,1598
2275,,,SHUN LI 38        5V,994164108,15,0.8,122.031972,24.848982,328.0,0,2024-04-26 16:40:13,1489
2301,,,SHUN LI 38        5V,994164108,15,1.0,122.032302,24.848382,328.0,0,2024-04-26 16:44:20,1503
2384,,,SHUN LI 38        5V,994164108,15,0.6,122.032763,24.84788,328.0,0,2024-04-26 16:48:25,1594
2447,,,SHUN LI 38        5V,994164108,15,0.4,122.033057,24.847555,328.0,0,2024-04-26 16:51:28,1626
2403,,,SHUN LI 38        5V,994164108,15,0.6,122.033458,24.846928,328.0,0,2024-04-26 16:56:33,1583
2488,,,SHUN LI 38        5V,994164108,15,0.6,122.033852,24.846517,328.0,0,2024-04-26 17:00:36,1652
2666,,,SHUN LI 38        5V,994164108,15,0.5,122.034142,24.845938,328.0,0,2024-04-26 17:04:39,1790
2616,,,SHUN LI 38        5V,994164108,15,5.9,122.033043,24.849393,1.8,0,2024-04-26 17:08:48,1765
2715,,,SHUN LI 38        4V,994164108,15,4.9,122.031703,24.854847,345.5,0,2024-04-26 17:12:53,1816
2768,,,SHUN LI 38        5V,994164108,15,0.7,122.031365,24.856543,328.0,0,2024-04-26 17:16:58,1866
2778,,,SHUN LI 38        4V,994164108,15,0.7,122.030952,24.85558,213.3,0,2024-04-26 17:20:56,1858
2724,,,SHUN LI 38        5V,994164108,15,0.2,122.030467,24.855095,328.0,0,2024-04-26 17:25:11,1832
2826,,,SHUN LI 38        5V,994164108,15,5.0,122.032648,24.854443,98.7,0,2024-04-26 17:29:11,1918
2815,,,SHUN LI 38        5V,994164108,15,4.8,122.038552,24.85353,57.2,0,2024-04-26 17:33:12,1888
2568,,,SHUN LI 38        5V,994164108,15,6.8,122.046325,24.85338,94.9,0,2024-04-26 17:37:12,1707
2812,,,SHUN LI 38        5V,994164108,15,6.7,122.054585,24.853608,85.4,0,2024-04-26 17:41:14,1908
2611,,,SHUN LI 38        5V,994164108,15,6.5,122.062958,24.853658,90.9,0,2024-04-26 17:45:16,1762
2599,,,SHUN LI 38        5V,994164108,15,6.9,122.071342,24.853388,89.5,0,2024-04-26 17:49:18,1758
2693,,,SHUN LI 38        6V,994164108,15,5.9,122.079467,24.853465,100.2,0,2024-04-26 17:53:18,1839
2558,,,SHUN LI 38        5V,994164108,15,6.1,122.085088,24.853265,91.5,0,2024-04-26 17:56:18,1728
2655,,,SHUN LI 38        5V,994164108,15,1.1,122.086883,24.85302,38.6,0,2024-04-26 18:02:20,1812
2759,,,SHUN LI 38        5V,994164108,15,0.8,122.086927,24.852945,159.3,0,2024-04-26 18:06:19,1849
2603,,,SHUN LI 38        5V,994164108,15,1.1,122.087055,24.853148,354.8,0,2024-04-26 18:10:19,1777
2714,,,SHUN LI 38        5V,994164108,15,0.3,122.087208,24.8534,121.2,0,2024-04-26 18:14:18,1836
2676,,,SHUN LI 38        5V,994164108,15,0.1,122.087275,24.85369,328.0,0,2024-04-26 18:18:18,1805
2880,,,SHUN LI 38        5V,994164108,15,0.0,122.087458,24.853938,328.0,0,2024-04-26 18:22:18,1956
2815,,,SHUN LI 38        5V,994164108,15,0.7,122.087582,24.854067,353.4,0,2024-04-26 18:24:17,1921
2820,,,SHUN LI 38        5V,994164108,15,0.8,122.087937,24.85468,13.0,0,2024-04-26 18:30:17,1915
2599,,,SHUN LI 38        5V,994164108,15,0.8,122.08812,24.854873,81.1,0,2024-04-26 18:34:17,1767
2597,,,SHUN LI 38        5V,994164108,15,0.7,122.088315,24.855157,88.6,0,2024-04-26 18:38:16,1763
2706,,,SHUN LI 38        5V,994164108,15,0.6,122.088637,24.855577,284.1,0,2024-04-26 18:42:17,1811
2626,,,SHUN LI 38        5V,994164108,15,0.8,122.08891,24.855917,46.6,0,2024-04-26 18:45:17,1794
2603,,,SHUN LI 38        5V,994164108,15,0.8,122.08933,24.856537,61.0,0,2024-04-26 18:50:17,1788
2571,,,SHUN LI 38        5V,994164108,15,0.6,122.089698,24.856993,97.1,0,2024-04-26 18:54:18,1754
2574,,,SHUN LI 38        5V,994164108,15,0.4,122.090008,24.857463,332.4,0,2024-04-26 18:58:20,1744
2665,,,SHUN LI 38        5V,994164108,15,0.9,122.090242,24.857837,324.3,0,2024-04-26 19:01:20,1825
2545,,,SHUN LI 38        5V,994164108,15,0.7,122.090668,24.858615,11.5,0,2024-04-26 19:07:23,1706
2462,,,SHUN LI 38        5V,994164108,15,0.5,122.09092,24.858973,39.8,0,2024-04-26 19:10:24,1640
2462,,,SHUN LI 38        5V,994164108,15,0.7,122.091752,24.86036,0.6,0,2024-04-26 19:19:26,1645
2454,,,SHUN LI 38        5V,994164108,15,1.5,122.092185,24.860933,11.9,0,2024-04-26 19:22:27,1636
2545,,,SHUN LI 38        5V,994164108,15,0.8,122.092707,24.86135,328.0,0,2024-04-26 19:26:27,1706
2376,,,SHUN LI 38        5V,994164108,15,3.6,122.089137,24.862193,298.6,0,2024-04-26 19:30:29,1606
2520,,,SHUN LI 38        5V,994164108,15,3.0,122.0848,24.863488,298.5,0,2024-04-26 19:34:29,1707
2442,,,SHUN LI 38        5V,994164108,15,3.1,122.081302,24.865035,283.5,0,2024-04-26 19:38:31,1651
2444,,,SHUN LI 38        5V,994164108,15,3.5,122.07732,24.866347,294.9,0,2024-04-26 19:42:33,1651
2485,,,SHUN LI 38        5V,994164108,15,3.9,122.073912,24.867298,300.2,0,2024-04-26 19:46:36,1667
2434,,,SHUN LI 38        5V,994164108,15,3.9,122.06839,24.868165,276.2,0,2024-04-26 19:51:37,1626
2692,,,SHUN LI 38        5V,994164108,15,2.2,122.063118,24.868857,258.7,0,2024-04-26 19:56:40,1820
2471,,,SHUN LI 38        5V,994164108,15,3.2,122.059973,24.86905,270.9,0,2024-04-26 19:59:40,1641
2542,,,SHUN LI 38        5V,994164108,15,4.3,122.05664,24.869432,288.2,0,2024-04-26 20:03:05,1680
2565,,,SHUN LI 38        5V,994164108,15,4.5,122.051748,24.869898,267.7,0,2024-04-26 20:07:09,1703
2416,,,SHUN LI 38        5V,994164108,15,4.1,122.048008,24.870708,288.4,0,2024-04-26 20:11:11,1617
2320,,,SHUN LI 38        5V,994164108,15,3.3,122.043065,24.871913,292.9,0,2024-04-26 20:16:17,1533
2367,,,SHUN LI 38        5V,994164108,15,3.9,122.039493,24.872862,290.2,0,2024-04-26 20:20:20,1554
2635,,,SHUN LI 38        5V,994164108,15,3.7,122.035395,24.873715,275.8,0,2024-04-26 20:24:24,1744
2348,,,SHUN LI 38        5V,994164108,15,0.9,122.034593,24.873892,262.8,0,2024-04-26 20:25:25,1564
2510,,,SHUN LI 38        5V,994164108,15,11.4,122.04503,24.867963,136.1,0,2024-04-26 20:32:31,1688
2407,,,SHUN LI 38        5V,994164108,15,6.3,122.04949,24.861593,86.8,0,2024-04-26 20:35:34,1575
2625,,,SHUN LI 38        5V,994164108,15,7.2,122.0606,24.862223,79.0,0,2024-04-26 20:40:39,1730
2420,,,SHUN LI 38        5V,994164108,15,7.0,122.068847,24.862952,85.9,0,2024-04-26 20:44:41,1598
2336,,,SHUN LI 38        5V,994164108,15,7.0,122.077622,24.863343,89.4,0,2024-04-26 20:48:45,1539
2445,,,SHUN LI 38        5V,994164108,15,6.9,122.081982,24.86334,86.1,0,2024-04-26 20:50:47,1642
2569,,,SHUN LI 38        5V,994164108,15,7.0,122.092977,24.863017,93.1,0,2024-04-26 20:55:52,1699
2570,,,SHUN LI 38        5V,994164108,15,2.0,122.101938,24.863523,337.3,0,2024-04-26 21:00:57,1717
2190,,,SHUN LI 38        5V,994164108,15,0.3,122.101688,24.864355,328.0,0,2024-04-26 21:03:59,1454
2356,,,SHUN LI 38        5V,994164108,15,1.0,122.101338,24.865462,334.0,0,2024-04-26 21:08:04,1564
2341,,,SHUN LI 38        5V,994164108,15,1.4,122.101123,24.866732,328.0,0,2024-04-26 21:13:10,1563
2443,,,SHUN LI 38        5V,994164108,15,0.6,122.100962,24.867363,328.0,0,2024-04-26 21:16:14,1621
2178,,,SHUN LI 38        5V,994164108,15,0.8,122.100777,24.868142,328.0,0,2024-04-26 21:20:22,1435
2385,,,SHUN LI 38        5V,994164108,15,0.4,122.100732,24.868928,328.0,0,2024-04-26 21:24:34,1576
2346,,,SHUN LI 38        5V,994164108,15,0.5,122.100763,24.86987,328.0,0,2024-04-26 21:28:44,1553
2239,,,SHUN LI 38        5V,994164108,15,0.8,122.100707,24.870563,328.0,0,2024-04-26 21:31:49,1486
2318,,,SHUN LI 38        5V,994164108,15,1.4,122.100713,24.871708,303.7,0,2024-04-26 21:36:55,1550
2311,,,SHUN LI 38        5V,994164108,15,0.8,122.100678,24.872783,328.0,0,2024-04-26 21:42:00,1539
2413,,,SHUN LI 38        5V,994164108,15,1.1,122.100688,24.873653,328.0,0,2024-04-26 21:46:05,1583
2447,,,SHUN LI 38        5V,994164108,15,0.1,122.100638,24.874527,328.0,0,2024-04-26 21:50:11,1598
2344,,,SHUN LI 38        5V,994164108,15,1.9,122.100748,24.875517,342.6,0,2024-04-26 21:54:15,1530
2352,,,SHUN LI 38        5V,994164108,15,0.4,122.101055,24.876437,328.0,0,2024-04-26 21:57:22,1551
2281,,,SHUN LI 38        5V,994164108,15,0.9,122.101173,24.87707,328.0,0,2024-04-26 21:59:25,1493
2324,,,SHUN LI 38        5V,994164108,15,4.3,122.10025,24.878638,279.5,0,2024-04-26 22:06:00,1509
2375,,,SHUN LI 38        5V,994164108,15,3.8,122.095955,24.879317,274.7,0,2024-04-26 22:10:02,1548
2113,,,SHUN LI 38        5V,994164108,15,1.2,122.09228,24.879932,295.1,0,2024-04-26 22:14:02,1378
2359,,,SHUN LI 38        5V,994164108,15,3.3,122.088487,24.881172,284.5,0,2024-04-26 22:18:02,1520
2409,,,SHUN LI 38        5V,994164108,15,2.7,122.084448,24.882315,279.8,0,2024-04-26 22:22:03,1597
2570,,,SHUN LI 38        5V,994164108,15,3.2,122.08074,24.883335,280.6,0,2024-04-26 22:26:05,1712
2340,,,SHUN LI 38        5V,994164108,15,3.9,122.077022,24.884405,290.5,0,2024-04-26 22:30:05,1556
2457,,,SHUN LI 38        5V,994164108,15,1.1,122.076162,24.884713,304.4,0,2024-04-26 22:31:06,1645
2426,,,SHUN LI 38        5V,994164108,15,0.6,122.070137,24.88675,356.3,0,2024-04-26 22:39:06,1645
2486,,,SHUN LI 38        5V,994164108,15,3.9,122.068703,24.887612,286.5,0,2024-04-26 22:43:07,1688
2493,,,SHUN LI 38        5V,994164108,15,2.0,122.065782,24.888717,312.4,0,2024-04-26 22:47:08,1682
2475,,,SHUN LI 38        5V,994164108,15,4.1,122.061907,24.889645,274.3,0,2024-04-26 22:51:09,1680
2817,,,SHUN LI 38        5V,994164108,15,3.6,122.058838,24.890547,277.7,0,2024-04-26 22:55:11,1892
2480,,,SHUN LI 38        5V,994164108,15,3.9,122.054357,24.891457,263.6,0,2024-04-26 22:59:12,1653
2692,,,SHUN LI 38        5V,994164108,15,4.6,122.05068,24.892263,296.4,0,2024-04-26 23:03:13,1798
2548,,,SHUN LI 38        5V,994164108,15,1.2,122.047393,24.893032,6.8,0,2024-04-26 23:07:14,1731
2582,,,SHUN LI 38        5V,994164108,15,2.1,122.045137,24.894047,312.5,0,2024-04-26 23:11:14,1732
2372,,,SHUN LI 38        5V,994164108,15,11.4,122.046663,24.887127,156.7,0,2024-04-26 23:14:15,1598
2379,,,SHUN LI 38        5V,994164108,15,11.4,122.056622,24.873765,141.2,0,2024-04-26 23:19:15,1601
2487,,,SHUN LI 38        5V,994164108,15,11.6,122.066902,24.864165,127.0,0,2024-04-26 23:23:16,1665
2438,,,SHUN LI 38        5V,994164108,15,11.5,122.077753,24.855367,139.5,0,2024-04-26 23:27:18,1651
2462,,,SHUN LI 38        5V,994164108,15,7.6,122.07879,24.854962,276.5,0,2024-04-26 23:31:18,1634
2570,,,SHUN LI 38        4V,994164108,15,7.2,122.06953,24.854713,263.7,0,2024-04-26 23:35:15,1714
2427,,,SHUN LI 38        5V,994164108,15,6.9,122.058573,24.854177,267.7,0,2024-04-26 23:40:29,1623
2472,,,SHUN LI 38        5V,994164108,15,7.0,122.050138,24.853847,266.2,0,2024-04-26 23:44:32,1643
2403,,,SHUN LI 38        5V,994164108,15,7.8,122.044175,24.857533,350.7,0,2024-04-26 23:48:33,1605
2505,,,SHUN LI 38        5V,994164108,15,7.5,122.04511,24.863393,62.0,0,2024-04-26 23:51:33,1686
2440,,,SHUN LI 38        5V,994164108,15,1.0,122.051798,24.864722,92.4,0,2024-04-26 23:56:33,1631
2474,,,SHUN LI 38        5V,994164108,15,0.9,122.052023,24.865328,39.4,0,2024-04-27 00:00:35,1672
2494,,,SHUN LI 38        5V,994164108,15,0.6,122.052372,24.866072,346.6,0,2024-04-27 00:04:37,1702
2528,,,SHUN LI 38        5V,994164108,15,1.4,122.052552,24.867045,349.0,0,2024-04-27 00:08:37,1703
2641,,,SHUN LI 38        5V,994164108,15,0.8,122.052673,24.867895,58.0,0,2024-04-27 00:12:39,1794
2512,,,SHUN LI 38        5V,994164108,15,0.8,122.053012,24.868622,353.0,0,2024-04-27 00:16:41,1665
2304,,,SHUN LI 38        5V,994164108,15,0.9,122.05337,24.869407,43.1,0,2024-04-27 00:20:42,1536
2366,,,SHUN LI 38        5V,994164108,15,0.5,122.053732,24.870302,24.6,0,2024-04-27 00:24:45,1565
2389,,,SHUN LI 38        4V,994164108,15,1.3,122.05434,24.871082,27.1,0,2024-04-27 00:28:46,1584
2383,,,SHUN LI 38        5V,994164108,15,1.1,122.055142,24.871928,56.1,0,2024-04-27 00:32:48,1615
2374,,,SHUN LI 38        5V,994164108,15,0.9,122.055858,24.87288,32.2,0,2024-04-27 00:36:48,1598
2474,,,SHUN LI 38        5V,994164108,15,0.4,122.056607,24.873693,38.2,0,2024-04-27 00:40:49,1627
2250,,,SHUN LI 38        5V,994164108,15,0.5,122.057432,24.874302,328.0,0,2024-04-27 00:44:49,1494
2516,,,SHUN LI 38        5V,994164108,15,1.0,122.05823,24.874893,55.8,0,2024-04-27 00:48:50,1685
2372,,,SHUN LI 38        5V,994164108,15,0.7,122.059118,24.875457,46.2,0,2024-04-27 00:52:52,1567
2224,,,SHUN LI 38        5V,994164108,15,1.5,122.059807,24.875908,28.2,0,2024-04-27 00:55:54,1482
2302,,,SHUN LI 38        5V,994164108,15,0.3,122.060818,24.87651,328.0,0,2024-04-27 01:00:56,1527
2344,,,SHUN LI 38        5V,994164108,15,0.9,122.061698,24.877,66.0,0,2024-04-27 01:04:58,1542
2450,,,SHUN LI 38        4V,994164108,15,1.2,122.062587,24.87747,102.3,0,2024-04-27 01:09:03,1621
2355,,,SHUN LI 38        5V,994164108,15,0.5,122.06343,24.87798,62.2,0,2024-04-27 01:13:04,1554
2391,,,SHUN LI 38        5V,994164108,15,0.8,122.064015,24.878312,35.6,0,2024-04-27 01:16:06,1587
2516,,,SHUN LI 38        5V,994164108,15,0.9,122.064403,24.878693,61.1,0,2024-04-27 01:21:07,1685
2239,,,SHUN LI 38        5V,994164108,15,4.4,122.065852,24.879387,73.8,0,2024-04-27 01:24:16,1505
2368,,,SHUN LI 38        5V,994164108,15,3.9,122.070363,24.880733,72.4,0,2024-04-27 01:28:18,1602
2487,,,SHUN LI 38        5V,994164108,15,3.1,122.07557,24.881835,74.3,0,2024-04-27 01:34:20,1679
2409,,,SHUN LI 38        5V,994164108,15,3.3,122.079848,24.882648,83.4,0,2024-04-27 01:38:23,1624
2473,,,SHUN LI 38        5V,994164108,15,0.0,122.083983,24.883273,328.0,0,2024-04-27 01:42:26,1649
2628,,,SHUN LI 38        5V,994164108,15,2.6,122.087425,24.88391,111.6,0,2024-04-27 01:46:28,1776
2347,,,SHUN LI 38        5V,994164108,15,3.0,122.09042,24.884672,70.4,0,2024-04-27 01:49:31,1597
2417,,,SHUN LI 38        5V,994164108,15,6.5,122.092052,24.88514,49.9,0,2024-04-27 01:53:36,1639
2426,,,SHUN LI 38        5V,994164108,15,10.8,122.091988,24.896293,357.7,0,2024-04-27 01:57:39,1625
2450,,,SHUN LI 38        5V,994164108,15,10.2,122.0914,24.90898,1.7,0,2024-04-27 02:02:03,1641
2472,,,SHUN LI 38        5V,994164108,15,10.2,122.091508,24.911825,3.2,0,2024-04-27 02:03:05,1645
2441,,,SHUN LI 38        5V,994164108,15,6.8,122.097585,24.916337,97.8,0,2024-04-27 02:08:05,1639
2635,,,SHUN LI 38        5V,994164108,15,5.3,122.107725,24.915843,92.7,0,2024-04-27 02:13:06,1771
2454,,,SHUN LI 38        5V,994164108,15,7.9,122.118683,24.916878,83.6,0,2024-04-27 02:18:07,1631
2709,,,SHUN LI 38        5V,994164108,15,7.8,122.123337,24.91707,88.1,0,2024-04-27 02:20:06,1798
2374,,,SHUN LI 38        5V,994164108,15,7.2,122.131225,24.921765,358.9,0,2024-04-27 02:26:10,1587
2748,,,SHUN LI 38        5V,994164108,15,7.0,122.1404,24.918343,115.8,0,2024-04-27 02:31:13,1849
2469,,,SHUN LI 38        5V,994164108,15,0.8,122.14129,24.918273,93.4,0,2024-04-27 02:35:14,1686
2532,,,SHUN LI 38        5V,994164108,15,1.4,122.142048,24.918312,108.7,0,2024-04-27 02:39:14,1712
2536,,,SHUN LI 38        5V,994164108,15,0.5,122.142737,24.918183,86.0,0,2024-04-27 02:43:14,1727
2605,,,SHUN LI 38        5V,994164108,15,1.1,122.143285,24.918018,137.0,0,2024-04-27 02:47:15,1753
2639,,,SHUN LI 38        5V,994164108,15,1.0,122.143897,24.917845,82.6,0,2024-04-27 02:51:15,1806
2507,,,SHUN LI 38        5V,994164108,15,0.0,122.144552,24.917788,328.0,0,2024-04-27 02:55:17,1712
2425,,,SHUN LI 38        5V,994164108,15,0.7,122.145182,24.917672,117.7,0,2024-04-27 02:59:19,1679
2540,,,SHUN LI 38        5V,994164108,15,0.8,122.145815,24.917533,75.0,0,2024-04-27 03:03:21,1728
2613,,,SHUN LI 38        5V,994164108,15,0.3,122.146255,24.917402,81.8,0,2024-04-27 03:06:19,1794
2485,,,SHUN LI 38        5V,994164108,15,1.0,122.146847,24.917155,85.2,0,2024-04-27 03:10:23,1694
2635,,,SHUN LI 38        5V,994164108,15,0.5,122.147432,24.916937,123.6,0,2024-04-27 03:14:24,1799
2454,,,SHUN LI 38        5V,994164108,15,0.2,122.148198,24.916627,328.0,0,2024-04-27 03:19:26,1715
2446,,,SHUN LI 38        5V,994164108,15,1.2,122.148993,24.916222,99.3,0,2024-04-27 03:23:25,1680
2635,,,SHUN LI 38        5V,994164108,15,2.2,122.150152,24.915117,151.6,0,2024-04-27 03:28:25,1789
2528,,,SHUN LI 38        5V,994164108,15,1.2,122.150657,24.914562,188.7,0,2024-04-27 03:30:27,1707
2445,,,SHUN LI 38        5V,994164108,15,1.6,122.14954,24.915087,316.5,0,2024-04-27 03:36:29,1689
2507,,,SHUN LI 38        5V,994164108,15,3.3,122.147428,24.916307,291.1,0,2024-04-27 03:40:30,1728
2702,,,SHUN LI 38        5V,994164108,15,2.7,122.143938,24.916223,219.2,0,2024-04-27 03:48:35,1872
2599,,,SHUN LI 38        5V,994164108,15,1.2,122.142545,24.91437,190.6,0,2024-04-27 03:51:35,1793
2589,,,SHUN LI 38        5V,994164108,15,2.1,122.135338,24.911117,241.3,0,2024-04-27 04:00:36,1768
2554,,,SHUN LI 38        5V,994164108,15,4.3,122.130785,24.90978,250.7,0,2024-04-27 04:04:39,1759
2555,,,SHUN LI 38        5V,994164108,15,2.9,122.12859,24.909145,260.4,0,2024-04-27 04:06:40,1791
2956,,,SHUN LI 38        5V,994164108,15,4.0,122.123255,24.90779,258.3,0,2024-04-27 04:11:46,2062
2561,,,SHUN LI 38        5V,994164108,15,3.8,122.11841,24.906228,254.9,0,2024-04-27 04:16:51,1771
2763,,,SHUN LI 38        5V,994164108,15,3.9,122.11388,24.904755,251.7,0,2024-04-27 04:20:56,1905
2558,,,SHUN LI 38        5V,994164108,15,4.3,122.111042,24.903388,227.5,0,2024-04-27 04:25:00,1784
2758,,,SHUN LI 38        5V,994164108,15,1.4,122.108555,24.90224,234.1,0,2024-04-27 04:28:03,1915
2713,,,SHUN LI 38        5V,994164108,15,0.9,122.105475,24.900942,251.7,0,2024-04-27 04:33:08,1890
2660,,,SHUN LI 38        5V,994164108,15,4.9,122.103083,24.900807,277.1,0,2024-04-27 04:37:10,1854
2821,,,SHUN LI 38        5V,994164108,15,9.1,122.092117,24.901303,266.7,0,2024-04-27 04:41:16,1947
2712,,,SHUN LI 38        5V,994164108,15,9.3,122.080262,24.901278,265.7,0,2024-04-27 04:45:21,1867
2625,,,SHUN LI 38        5V,994164108,15,9.5,122.071515,24.901397,270.3,0,2024-04-27 04:48:24,1832
2627,,,SHUN LI 38        5V,994164108,15,9.2,122.05691,24.901962,273.2,0,2024-04-27 04:53:29,1831
2604,,,SHUN LI 38        5V,994164108,15,9.6,122.048072,24.902487,275.2,0,2024-04-27 04:56:33,1818
2669,,,SHUN LI 38        5V,994164108,15,10.4,122.03571,24.902197,262.1,0,2024-04-27 05:00:39,1857
2882,,,SHUN LI 38        5V,994164108,15,12.2,122.022382,24.900323,260.8,0,2024-04-27 05:04:44,2003
2687,,,SHUN LI 38        5V,994164108,15,11.5,122.0052,24.897885,265.6,0,2024-04-27 05:09:52,1847
2947,,,SHUN LI 38        5V,994164108,15,10.0,121.992302,24.897055,257.3,0,2024-04-27 05:13:51,2054
2749,,,SHUN LI 38        5V,994164108,15,10.1,121.980507,24.89615,266.8,0,2024-04-27 05:17:53,1913
2566,,,SHUN LI 38        5V,994164108,15,9.3,121.968745,24.89552,262.5,0,2024-04-27 05:21:58,1782
2594,,,SHUN LI 38        5V,994164108,15,9.0,121.959875,24.895498,272.3,0,2024-04-27 05:25:01,1790
2653,,,SHUN LI 38        5V,994164108,15,10.1,121.94471,24.896035,274.1,0,2024-04-27 05:30:08,1850
2657,,,SHUN LI 38        5V,994164108,15,10.4,121.932405,24.896308,271.6,0,2024-04-27 05:34:15,1828
2606,,,SHUN LI 38        5V,994164108,15,9.4,121.923175,24.896337,272.8,0,2024-04-27 05:37:23,1822
2721,,,SHUN LI 38        5V,994164108,15,9.8,121.911257,24.896477,266.8,0,2024-04-27 05:41:30,1884
2619,,,SHUN LI 38        5V,994164108,15,10.0,121.902108,24.896437,273.1,0,2024-04-27 05:44:37,1848
2715,,,SHUN LI 38        4V,994164108,15,9.9,121.886818,24.895723,266.3,0,2024-04-27 05:49:38,1904
2611,,,SHUN LI 38        5V,994164108,15,9.5,121.874842,24.899027,312.0,0,2024-04-27 05:53:55,1826
2762,,,SHUN LI 38        5V,994164108,15,0.5,121.870322,24.904725,253.5,0,2024-04-27 05:58:57,1930
2624,,,SHUN LI 38        5V,994164108,15,0.1,121.869968,24.904382,328.0,0,2024-04-27 06:02:57,1832
2465,,,SHUN LI 38        5V,994164108,15,0.0,121.869967,24.904347,328.0,0,2024-04-27 06:05:59,1714
2382,,,SHUN LI 38        5V,994164108,15,0.0,121.869987,24.904347,328.0,0,2024-04-27 06:10:59,1656
2579,,,SHUN LI 38        5V,994164108,15,0.0,121.869972,24.904363,328.0,0,2024-04-27 06:14:59,1800
3002,,,SHUN LI 38        5V,994164108,15,0.1,121.86999,24.904367,328.0,0,2024-04-27 06:17:00,2093
2798,,,SHUN LI 38        5V,994164108,15,0.1,121.869948,24.904363,328.0,0,2024-04-27 06:21:01,1935
2829,,,SHUN LI 38        5V,994164108,15,0.0,121.869987,24.904358,328.0,0,2024-04-27 06:26:03,1941
2835,,,SHUN LI 38        5V,994164108,15,0.1,121.869922,24.904372,328.0,0,2024-04-27 06:31:05,1962
2611,,,SHUN LI 38        5V,994164108,15,0.1,121.869982,24.904423,328.0,0,2024-04-27 06:35:06,1822
2754,,,SHUN LI 38        5V,994164108,15,1.7,121.869927,24.904173,196.1,0,2024-04-27 06:39:08,1943
2572,,,SHUN LI 38        5V,994164108,15,0.1,121.870292,24.904642,328.0,0,2024-04-27 06:43:09,1795
2830,,,SHUN LI 38        5V,994164108,15,0.1,121.870307,24.904617,328.0,0,2024-04-27 06:45:09,1956
2829,,,SHUN LI 38        5V,994164108,15,0.1,121.870293,24.904623,328.0,0,2024-04-27 06:51:12,1945
2808,,,SHUN LI 38        5V,994164108,15,0.0,121.870287,24.904622,328.0,0,2024-04-27 06:56:14,1956
2773,,,SHUN LI 38        5V,994164108,15,0.1,121.870248,24.90465,328.0,0,2024-04-27 07:00:14,1930
2878,,,SHUN LI 38        5V,994164108,15,0.0,121.87028,24.904847,328.0,0,2024-04-27 07:04:16,1999
2754,,,SHUN LI 38        5V,994164108,15,0.0,121.870237,24.90471,328.0,0,2024-04-27 07:08:18,1918
2732,,,SHUN LI 38        5V,994164108,15,0.1,121.870345,24.90464,328.0,0,2024-04-27 07:12:20,1878
2801,,,SHUN LI 38        5V,994164108,15,0.0,121.870207,24.904637,328.0,0,2024-04-27 07:15:20,1937
2845,,,SHUN LI 38        5V,994164108,15,0.0,121.870295,24.904562,328.0,0,2024-04-27 07:19:21,1972
2785,,,SHUN LI 38        5V,994164108,15,0.1,121.870283,24.904538,328.0,0,2024-04-27 07:24:25,1929
2919,,,SHUN LI 38        5V,994164108,15,0.0,121.870267,24.904567,328.0,0,2024-04-27 07:26:26,2012
2815,,,SHUN LI 38        5V,994164108,15,0.0,121.870278,24.904592,328.0,0,2024-04-27 07:32:29,1937
2860,,,SHUN LI 38        5V,994164108,15,0.0,121.870252,24.904647,328.0,0,2024-04-27 07:35:29,1998
2963,,,SHUN LI 38        5V,994164108,15,0.0,121.870215,24.904685,328.0,0,2024-04-27 07:39:33,2038
2856,,,SHUN LI 38        5V,994164108,15,0.0,121.870302,24.904597,328.0,0,2024-04-27 07:43:37,1977
2872,,,SHUN LI 38        5V,994164108,15,0.0,121.87021,24.904673,328.0,0,2024-04-27 07:47:40,1990
3010,,,SHUN LI 38        5V,994164108,15,0.1,121.870248,24.904642,328.0,0,2024-04-27 07:52:46,2073
2906,,,SHUN LI 38        5V,994164108,15,0.1,121.870202,24.904692,328.0,0,2024-04-27 07:56:50,2008
2900,,,SHUN LI 38        5V,994164108,15,0.1,121.87012,24.904735,328.0,0,2024-04-27 07:58:51,1991
2901,,,SHUN LI 38        5V,994164108,15,0.0,121.870212,24.904595,88.0,0,2024-04-27 08:03:20,1981
2844,,,SHUN LI 38        5V,994164108,15,0.0,121.870202,24.90463,88.0,0,2024-04-27 08:07:23,1952
3055,,,SHUN LI 38        5V,994164108,15,0.0,121.870265,24.90463,88.0,0,2024-04-27 08:13:23,2076
2794,,,SHUN LI 38        5V,994164108,15,0.0,121.870252,24.904663,88.0,0,2024-04-27 08:16:23,1904
2845,,,SHUN LI 38        5V,994164108,15,0.0,121.87028,24.904637,88.0,0,2024-04-27 08:19:23,1940
2863,,,SHUN LI 38        5V,994164108,15,0.1,121.870148,24.904573,88.0,0,2024-04-27 08:25:22,1975
2953,,,SHUN LI 38        5V,994164108,15,0.1,121.870253,24.904745,88.0,0,2024-04-27 08:30:23,2042
2957,,,SHUN LI 38        5V,994164108,15,0.0,121.870168,24.904608,88.0,0,2024-04-27 08:34:23,2053
2928,,,SHUN LI 38        5V,994164108,15,0.0,121.870225,24.904657,88.0,0,2024-04-27 08:38:23,2021
3034,,,SHUN LI 38        5V,994164108,15,0.1,121.870188,24.904572,88.0,0,2024-04-27 08:41:26,2066
2906,,,SHUN LI 38        5V,994164108,15,0.0,121.870243,24.904528,88.0,0,2024-04-27 08:45:27,1972
2754,,,SHUN LI 38        5V,994164108,15,0.1,121.870203,24.904607,88.0,0,2024-04-27 08:49:27,1891
2810,,,SHUN LI 38        5V,994164108,15,0.0,121.870247,24.904643,88.0,0,2024-04-27 08:54:28,1941
2856,,,SHUN LI 38        5V,994164108,15,0.0,121.870255,24.904612,88.0,0,2024-04-27 08:58:29,1967
3006,,,SHUN LI 38        5V,994164108,15,0.0,121.870223,24.90461,88.0,0,2024-04-27 09:01:29,2053
2811,,,SHUN LI 38        5V,994164108,15,0.1,121.870235,24.904657,88.0,0,2024-04-27 09:05:29,1915
2922,,,SHUN LI 38        5V,994164108,15,0.0,121.87021,24.90461,88.0,0,2024-04-27 09:10:30,1996
3252,,,SHUN LI 38        5V,994164108,15,0.0,121.870295,24.90462,88.0,0,2024-04-27 09:14:32,2219
2866,,,SHUN LI 38        5V,994164108,15,0.0,121.87026,24.90462,88.0,0,2024-04-27 09:18:33,1972
3034,,,SHUN LI 38        5V,994164108,15,0.0,121.870278,24.904632,88.0,0,2024-04-27 09:22:32,2075
3306,,,SHUN LI 38        5V,994164108,15,0.0,121.87026,24.904673,88.0,0,2024-04-27 09:26:32,2263
2922,,,SHUN LI 38        5V,994164108,15,0.0,121.870275,24.904667,88.0,0,2024-04-27 09:30:34,2020
3243,,,SHUN LI 38        5V,994164108,15,0.0,121.870317,24.904668,88.0,0,2024-04-27 09:34:35,2230
3067,,,SHUN LI 38        5V,994164108,15,0.0,121.870402,24.90464,88.0,0,2024-04-27 09:36:36,2114
2913,,,SHUN LI 38        5V,994164108,15,0.0,121.870577,24.904462,88.0,0,2024-04-27 09:39:37,2003
2969,,,SHUN LI 38        5V,994164108,15,0.0,121.870412,24.904762,88.0,0,2024-04-27 09:45:37,2046
2943,,,SHUN LI 38        5V,994164108,15,0.1,121.870327,24.90467,88.0,0,2024-04-27 09:50:38,2012
2740,,,SHUN LI 38        5V,994164108,15,0.0,121.870437,24.904612,88.0,0,2024-04-27 09:54:39,1877
2752,,,SHUN LI 38        5V,994164108,15,0.0,121.870218,24.904725,88.0,0,2024-04-27 09:57:39,1880
2851,,,SHUN LI 38        5V,994164108,15,0.7,121.870447,24.904523,128.9,0,2024-04-27 10:02:41,1964
3007,,,SHUN LI 38        5V,994164108,15,7.8,121.873842,24.901618,117.7,0,2024-04-27 10:06:45,2053
2801,,,SHUN LI 38        5V,994164108,15,7.9,121.88558,24.895823,115.7,0,2024-04-27 10:12:02,1924
2930,,,SHUN LI 38        5V,994164108,15,8.3,121.896118,24.890945,119.2,0,2024-04-27 10:16:32,1980
2887,,,SHUN LI 38        5V,994164108,15,8.8,121.903345,24.887973,114.4,0,2024-04-27 10:19:54,1957
3024,,,SHUN LI 38        5V,994164108,15,8.2,121.911987,24.884473,112.0,0,2024-04-27 10:23:35,2075
2981,,,SHUN LI 38        5V,994164108,15,8.1,121.923445,24.879687,119.5,0,2024-04-27 10:28:38,2047
3302,,,SHUN LI 38        5V,994164108,15,8.3,121.932263,24.875677,117.7,0,2024-04-27 10:32:39,2261
2905,,,SHUN LI 38        5V,994164108,15,8.4,121.94129,24.871517,117.6,0,2024-04-27 10:36:42,1994
2896,,,SHUN LI 38        5V,994164108,15,8.1,121.94579,24.869377,119.0,0,2024-04-27 10:38:43,1987
3062,,,SHUN LI 38        5V,994164108,15,8.1,121.955272,24.867338,99.2,0,2024-04-27 10:42:47,2097
2922,,,SHUN LI 38        5V,994164108,15,4.3,121.961285,24.86704,91.4,0,2024-04-27 10:46:48,2013
3190,,,SHUN LI 38        5V,994164108,15,4.8,121.969705,24.867002,84.4,0,2024-04-27 10:52:50,2204
3129,,,SHUN LI 38        5V,994164108,15,5.2,121.975525,24.867225,89.2,0,2024-04-27 10:56:50,2152
2887,,,SHUN LI 38        5V,994164108,15,5.2,121.981523,24.867555,89.6,0,2024-04-27 11:00:53,1983
2802,,,SHUN LI 38        5V,994164108,15,4.1,121.987525,24.867638,107.0,0,2024-04-27 11:04:56,1930
3052,,,SHUN LI 38        5V,994164108,15,1.3,121.991662,24.866595,64.8,0,2024-04-27 11:08:56,2098
2801,,,SHUN LI 38        5V,994164108,15,1.1,121.992445,24.867798,10.5,0,2024-04-27 11:12:59,1926
2790,,,SHUN LI 38        5V,994164108,15,0.9,121.992695,24.868985,3.4,0,2024-04-27 11:17:01,1888
2891,,,SHUN LI 38        4V,994164108,15,1.0,121.992725,24.869815,13.3,0,2024-04-27 11:20:02,1965
2936,,,SHUN LI 38        5V,994164108,15,1.4,121.992822,24.871183,2.1,0,2024-04-27 11:25:05,1993
2825,,,SHUN LI 38        5V,994164108,15,1.2,121.993025,24.872307,15.1,0,2024-04-27 11:29:06,1904
2783,,,SHUN LI 38        5V,994164108,15,1.1,121.99327,24.873505,5.6,0,2024-04-27 11:34:07,1865
2797,,,SHUN LI 38        5V,994164108,15,0.6,121.993468,24.874557,29.7,0,2024-04-27 11:38:09,1885
2993,,,SHUN LI 38        5V,994164108,15,0.8,121.993532,24.874812,15.0,0,2024-04-27 11:39:09,2012
2932,,,SHUN LI 38        5V,994164108,15,1.0,121.993637,24.876683,11.8,0,2024-04-27 11:46:12,1966
2932,,,SHUN LI 38        5V,994164108,15,0.9,121.993653,24.877435,2.8,0,2024-04-27 11:49:14,1981
2829,,,SHUN LI 38        5V,994164108,15,0.7,121.993627,24.878373,5.9,0,2024-04-27 11:53:13,1938
2884,,,SHUN LI 38        5V,994164108,15,0.8,121.993582,24.879492,358.7,0,2024-04-27 11:58:16,1995
2889,,,SHUN LI 38        4V,994164108,15,0.3,121.99358,24.880332,2.3,0,2024-04-27 12:02:18,1956
2748,,,SHUN LI 38        4V,994164108,15,0.7,121.993533,24.881122,3.7,0,2024-04-27 12:06:14,1869
2888,,,SHUN LI 38        4V,994164108,15,0.5,121.99352,24.881322,7.0,0,2024-04-27 12:07:12,1944
2735,,,SHUN LI 38        5V,994164108,15,0.9,121.993432,24.882457,0.6,0,2024-04-27 12:12:33,1848
2804,,,SHUN LI 38        5V,994164108,15,0.8,121.993297,24.883575,356.7,0,2024-04-27 12:17:33,1888
3072,,,SHUN LI 38        5V,994164108,15,0.9,121.993172,24.884765,7.1,0,2024-04-27 12:22:34,2058
2813,,,SHUN LI 38        5V,994164108,15,1.0,121.993138,24.885728,9.1,0,2024-04-27 12:26:34,1893
3008,,,SHUN LI 38        5V,994164108,15,0.6,121.993123,24.886375,6.8,0,2024-04-27 12:29:34,2011
2902,,,SHUN LI 38        5V,994164108,15,0.4,121.993167,24.8874,88.0,0,2024-04-27 12:34:32,1965
2888,,,SHUN LI 38        5V,994164108,15,0.4,121.993173,24.887747,23.1,0,2024-04-27 12:36:32,1961
2677,,,SHUN LI 38        5V,994164108,15,0.4,121.993312,24.888702,7.0,0,2024-04-27 12:42:32,1823
2936,,,SHUN LI 38        5V,994164108,15,0.4,121.99337,24.889527,334.0,0,2024-04-27 12:47:30,1956
2606,,,SHUN LI 38        5V,994164108,15,0.5,121.993417,24.889927,12.0,0,2024-04-27 12:50:30,1739
2472,,,SHUN LI 38        5V,994164108,15,0.0,121.99341,24.890345,88.0,0,2024-04-27 12:54:30,1657
2395,,,SHUN LI 38        5V,994164108,15,0.3,121.99321,24.890798,88.0,0,2024-04-27 12:58:30,1583
2547,,,SHUN LI 38        5V,994164108,15,0.3,121.993103,24.891113,88.0,0,2024-04-27 13:01:30,1693
2552,,,SHUN LI 38        5V,994164108,15,0.3,121.992957,24.891513,88.0,0,2024-04-27 13:06:30,1699
2799,,,SHUN LI 38        5V,994164108,15,0.3,121.99298,24.891708,88.0,0,2024-04-27 13:11:30,1866
2548,,,SHUN LI 38        5V,994164108,15,0.1,121.992908,24.8918,88.0,0,2024-04-27 13:13:30,1695
2948,,,SHUN LI 38        5V,994164108,15,0.0,121.992827,24.89205,88.0,0,2024-04-27 13:19:30,1967
2744,,,SHUN LI 38        5V,994164108,15,0.2,121.992803,24.892125,88.0,0,2024-04-27 13:22:30,1855
2817,,,SHUN LI 38        5V,994164108,15,0.0,121.992755,24.892192,88.0,0,2024-04-27 13:27:33,1874
2555,,,SHUN LI 38        5V,994164108,15,0.3,121.992828,24.892012,88.0,0,2024-04-27 13:31:34,1717
2529,,,SHUN LI 38        5V,994164108,15,0.0,121.99273,24.891827,88.0,0,2024-04-27 13:35:34,1689
2621,,,SHUN LI 38        5V,994164108,15,0.1,121.992603,24.891668,88.0,0,2024-04-27 13:39:34,1726
2441,,,SHUN LI 38        4V,994164108,15,0.3,121.992433,24.891552,88.0,0,2024-04-27 13:42:35,1634
2734,,,SHUN LI 38        5V,994164108,15,0.2,121.992267,24.891282,88.0,0,2024-04-27 13:47:35,1811
2988,,,SHUN LI 38        5V,994164108,15,0.0,121.992145,24.891022,88.0,0,2024-04-27 13:50:37,1985
2942,,,SHUN LI 38        5V,994164108,15,0.6,121.992188,24.890567,214.0,0,2024-04-27 13:55:40,1981
2740,,,SHUN LI 38        5V,994164108,15,0.7,121.992162,24.89018,212.2,0,2024-04-27 13:59:43,1863
2867,,,SHUN LI 38        4V,994164108,15,0.6,121.991793,24.889987,88.0,0,2024-04-27 14:03:46,1917
2871,,,SHUN LI 38        5V,994164108,15,0.3,121.991373,24.889938,88.0,0,2024-04-27 14:08:52,1905
2724,,,SHUN LI 38        4V,994164108,15,0.6,121.991183,24.889873,88.0,0,2024-04-27 14:11:53,1798
2737,,,SHUN LI 38        5V,994164108,15,0.4,121.99078,24.88982,88.0,0,2024-04-27 14:16:57,1797
2880,,,SHUN LI 38        5V,994164108,15,0.4,121.990418,24.889678,88.0,0,2024-04-27 14:20:59,1894
2668,,,SHUN LI 38        5V,994164108,15,0.2,121.989868,24.889637,88.0,0,2024-04-27 14:24:59,1774
2727,,,SHUN LI 38        5V,994164108,15,0.9,121.989362,24.88958,305.2,0,2024-04-27 14:29:04,1819
2746,,,SHUN LI 38        4V,994164108,15,0.8,121.988807,24.889587,88.0,0,2024-04-27 14:33:07,1819
2820,,,SHUN LI 38        5V,994164108,15,0.3,121.988367,24.889593,88.0,0,2024-04-27 14:36:10,1880
2665,,,SHUN LI 38        5V,994164108,15,0.5,121.987795,24.889502,88.0,0,2024-04-27 14:41:12,1784
2701,,,SHUN LI 38        5V,994164108,15,0.5,121.987663,24.889502,88.0,0,2024-04-27 14:44:13,1780
2656,,,SHUN LI 38        5V,994164108,15,0.7,121.987525,24.889538,88.0,0,2024-04-27 14:48:14,1752
2694,,,SHUN LI 38        3V,994164108,15,0.1,121.987422,24.889382,88.0,0,2024-04-27 14:53:14,1787
3046,,,SHUN LI 38        5V,994164108,15,0.1,121.987152,24.889242,88.0,0,2024-04-27 14:58:17,1993
2606,,,SHUN LI 38        5V,994164108,15,0.7,121.98699,24.889117,61.6,0,2024-04-27 15:02:19,1715
2588,,,SHUN LI 38        4V,994164108,15,0.3,121.986853,24.888997,88.0,0,2024-04-27 15:05:23,1720
2740,,,SHUN LI 38        5V,994164108,15,0.4,121.986558,24.88884,88.0,0,2024-04-27 15:09:26,1806
2612,,,SHUN LI 38        5V,994164108,15,0.2,121.9864,24.888823,88.0,0,2024-04-27 15:13:29,1717
2584,,,SHUN LI 38        5V,994164108,15,0.4,121.986322,24.888773,88.0,0,2024-04-27 15:16:31,1714
2668,,,SHUN LI 38        5V,994164108,15,0.4,121.985793,24.88863,88.0,0,2024-04-27 15:21:34,1754
2485,,,SHUN LI 38        5V,994164108,15,5.0,121.98631,24.88795,143.6,0,2024-04-27 15:23:36,1643
2482,,,SHUN LI 38        5V,994164108,15,4.4,121.993513,24.882407,117.7,0,2024-04-27 15:29:39,1625
2456,,,SHUN LI 38        5V,994164108,15,4.3,121.998777,24.879527,147.3,0,2024-04-27 15:33:43,1612
2615,,,SHUN LI 38        5V,994164108,15,5.1,122.002687,24.875165,127.7,0,2024-04-27 15:37:45,1717
2579,,,SHUN LI 38        5V,994164108,15,4.9,122.007898,24.871962,115.5,0,2024-04-27 15:41:48,1701
2572,,,SHUN LI 38        4V,994164108,15,4.7,122.013653,24.869503,110.6,0,2024-04-27 15:45:50,1696
2426,,,SHUN LI 38        5V,994164108,15,4.9,122.019188,24.866867,119.1,0,2024-04-27 15:49:55,1627
2480,,,SHUN LI 38        5V,994164108,15,5.1,122.025743,24.862872,124.5,0,2024-04-27 15:55:00,1627
2422,,,SHUN LI 38        4V,994164108,15,4.5,122.029762,24.860313,120.5,0,2024-04-27 15:58:02,1601
2452,,,SHUN LI 38        5V,994164108,15,5.5,122.035047,24.855627,133.4,0,2024-04-27 16:02:34,1598
2523,,,SHUN LI 38        5V,994164108,15,1.3,122.038103,24.852148,165.9,0,2024-04-27 16:06:35,1658
2412,,,SHUN LI 38        5V,994164108,15,0.4,122.037983,24.851058,88.0,0,2024-04-27 16:10:36,1587
2466,,,SHUN LI 38        4V,994164108,15,0.9,122.037608,24.849917,239.3,0,2024-04-27 16:15:34,1625
2535,,,SHUN LI 38        5V,994164108,15,0.9,122.037252,24.849028,205.9,0,2024-04-27 16:19:33,1671
2425,,,SHUN LI 38        5V,994164108,15,0.7,122.036945,24.848313,225.9,0,2024-04-27 16:23:34,1596
2608,,,SHUN LI 38        4V,994164108,15,0.3,122.036785,24.847733,88.0,0,2024-04-27 16:26:36,1725
2498,,,SHUN LI 38        5V,994164108,15,0.8,122.03671,24.847398,236.5,0,2024-04-27 16:28:36,1676
2930,,,SHUN LI 38        5V,994164108,15,0.8,122.036183,24.846243,237.4,0,2024-04-27 16:34:36,1954
2589,,,SHUN LI 38        5V,994164108,15,0.5,122.035885,24.845598,223.1,0,2024-04-27 16:37:35,1745
2599,,,SHUN LI 38        5V,994164108,15,0.8,122.035452,24.844337,174.2,0,2024-04-27 16:43:38,1764
2682,,,SHUN LI 38        5V,994164108,15,1.2,122.035367,24.84393,194.8,0,2024-04-27 16:45:38,1804
2557,,,SHUN LI 38        5V,994164108,15,1.0,122.035063,24.842655,194.7,0,2024-04-27 16:51:39,1749
2597,,,SHUN LI 38        4V,994164108,15,0.6,122.034845,24.841772,179.0,0,2024-04-27 16:55:39,1767
2590,,,SHUN LI 38        4V,994164108,15,3.0,122.034998,24.840977,106.4,0,2024-04-27 16:58:38,1758
2601,,,SHUN LI 38        5V,994164108,15,4.1,122.036698,24.84532,22.3,0,2024-04-27 17:02:40,1773
2666,,,SHUN LI 38        4V,994164108,15,5.1,122.038685,24.8515,16.8,0,2024-04-27 17:07:42,1801
2612,,,SHUN LI 38        4V,994164108,15,1.0,122.040137,24.855827,27.6,0,2024-04-27 17:11:43,1776
2584,,,SHUN LI 38        4V,994164108,15,1.3,122.039775,24.85551,236.6,0,2024-04-27 17:15:44,1757
2469,,,SHUN LI 38        5V,994164108,15,0.8,122.039228,24.854623,255.4,0,2024-04-27 17:19:44,1688
2632,,,SHUN LI 38        5V,994164108,15,0.9,122.03875,24.853863,236.1,0,2024-04-27 17:23:44,1803
2696,,,SHUN LI 38        5V,994164108,15,4.9,122.040185,24.853418,98.5,0,2024-04-27 17:27:46,1850
2996,,,SHUN LI 38        5V,994164108,15,6.1,122.049035,24.853362,86.6,0,2024-04-27 17:32:48,2024
2662,,,SHUN LI 38        5V,994164108,15,5.7,122.056537,24.853392,89.0,0,2024-04-27 17:36:48,1830
2660,,,SHUN LI 38        5V,994164108,15,6.0,122.064073,24.853303,87.4,0,2024-04-27 17:40:49,1823
2555,,,SHUN LI 38        5V,994164108,15,6.3,122.071978,24.853067,86.7,0,2024-04-27 17:44:51,1741
2534,,,SHUN LI 38        5V,994164108,15,6.4,122.080115,24.853327,84.6,0,2024-04-27 17:48:55,1767
2872,,,SHUN LI 38        5V,994164108,15,6.3,122.088057,24.853163,83.5,0,2024-04-27 17:52:54,1980
2787,,,SHUN LI 38        5V,994164108,15,0.9,122.088503,24.852478,199.4,0,2024-04-27 17:56:57,1928
2608,,,SHUN LI 38        5V,994164108,15,1.3,122.088715,24.851757,159.2,0,2024-04-27 18:00:59,1813
2746,,,SHUN LI 38        5V,994164108,15,0.4,122.088917,24.850872,88.0,0,2024-04-27 18:05:04,1886
2658,,,SHUN LI 38        5V,994164108,15,0.5,122.089032,24.8501,88.0,0,2024-04-27 18:09:07,1835
2679,,,SHUN LI 38        5V,994164108,15,0.7,122.08914,24.849415,88.0,0,2024-04-27 18:13:07,1860
2584,,,SHUN LI 38        4V,994164108,15,0.7,122.089148,24.848857,179.2,0,2024-04-27 18:17:05,1797
2460,,,SHUN LI 38        4V,994164108,15,1.1,122.089205,24.84844,175.3,0,2024-04-27 18:20:01,1715
2549,,,SHUN LI 38        5V,994164108,15,0.3,122.089293,24.847735,88.0,0,2024-04-27 18:24:21,1763
2619,,,SHUN LI 38        4V,994164108,15,0.6,122.0895,24.846818,137.3,0,2024-04-27 18:29:22,1834
2609,,,SHUN LI 38        5V,994164108,15,0.3,122.089612,24.846017,88.0,0,2024-04-27 18:34:21,1815
2715,,,SHUN LI 38        5V,994164108,15,0.6,122.089757,24.845365,187.1,0,2024-04-27 18:38:25,1877
2537,,,SHUN LI 38        5V,994164108,15,0.9,122.08987,24.844723,180.9,0,2024-04-27 18:42:23,1770
2538,,,SHUN LI 38        4V,994164108,15,0.8,122.089962,24.84418,230.0,0,2024-04-27 18:46:23,1766
2663,,,SHUN LI 38        4V,994164108,15,1.0,122.090032,24.843683,182.2,0,2024-04-27 18:50:25,1861
2751,,,SHUN LI 38        4V,994164108,15,0.8,122.09015,24.843118,213.1,0,2024-04-27 18:54:24,1906
2818,,,SHUN LI 38        5V,994164108,15,0.8,122.09029,24.842472,269.9,0,2024-04-27 18:58:24,1953
2547,,,SHUN LI 38        5V,994164108,15,0.5,122.090473,24.841857,78.0,0,2024-04-27 19:02:23,1767
2493,,,SHUN LI 38        5V,994164108,15,0.9,122.090593,24.84129,198.5,0,2024-04-27 19:06:23,1723
2574,,,SHUN LI 38        5V,994164108,15,0.6,122.090662,24.840888,302.1,0,2024-04-27 19:10:25,1777
2567,,,SHUN LI 38        4V,994164108,15,1.3,122.091077,24.840345,121.5,0,2024-04-27 19:14:26,1769
2746,,,SHUN LI 38        4V,994164108,15,0.5,122.091717,24.839863,129.8,0,2024-04-27 19:18:29,1906
2542,,,SHUN LI 38        4V,994164108,15,1.3,122.09233,24.83946,128.5,0,2024-04-27 19:22:30,1765
2578,,,SHUN LI 38        5V,994164108,15,2.4,122.092013,24.838403,272.0,0,2024-04-27 19:26:31,1773
2372,,,SHUN LI 38        5V,994164108,15,3.9,122.08752,24.837353,256.2,0,2024-04-27 19:30:34,1630
2310,,,SHUN LI 38        5V,994164108,15,4.4,122.084027,24.836372,264.4,0,2024-04-27 19:34:33,1585
2238,,,SHUN LI 38        5V,994164108,15,3.0,122.080852,24.83569,256.9,0,2024-04-27 19:37:34,1531
2313,,,SHUN LI 38        5V,994164108,15,2.5,122.076808,24.834577,259.0,0,2024-04-27 19:41:34,1583
2232,,,SHUN LI 38        4V,994164108,15,4.1,122.071648,24.833288,251.8,0,2024-04-27 19:46:36,1521
2206,,,SHUN LI 38        4V,994164108,15,1.6,122.06789,24.832142,238.1,0,2024-04-27 19:50:37,1501
2091,,,SHUN LI 38        3V,994164108,15,4.7,122.064607,24.83136,260.3,0,2024-04-27 19:53:37,1405
2170,,,SHUN LI 38        5V,994164108,15,3.4,122.060133,24.830383,267.8,0,2024-04-27 19:57:38,1472
1992,,,SHUN LI 38        5V,994164108,15,3.7,122.054773,24.830098,248.8,0,2024-04-27 20:02:40,1350
2039,,,SHUN LI 38        4V,994164108,15,2.4,122.050578,24.829882,242.6,0,2024-04-27 20:06:41,1366
2324,,,SHUN LI 38        5V,994164108,15,3.7,122.044953,24.829677,271.4,0,2024-04-27 20:11:42,1580
2474,,,SHUN LI 38        5V,994164108,15,2.7,122.04194,24.829717,270.4,0,2024-04-27 20:15:43,1693
2706,,,SHUN LI 38        4V,994164108,15,3.7,122.037928,24.830332,282.9,0,2024-04-27 20:19:44,1856
2615,,,SHUN LI 38        5V,994164108,15,8.5,122.03437,24.830945,16.3,0,2024-04-27 20:23:45,1806
2756,,,SHUN LI 38        5V,994164108,15,10.9,122.035773,24.843115,1.0,0,2024-04-27 20:27:46,1908
2606,,,SHUN LI 38        5V,994164108,15,11.7,122.037977,24.852572,13.3,0,2024-04-27 20:30:46,1810
2809,,,SHUN LI 38        5V,994164108,15,9.2,122.041983,24.868802,8.0,0,2024-04-27 20:35:47,1941
2559,,,SHUN LI 38        4V,994164108,15,6.5,122.04835,24.868463,94.0,0,2024-04-27 20:39:54,1787
2705,,,SHUN LI 38        4V,994164108,15,6.8,122.056668,24.868463,91.4,0,2024-04-27 20:43:58,1875
2616,,,SHUN LI 38        5V,994164108,15,5.7,122.064408,24.868373,93.4,0,2024-04-27 20:48:02,1821
2761,,,SHUN LI 38        5V,994164108,15,5.8,122.068235,24.868327,88.0,0,2024-04-27 20:50:04,1921
2629,,,SHUN LI 38        5V,994164108,15,6.0,122.079618,24.868398,100.6,0,2024-04-27 20:56:10,1832
2606,,,SHUN LI 38        5V,994164108,15,6.1,122.08738,24.868383,85.5,0,2024-04-27 21:00:14,1809
2605,,,SHUN LI 38        4V,994164108,15,0.2,122.094963,24.868573,88.0,0,2024-04-27 21:05:22,1801
2637,,,SHUN LI 38        5V,994164108,15,1.0,122.095357,24.868978,355.6,0,2024-04-27 21:09:25,1820
2674,,,SHUN LI 38        4V,994164108,15,1.0,122.09564,24.869377,28.8,0,2024-04-27 21:13:26,1843
2807,,,SHUN LI 38        5V,994164108,15,0.4,122.095732,24.869548,88.0,0,2024-04-27 21:16:30,1920
2431,,,SHUN LI 38        5V,994164108,15,0.7,122.095765,24.86973,200.9,0,2024-04-27 21:20:34,1657
2471,,,SHUN LI 38        4V,994164108,15,0.1,122.095865,24.86979,88.0,0,2024-04-27 21:24:36,1702
2534,,,SHUN LI 38        5V,994164108,15,0.5,122.096037,24.870002,88.0,0,2024-04-27 21:28:38,1728
2654,,,SHUN LI 38        5V,994164108,15,0.3,122.096213,24.870283,88.0,0,2024-04-27 21:32:38,1821
2593,,,SHUN LI 38        5V,994164108,15,0.9,122.096377,24.870477,90.2,0,2024-04-27 21:35:39,1770
2879,,,SHUN LI 38        5V,994164108,15,0.4,122.096492,24.870838,88.0,0,2024-04-27 21:40:40,1978
2596,,,SHUN LI 38        4V,994164108,15,1.0,122.096475,24.871098,133.3,0,2024-04-27 21:44:41,1790
2814,,,SHUN LI 38        5V,994164108,15,0.6,122.096487,24.871202,321.9,0,2024-04-27 21:46:41,1947
2754,,,SHUN LI 38        4V,994164108,15,1.1,122.096618,24.87159,333.9,0,2024-04-27 21:52:46,1906
2724,,,SHUN LI 38        5V,994164108,15,0.9,122.096587,24.871975,358.3,0,2024-04-27 21:55:44,1880
2544,,,SHUN LI 38        5V,994164108,15,0.9,122.096578,24.872327,328.9,0,2024-04-27 21:59:47,1763
2718,,,SHUN LI 38        5V,994164108,15,0.3,122.096603,24.872602,88.0,0,2024-04-27 22:05:04,1865
2637,,,SHUN LI 38        5V,994164108,15,0.5,122.096517,24.8732,88.0,0,2024-04-27 22:10:05,1834
2937,,,SHUN LI 38        5V,994164108,15,0.6,122.096407,24.87363,316.2,0,2024-04-27 22:14:06,2051
2886,,,SHUN LI 38        5V,994164108,15,0.7,122.096365,24.87385,318.4,0,2024-04-27 22:17:06,1997
2552,,,SHUN LI 38        5V,994164108,15,0.5,122.096338,24.874262,88.0,0,2024-04-27 22:22:08,1762
2504,,,SHUN LI 38        4V,994164108,15,0.4,122.096405,24.874608,88.0,0,2024-04-27 22:26:11,1725
2550,,,SHUN LI 38        4V,994164108,15,0.3,122.096422,24.874855,88.0,0,2024-04-27 22:28:15,1760
2547,,,SHUN LI 38        4V,994164108,15,0.4,122.096395,24.875633,88.0,0,2024-04-27 22:34:14,1750
2436,,,SHUN LI 38        4V,994164108,15,0.3,122.096305,24.876183,88.0,0,2024-04-27 22:38:16,1679
2611,,,SHUN LI 38        5V,994164108,15,0.5,122.096202,24.87672,322.3,0,2024-04-27 22:42:18,1776
2697,,,SHUN LI 38        5V,994164108,15,0.6,122.095968,24.87729,100.0,0,2024-04-27 22:47:22,1850
2707,,,SHUN LI 38        5V,994164108,15,5.0,122.09764,24.878997,48.5,0,2024-04-27 22:50:23,1849
2709,,,SHUN LI 38        5V,994164108,15,4.0,122.101442,24.882467,61.5,0,2024-04-27 22:54:25,1868
2608,,,SHUN LI 38        5V,994164108,15,4.3,122.104917,24.885182,45.1,0,2024-04-27 22:58:25,1789
2551,,,SHUN LI 38        5V,994164108,15,2.3,122.108815,24.88771,50.6,0,2024-04-27 23:02:28,1774
2717,,,SHUN LI 38        5V,994164108,15,1.9,122.111628,24.889328,50.7,0,2024-04-27 23:06:30,1897
2671,,,SHUN LI 38        4V,994164108,15,1.3,122.114167,24.890385,78.5,0,2024-04-27 23:10:30,1873
2631,,,SHUN LI 38        5V,994164108,15,1.0,122.115517,24.89093,0.7,0,2024-04-27 23:13:31,1846
2546,,,SHUN LI 38        5V,994164108,15,7.4,122.119697,24.887385,277.7,0,2024-04-27 23:18:32,1813
2667,,,SHUN LI 38        5V,994164108,15,6.5,122.116418,24.88386,260.3,0,2024-04-27 23:22:33,1880
2627,,,SHUN LI 38        4V,994164108,15,6.1,122.108307,24.883163,259.8,0,2024-04-27 23:26:38,1812
2355,,,SHUN LI 38        4V,994164108,15,5.9,122.100968,24.883255,267.3,0,2024-04-27 23:30:39,1634
2310,,,SHUN LI 38        5V,994164108,15,5.6,122.094063,24.882882,263.7,0,2024-04-27 23:34:41,1612
2474,,,SHUN LI 38        5V,994164108,15,6.2,122.09126,24.889647,18.5,0,2024-04-27 23:39:43,1708
2707,,,SHUN LI 38        5V,994164108,15,7.4,122.092983,24.890905,63.5,0,2024-04-27 23:40:44,1881
2750,,,SHUN LI 38        5V,994164108,15,0.9,122.106683,24.89475,24.3,0,2024-04-27 23:47:46,1920
2609,,,SHUN LI 38        3V,994164108,15,1.6,122.107395,24.895795,47.7,0,2024-04-27 23:51:45,1827
2546,,,SHUN LI 38        5V,994164108,15,1.1,122.107727,24.896363,4.9,0,2024-04-27 23:53:46,1775
2497,,,SHUN LI 38        5V,994164108,15,1.2,122.108522,24.898018,15.8,0,2024-04-27 23:59:48,1741
2498,,,SHUN LI 38        4V,994164108,15,1.4,122.108925,24.89904,351.4,0,2024-04-28 00:03:52,1743
2687,,,SHUN LI 38        4V,994164108,15,0.6,122.109275,24.90015,88.0,0,2024-04-28 00:07:57,1868
2542,,,SHUN LI 38        5V,994164108,15,0.9,122.109678,24.901208,33.8,0,2024-04-28 00:11:58,1764
2623,,,SHUN LI 38        5V,994164108,15,0.8,122.110182,24.90221,4.6,0,2024-04-28 00:15:59,1814
2753,,,SHUN LI 38        4V,994164108,15,1.2,122.11069,24.903253,64.5,0,2024-04-28 00:19:59,1910
2423,,,SHUN LI 38        4V,994164108,15,1.4,122.111068,24.90427,9.5,0,2024-04-28 00:23:59,1699
2636,,,SHUN LI 38        5V,994164108,15,0.6,122.111378,24.905065,87.6,0,2024-04-28 00:27:00,1809
2602,,,SHUN LI 38        3V,994164108,15,0.6,122.11221,24.906385,6.3,0,2024-04-28 00:32:54,1780
2750,,,SHUN LI 38        4V,994164108,15,1.6,122.1126,24.907258,10.2,0,2024-04-28 00:37:18,1892
2535,,,SHUN LI 38        4V,994164108,15,0.2,122.11295,24.908052,88.0,0,2024-04-28 00:41:17,1767
2545,,,SHUN LI 38        5V,994164108,15,0.2,122.113367,24.908832,88.0,0,2024-04-28 00:45:17,1775
2581,,,SHUN LI 38        5V,994164108,15,0.9,122.113792,24.909637,28.5,0,2024-04-28 00:49:17,1797
2418,,,SHUN LI 38        4V,994164108,15,0.8,122.114125,24.910492,270.2,0,2024-04-28 00:53:17,1703
2539,,,SHUN LI 38        5V,994164108,15,1.5,122.114265,24.911342,16.8,0,2024-04-28 00:57:20,1783
2533,,,SHUN LI 38        4V,994164108,15,0.6,122.114417,24.912183,15.4,0,2024-04-28 01:01:22,1755
2639,,,SHUN LI 38        4V,994164108,15,1.1,122.114728,24.91301,21.7,0,2024-04-28 01:05:22,1816
2580,,,SHUN LI 38        4V,994164108,15,0.7,122.114857,24.913463,12.0,0,2024-04-28 01:07:21,1788
2502,,,SHUN LI 38        4V,994164108,15,0.5,122.115142,24.914457,50.8,0,2024-04-28 01:12:24,1739
2521,,,SHUN LI 38        4V,994164108,15,1.1,122.115337,24.915177,5.7,0,2024-04-28 01:16:25,1747
2529,,,SHUN LI 38        4V,994164108,15,0.0,122.115495,24.91575,88.0,0,2024-04-28 01:19:23,1761
2684,,,SHUN LI 38        4V,994164108,15,0.5,122.115943,24.916655,18.5,0,2024-04-28 01:24:24,1881
2687,,,SHUN LI 38        4V,994164108,15,1.1,122.116208,24.917397,22.7,0,2024-04-28 01:28:28,1873
2479,,,SHUN LI 38        4V,994164108,15,1.0,122.116595,24.918403,340.0,0,2024-04-28 01:34:27,1739
2541,,,SHUN LI 38        4V,994164108,15,0.9,122.116825,24.91904,5.6,0,2024-04-28 01:41:32,1780
2583,,,SHUN LI 38        5V,994164108,15,2.7,122.119243,24.920657,60.8,0,2024-04-28 01:46:31,1784
2682,,,SHUN LI 38        4V,994164108,15,1.0,122.12086,24.921862,88.0,0,2024-04-28 01:49:32,1837
2337,,,SHUN LI 38        4V,994164108,15,1.6,122.12239,24.923945,19.6,0,2024-04-28 01:53:33,1606
2186,,,SHUN LI 38        4V,994164108,15,2.4,122.123292,24.92443,86.5,0,2024-04-28 01:55:34,1499
2279,,,SHUN LI 38        5V,994164108,15,3.1,122.128827,24.925655,79.4,0,2024-04-28 02:02:41,1548
2377,,,SHUN LI 38        5V,994164108,15,4.1,122.134288,24.927112,80.8,0,2024-04-28 02:10:44,1617
2495,,,SHUN LI 38        4V,994164108,15,1.7,122.137112,24.92801,21.0,0,2024-04-28 02:14:44,1705
2809,,,SHUN LI 38        4V,994164108,15,7.6,122.136325,24.93035,259.1,0,2024-04-28 02:17:46,1935
2591,,,SHUN LI 38        5V,994164108,15,9.4,122.122363,24.92815,260.1,0,2024-04-28 02:22:45,1783
2605,,,SHUN LI 38        4V,994164108,15,9.7,122.11069,24.926593,262.2,0,2024-04-28 02:26:47,1809
2468,,,SHUN LI 38        5V,994164108,15,9.9,122.098862,24.925328,265.6,0,2024-04-28 02:30:48,1703
2585,,,SHUN LI 38        4V,994164108,15,10.4,122.09281,24.924778,261.9,0,2024-04-28 02:32:50,1804
2446,,,SHUN LI 38        4V,994164108,15,10.1,122.074277,24.921953,262.6,0,2024-04-28 02:38:50,1693
2402,,,SHUN LI 38        4V,994164108,15,9.3,122.062328,24.92058,262.5,0,2024-04-28 02:42:50,1655
2434,,,SHUN LI 38        4V,994164108,15,10.2,122.056417,24.920022,264.3,0,2024-04-28 02:44:51,1667
2300,,,SHUN LI 38        4V,994164108,15,10.7,122.038102,24.918277,266.3,0,2024-04-28 02:50:56,1577
2355,,,SHUN LI 38        4V,994164108,15,10.2,122.025845,24.916718,262.7,0,2024-04-28 02:54:54,1631
2432,,,SHUN LI 38        5V,994164108,15,10.0,122.013508,24.915413,265.0,0,2024-04-28 02:58:55,1690
2474,,,SHUN LI 38        4V,994164108,15,9.9,122.001102,24.914043,264.4,0,2024-04-28 03:02:59,1709
2524,,,SHUN LI 38        4V,994164108,15,10.3,121.988687,24.91247,261.9,0,2024-04-28 03:07:03,1750
2592,,,SHUN LI 38        4V,994164108,15,9.8,121.976417,24.910855,261.0,0,2024-04-28 03:11:08,1800
2476,,,SHUN LI 38        4V,994164108,15,9.2,121.961857,24.908975,261.8,0,2024-04-28 03:16:11,1725
2418,,,SHUN LI 38        4V,994164108,15,9.9,121.950702,24.90723,262.0,0,2024-04-28 03:20:13,1687
2128,,,SHUN LI 38        4V,994164108,15,10.1,121.942457,24.906025,262.1,0,2024-04-28 03:23:17,1494
2263,,,SHUN LI 38        4V,994164108,15,9.0,121.928733,24.904153,262.1,0,2024-04-28 03:28:19,1559
2383,,,SHUN LI 38        3V,994164108,15,8.7,121.9179,24.902832,260.2,0,2024-04-28 03:32:22,1647
2416,,,SHUN LI 38        4V,994164108,15,8.6,121.912748,24.901587,251.4,0,2024-04-28 03:34:25,1681
2763,,,SHUN LI 38        4V,994164108,15,8.6,121.900338,24.89751,247.0,0,2024-04-28 03:39:31,1933
2876,,,SHUN LI 38        4V,994164108,15,5.5,121.891155,24.89494,268.3,0,2024-04-28 03:43:34,2051
2680,,,SHUN LI 38        4V,994164108,15,8.7,121.883007,24.89653,296.1,0,2024-04-28 03:47:36,1897
2740,,,SHUN LI 38        4V,994164108,15,8.1,121.873905,24.900237,309.9,0,2024-04-28 03:51:39,1947
2888,,,SHUN LI 38        4V,994164108,15,3.2,121.870818,24.90505,233.1,0,2024-04-28 03:55:42,2013
2718,,,SHUN LI 38        4V,994164108,15,0.1,121.870163,24.90494,88.0,0,2024-04-28 03:58:48,1917
2683,,,SHUN LI 38        4V,994164108,15,3.3,121.870432,24.904895,262.2,0,2024-04-28 04:04:08,1904
2683,,,SHUN LI 38        4V,994164108,15,0.2,121.870227,24.904573,88.0,0,2024-04-28 04:08:12,1891
