fid,IMO_Number,Call_Sign,ShipName,MMSI,Navigational_Status,SOG,Longitude,Latitude,COG,Ship_and_Cargo_Type,Record_Time,group
6161,,,YANGZHIQU1HAO-13-84%,23122913,15,0.0,120.452575,26.961132,165.7,0,2024-04-16 18:45:16,4275
6447,,,YANGZHIQU1HAO-13-83%,23122913,15,0.0,120.452583,26.96113,10.1,0,2024-04-16 20:24:46,4490
6259,,,YANGZHIQU1HAO-13-83%,23122913,15,0.0,120.452657,26.96111,138.2,0,2024-04-16 21:43:12,4353
6685,,,YANGZHIQU1HAO-13-83%,23122913,15,0.0,120.452582,26.961142,318.2,0,2024-04-16 21:58:17,4657
6438,,,YANGZHIQU1HAO-13-83%,23122913,15,0.0,120.45259,26.961143,77.3,0,2024-04-16 22:01:18,4476
6177,,,YANGZHIQU1HAO-13-83%,23122913,15,0.0,120.452585,26.96114,233.2,0,2024-04-16 22:04:19,4284
6224,,,YANGZHIQU1HAO-13-83%,23122913,15,0.0,120.452558,26.961165,307.5,0,2024-04-16 22:16:22,4338
5894,,,YANGZHIQU1HAO-13-80%,23122913,15,0.0,120.45256,26.961128,180.0,0,2024-04-17 19:50:24,3946
5814,,,YANGZHIQU1HAO-13-79%,23122913,15,0.0,120.452432,26.961032,311.5,0,2024-04-18 12:08:16,3615
5637,,,YANGZHIQU1HAO-13-79%,23122913,15,0.0,120.452343,26.961028,272.0,0,2024-04-18 12:14:41,3465
5549,,,YANGZHIQU1HAO-13-78%,23122913,15,0.0,120.452333,26.96102,180.0,0,2024-04-18 12:21:02,3454
6252,,,YANGZHIQU1HAO-13-75%,23122913,15,0.0,120.452545,26.96109,334.3,0,2024-04-19 20:53:09,4283
6232,,,YANGZHIQU1HAO-13-75%,23122913,15,0.0,120.452572,26.961095,60.7,0,2024-04-19 21:08:13,4283
6203,,,YANGZHIQU1HAO-13-75%,23122913,15,0.0,120.452573,26.961072,231.8,0,2024-04-19 21:35:21,4273
5798,,,YANGZHIQU1HAO-13-74%,23122913,15,0.0,120.452602,26.961092,274.9,0,2024-04-21 01:59:57,3896
6572,,,YANGZHIQU1HAO-13-73%,23122913,15,0.0,120.452323,26.961093,112.1,0,2024-04-21 04:31:41,4567
6731,,,YANGZHIQU1HAO-13-70%,23122913,15,0.0,120.452582,26.961073,347.4,0,2024-04-23 14:41:47,4556
6050,,,YANGZHIQU1HAO-13-70%,23122913,15,0.0,120.452618,26.961147,81.4,0,2024-04-23 15:07:17,4039
6405,,,YANGZHIQU1HAO-13-70%,23122913,15,0.0,120.452623,26.961147,318.2,0,2024-04-23 15:20:06,4313
6187,,,YANGZHIQU1HAO-13-70%,23122913,15,0.0,120.452635,26.961203,221.7,0,2024-04-23 15:39:16,4180
6166,,,YANGZHIQU1HAO-13-70%,23122913,15,0.0,120.452605,26.961267,24.0,0,2024-04-23 15:55:14,4154
6177,,,YANGZHIQU1HAO-13-70%,23122913,15,0.0,120.452575,26.961205,203.4,0,2024-04-23 15:58:24,4185
6070,,,YANGZHIQU1HAO-13-70%,23122913,15,0.0,120.452363,26.961167,51.2,0,2024-04-23 16:20:45,4072
5646,,,YANGZHIQU1HAO-13-70%,23122913,15,0.0,120.452365,26.961197,119.2,0,2024-04-23 16:30:23,3746
6035,,,YANGZHIQU1HAO-13-70%,23122913,15,0.0,120.452327,26.961223,299.2,0,2024-04-23 16:43:08,4037
6373,,,YANGZHIQU1HAO-13-70%,23122913,15,0.0,120.452332,26.961223,258.2,0,2024-04-23 16:52:44,4285
6594,,,YANGZHIQU1HAO-13-70%,23122913,15,0.0,120.452332,26.961223,258.2,0,2024-04-23 16:52:44,4463
6551,,,YANGZHIQU1HAO-13-70%,23122913,15,0.0,120.452332,26.961223,258.2,0,2024-04-23 16:52:44,4423
6369,,,YANGZHIQU1HAO-13-70%,23122913,15,0.0,120.452312,26.961223,136.0,0,2024-04-23 17:02:20,4301
6374,,,YANGZHIQU1HAO-13-70%,23122913,15,0.0,120.452312,26.961223,136.0,0,2024-04-23 17:02:20,4281
6371,,,YANGZHIQU1HAO-13-70%,23122913,15,0.0,120.452312,26.961223,136.0,0,2024-04-23 17:02:20,4250
5365,,,YANGZHIQU1HAO-13-70%,23122913,15,0.0,120.452248,26.961067,348.3,0,2024-04-23 17:56:35,3582
5362,,,YANGZHIQU1HAO-13-70%,23122913,15,0.0,120.452248,26.961067,348.3,0,2024-04-23 17:56:35,3570
5611,,,YANGZHIQU1HAO-13-70%,23122913,15,0.1,120.452282,26.961203,328.6,0,2024-04-23 18:03:29,3741
5351,,,YANGZHIQU1HAO-13-70%,23122913,15,0.1,120.452282,26.961203,328.6,0,2024-04-23 18:03:29,3540
5666,,,YANGZHIQU1HAO-13-70%,23122913,15,0.1,120.452282,26.961203,328.6,0,2024-04-23 18:03:29,3771
6024,,,YANGZHIQU1HAO-13-70%,23122913,15,0.0,120.452277,26.961148,28.1,0,2024-04-23 18:48:43,4042
5743,,,YANGZHIQU1HAO-13-70%,23122913,15,0.0,120.452277,26.961148,28.1,0,2024-04-23 18:48:43,3788
5861,,,YANGZHIQU1HAO-13-70%,23122913,15,0.0,120.452277,26.961148,28.1,0,2024-04-23 18:48:43,3913
6034,,,YANGZHIQU1HAO-13-70%,23122913,15,0.0,120.452248,26.961122,305.0,0,2024-04-23 19:03:45,4054
6367,,,YANGZHIQU1HAO-13-70%,23122913,15,0.0,120.452248,26.961122,305.0,0,2024-04-23 19:03:45,4285
6117,,,YANGZHIQU1HAO-13-70%,23122913,15,0.0,120.452248,26.961122,305.0,0,2024-04-23 19:03:45,4076
5579,,,YANGZHIQU1HAO-13-69%,23122913,15,0.0,120.452497,26.960992,215.4,0,2024-04-23 21:10:20,3662
5629,,,YANGZHIQU1HAO-13-69%,23122913,15,0.0,120.452497,26.960992,215.4,0,2024-04-23 21:10:20,3695
5608,,,YANGZHIQU1HAO-13-69%,23122913,15,0.0,120.452502,26.960987,240.7,0,2024-04-23 21:16:23,3645
5692,,,YANGZHIQU1HAO-13-69%,23122913,15,0.0,120.452502,26.960987,240.7,0,2024-04-23 21:16:23,3699
5595,,,YANGZHIQU1HAO-13-69%,23122913,15,0.0,120.452502,26.960987,240.7,0,2024-04-23 21:16:23,3618
5745,,,YANGZHIQU1HAO-13-69%,23122913,15,0.0,120.45235,26.961238,103.2,0,2024-04-23 23:11:01,3758
5551,,,YANGZHIQU1HAO-13-69%,23122913,15,0.0,120.45235,26.961238,103.2,0,2024-04-23 23:11:01,3576
5464,,,YANGZHIQU1HAO-13-69%,23122913,15,0.0,120.45235,26.961238,103.2,0,2024-04-23 23:11:01,3529
5922,,,YANGZHIQU1HAO-13-69%,23122913,15,0.0,120.452582,26.961002,39.2,0,2024-04-24 00:41:37,3856
5715,,,YANGZHIQU1HAO-13-69%,23122913,15,0.0,120.452582,26.961002,39.2,0,2024-04-24 00:41:37,3737
5726,,,YANGZHIQU1HAO-13-69%,23122913,15,0.0,120.452582,26.961002,39.2,0,2024-04-24 00:41:37,3722
4863,,,YANGZHIQU1HAO-13-68%,23122913,15,0.0,120.4526,26.961013,184.6,0,2024-04-24 13:26:24,3054
5109,,,YANGZHIQU1HAO-13-68%,23122913,15,0.0,120.4526,26.961013,184.6,0,2024-04-24 13:26:24,3227
5463,,,YANGZHIQU1HAO-13-68%,23122913,15,0.0,120.4526,26.961013,184.6,0,2024-04-24 13:26:24,3449
5594,,,YANGZHIQU1HAO-13-68%,23122913,15,0.0,120.45261,26.961012,41.7,0,2024-04-24 13:48:41,3538
5826,,,YANGZHIQU1HAO-13-68%,23122913,15,0.0,120.45261,26.961012,41.7,0,2024-04-24 13:48:41,3691
5548,,,YANGZHIQU1HAO-13-68%,23122913,15,0.0,120.452603,26.961003,119.2,0,2024-04-24 13:55:06,3467
5875,,,YANGZHIQU1HAO-13-68%,23122913,15,0.0,120.452607,26.961013,16.5,0,2024-04-24 13:58:18,3697
5569,,,YANGZHIQU1HAO-13-68%,23122913,15,0.0,120.45261,26.960997,90.0,0,2024-04-24 14:04:39,3484
5422,,,YANGZHIQU1HAO-13-68%,23122913,15,0.0,120.452615,26.961018,11.6,0,2024-04-24 14:07:52,3383
5401,,,YANGZHIQU1HAO-13-68%,23122913,15,0.0,120.452615,26.961018,11.6,0,2024-04-24 14:07:52,3352
5748,,,YANGZHIQU1HAO-13-68%,23122913,15,0.0,120.452615,26.961018,11.6,0,2024-04-24 14:07:52,3550
5709,,,YANGZHIQU1HAO-13-68%,23122913,15,0.0,120.452637,26.961063,0.0,0,2024-04-24 14:36:36,3508
5626,,,YANGZHIQU1HAO-13-68%,23122913,15,0.0,120.452637,26.961063,0.0,0,2024-04-24 14:36:36,3446
5464,,,YANGZHIQU1HAO-13-68%,23122913,15,0.0,120.452653,26.961073,318.2,0,2024-04-24 14:43:00,3325
5391,,,YANGZHIQU1HAO-13-68%,23122913,15,0.0,120.452653,26.961073,318.2,0,2024-04-24 14:43:00,3293
5276,,,YANGZHIQU1HAO-13-68%,23122913,15,0.0,120.452658,26.961077,343.4,0,2024-04-24 14:52:35,3210
5148,,,YANGZHIQU1HAO-13-68%,23122913,15,0.0,120.452652,26.961085,324.5,0,2024-04-24 14:55:48,3116
5101,,,YANGZHIQU1HAO-13-68%,23122913,15,0.0,120.45265,26.9611,354.3,0,2024-04-24 14:58:58,3069
5090,,,YANGZHIQU1HAO-13-68%,23122913,15,0.0,120.45265,26.9611,354.3,0,2024-04-24 14:58:58,3055
4993,,,YANGZHIQU1HAO-13-68%,23122913,15,0.0,120.45265,26.9611,354.3,0,2024-04-24 14:58:58,3024
4777,,,YANGZHIQU1HAO-13-68%,23122913,15,0.0,120.452678,26.961105,67.1,0,2024-04-24 15:11:45,2884
4766,,,YANGZHIQU1HAO-13-68%,23122913,15,0.0,120.452678,26.961105,67.1,0,2024-04-24 15:11:45,2845
5175,,,YANGZHIQU1HAO-13-68%,23122913,15,0.0,120.452678,26.961105,67.1,0,2024-04-24 15:11:45,3097
5020,,,YANGZHIQU1HAO-13-68%,23122913,15,0.0,120.452422,26.961163,315.5,0,2024-04-24 16:18:51,3048
5293,,,YANGZHIQU1HAO-13-68%,23122913,15,0.0,120.452422,26.961163,315.5,0,2024-04-24 16:18:51,3265
5205,,,YANGZHIQU1HAO-13-68%,23122913,15,0.0,120.452422,26.961163,315.5,0,2024-04-24 16:18:51,3206
5233,,,YANGZHIQU1HAO-13-68%,23122913,15,0.0,120.452387,26.961178,228.0,0,2024-04-24 16:28:27,3210
4976,,,YANGZHIQU1HAO-13-68%,23122913,15,0.0,120.452387,26.961178,228.0,0,2024-04-24 16:28:27,3041
4991,,,YANGZHIQU1HAO-13-68%,23122913,15,0.0,120.452387,26.961178,228.0,0,2024-04-24 16:28:27,3062
4745,,,YANGZHIQU1HAO-13-68%,23122913,15,0.0,120.4523,26.961175,65.8,0,2024-04-24 17:06:44,2875
4675,,,YANGZHIQU1HAO-13-68%,23122913,15,0.0,120.4523,26.961175,65.8,0,2024-04-24 17:06:44,2835
5064,,,YANGZHIQU1HAO-13-68%,23122913,15,0.0,120.4523,26.961175,65.8,0,2024-04-24 17:06:44,3107
5457,,,YANGZHIQU1HAO-13-68%,23122913,15,0.0,120.452312,26.961132,159.6,0,2024-04-24 17:25:53,3357
5128,,,YANGZHIQU1HAO-13-68%,23122913,15,0.0,120.452312,26.961132,159.6,0,2024-04-24 17:25:53,3118
5018,,,YANGZHIQU1HAO-13-68%,23122913,15,0.0,120.45226,26.961145,348.7,0,2024-04-24 17:32:16,3077
5082,,,YANGZHIQU1HAO-13-68%,23122913,15,0.0,120.45226,26.961145,348.7,0,2024-04-24 17:32:16,3117
5167,,,YANGZHIQU1HAO-13-68%,23122913,15,0.0,120.45226,26.961145,348.7,0,2024-04-24 17:32:16,3176
5168,,,YANGZHIQU1HAO-13-68%,23122913,15,0.0,120.45231,26.961142,282.6,0,2024-04-24 17:54:37,3180
5305,,,YANGZHIQU1HAO-13-68%,23122913,15,0.0,120.45231,26.961142,282.6,0,2024-04-24 17:54:37,3272
5559,,,YANGZHIQU1HAO-13-68%,23122913,15,0.0,120.45231,26.961142,282.6,0,2024-04-24 17:54:37,3470
5181,,,YANGZHIQU1HAO-13-68%,23122913,15,0.0,120.4523,26.961115,185.9,0,2024-04-24 18:10:36,3239
5698,,,YANGZHIQU1HAO-13-68%,23122913,15,0.0,120.452305,26.961087,171.0,0,2024-04-24 18:13:48,3556
5386,,,YANGZHIQU1HAO-13-68%,23122913,15,0.1,120.452325,26.961055,184.9,0,2024-04-24 18:20:14,3369
5193,,,YANGZHIQU1HAO-13-68%,23122913,15,0.1,120.452325,26.961055,184.9,0,2024-04-24 18:20:14,3220
4637,,,YANGZHIQU1HAO-13-68%,23122913,15,0.0,120.452263,26.961095,307.9,0,2024-04-24 18:26:37,2810
4691,,,YANGZHIQU1HAO-13-68%,23122913,15,0.0,120.452263,26.961095,307.9,0,2024-04-24 18:26:37,2846
4889,,,YANGZHIQU1HAO-13-68%,23122913,15,0.0,120.452262,26.961167,343.4,0,2024-04-24 18:35:49,2947
4803,,,YANGZHIQU1HAO-13-68%,23122913,15,0.0,120.452238,26.961132,240.7,0,2024-04-24 18:41:50,2937
4688,,,YANGZHIQU1HAO-13-68%,23122913,15,0.0,120.452242,26.9611,174.6,0,2024-04-24 18:44:53,2875
4999,,,YANGZHIQU1HAO-13-68%,23122913,15,0.0,120.452242,26.9611,174.6,0,2024-04-24 18:44:53,3119
5197,,,YANGZHIQU1HAO-13-68%,23122913,15,0.0,120.452222,26.961157,347.8,0,2024-04-24 18:53:55,3255
5315,,,YANGZHIQU1HAO-13-68%,23122913,15,0.0,120.452227,26.96116,53.2,0,2024-04-24 18:56:56,3334
5469,,,YANGZHIQU1HAO-13-68%,23122913,15,0.0,120.45229,26.961102,135.9,0,2024-04-24 18:59:57,3472
5255,,,YANGZHIQU1HAO-13-68%,23122913,15,0.1,120.452237,26.961182,329.2,0,2024-04-24 19:02:58,3297
4835,,,YANGZHIQU1HAO-13-68%,23122913,15,0.1,120.452237,26.961182,329.2,0,2024-04-24 19:02:58,3001
5107,,,YANGZHIQU1HAO-13-68%,23122913,15,0.0,120.452257,26.961098,74.3,0,2024-04-24 19:12:02,3212
5209,,,YANGZHIQU1HAO-13-68%,23122913,15,0.0,120.452262,26.961098,90.0,0,2024-04-24 19:15:02,3253
5233,,,YANGZHIQU1HAO-13-68%,23122913,15,0.0,120.452262,26.961088,221.7,0,2024-04-24 19:21:04,3280
5362,,,YANGZHIQU1HAO-13-68%,23122913,15,0.0,120.452277,26.961082,116.5,0,2024-04-24 19:24:05,3347
5562,,,YANGZHIQU1HAO-13-68%,23122913,15,0.0,120.452288,26.961087,64.3,0,2024-04-24 19:27:06,3491
5501,,,YANGZHIQU1HAO-13-68%,23122913,15,0.0,120.452255,26.961052,223.9,0,2024-04-24 19:33:09,3454
5312,,,YANGZHIQU1HAO-13-68%,23122913,15,0.0,120.452255,26.961052,223.9,0,2024-04-24 19:33:09,3334
5082,,,YANGZHIQU1HAO-13-68%,23122913,15,0.0,120.452255,26.961052,223.9,0,2024-04-24 19:33:09,3165
4986,,,YANGZHIQU1HAO-13-68%,23122913,15,0.0,120.45227,26.961067,68.0,0,2024-04-24 19:45:12,3108
4921,,,YANGZHIQU1HAO-13-68%,23122913,15,0.0,120.452275,26.96107,53.2,0,2024-04-24 19:48:14,3071
5332,,,YANGZHIQU1HAO-13-68%,23122913,15,0.0,120.452282,26.96108,48.7,0,2024-04-24 19:54:16,3336
5236,,,YANGZHIQU1HAO-13-68%,23122913,15,0.0,120.452225,26.961062,250.0,0,2024-04-24 19:57:16,3276
5284,,,YANGZHIQU1HAO-13-68%,23122913,15,0.1,120.45234,26.961123,58.9,0,2024-04-24 20:00:17,3313
5469,,,YANGZHIQU1HAO-13-67%,23122913,15,0.1,120.452208,26.96108,249.7,0,2024-04-24 20:03:17,3427
5531,,,YANGZHIQU1HAO-13-68%,23122913,15,0.0,120.452243,26.961057,225.0,0,2024-04-24 20:09:19,3482
5240,,,YANGZHIQU1HAO-13-68%,23122913,15,0.0,120.45224,26.961098,355.9,0,2024-04-24 20:12:21,3293
5411,,,YANGZHIQU1HAO-13-68%,23122913,15,0.0,120.452187,26.961075,294.6,0,2024-04-24 20:18:23,3392
5291,,,YANGZHIQU1HAO-13-68%,23122913,15,0.1,120.452283,26.96108,86.6,0,2024-04-24 20:21:25,3303
5342,,,YANGZHIQU1HAO-13-68%,23122913,15,0.0,120.452248,26.961057,11.2,0,2024-04-24 20:27:25,3337
5295,,,YANGZHIQU1HAO-13-68%,23122913,15,0.0,120.452253,26.961037,167.4,0,2024-04-24 20:30:26,3308
5053,,,YANGZHIQU1HAO-13-68%,23122913,15,0.0,120.452222,26.961052,297.9,0,2024-04-24 20:33:28,3159
5360,,,YANGZHIQU1HAO-13-68%,23122913,15,0.0,120.452243,26.96103,237.3,0,2024-04-24 20:39:31,3367
5272,,,YANGZHIQU1HAO-13-68%,23122913,15,0.0,120.452243,26.96103,237.3,0,2024-04-24 20:39:31,3314
5206,,,YANGZHIQU1HAO-13-68%,23122913,15,0.0,120.452243,26.96103,237.3,0,2024-04-24 20:39:31,3252
5093,,,YANGZHIQU1HAO-13-68%,23122913,15,0.0,120.452257,26.961063,253.3,0,2024-04-24 20:48:32,3171
5013,,,YANGZHIQU1HAO-13-68%,23122913,15,0.0,120.452257,26.961063,253.3,0,2024-04-24 20:48:32,3120
5026,,,YANGZHIQU1HAO-13-68%,23122913,15,0.0,120.452297,26.961043,287.0,0,2024-04-24 20:58:24,3150
5384,,,YANGZHIQU1HAO-13-68%,23122913,15,0.0,120.452297,26.961043,287.0,0,2024-04-24 20:58:24,3371
4812,,,YANGZHIQU1HAO-13-68%,23122913,15,0.0,120.452245,26.961042,41.7,0,2024-04-24 21:04:26,2974
5221,,,YANGZHIQU1HAO-13-68%,23122913,15,0.0,120.452245,26.961042,41.7,0,2024-04-24 21:04:26,3247
5257,,,YANGZHIQU1HAO-13-68%,23122913,15,0.0,120.452245,26.961042,41.7,0,2024-04-24 21:04:26,3297
4997,,,YANGZHIQU1HAO-13-68%,23122913,15,0.0,120.452348,26.960992,183.0,0,2024-04-24 21:19:32,3116
5065,,,YANGZHIQU1HAO-13-68%,23122913,15,0.0,120.45241,26.961017,65.5,0,2024-04-24 21:22:34,3148
4922,,,YANGZHIQU1HAO-13-68%,23122913,15,0.0,120.45241,26.961017,65.5,0,2024-04-24 21:22:34,3050
4910,,,YANGZHIQU1HAO-13-68%,23122913,15,0.0,120.45241,26.961017,65.5,0,2024-04-24 21:22:34,3037
5063,,,YANGZHIQU1HAO-13-68%,23122913,15,0.0,120.452542,26.960993,210.7,0,2024-04-24 21:37:37,3187
5412,,,YANGZHIQU1HAO-13-68%,23122913,15,0.0,120.452422,26.960965,257.8,0,2024-04-24 21:43:42,3428
5561,,,YANGZHIQU1HAO-13-67%,23122913,15,0.1,120.452577,26.961015,70.1,0,2024-04-24 21:46:41,3506
5262,,,YANGZHIQU1HAO-13-68%,23122913,15,0.1,120.452462,26.960952,238.2,0,2024-04-24 21:49:43,3302
5198,,,YANGZHIQU1HAO-13-68%,23122913,15,0.1,120.452462,26.960952,238.2,0,2024-04-24 21:49:43,3226
4877,,,YANGZHIQU1HAO-13-68%,23122913,15,0.0,120.452547,26.960968,85.2,0,2024-04-24 21:58:46,3012
4975,,,YANGZHIQU1HAO-13-68%,23122913,15,0.0,120.452502,26.960982,318.2,0,2024-04-24 22:04:47,3108
5100,,,YANGZHIQU1HAO-13-68%,23122913,15,0.0,120.452502,26.960982,318.2,0,2024-04-24 22:04:47,3185
5446,,,YANGZHIQU1HAO-13-67%,23122913,15,0.0,120.452517,26.960978,62.3,0,2024-04-24 22:10:50,3437
5375,,,YANGZHIQU1HAO-13-67%,23122913,15,0.0,120.452518,26.960988,8.4,0,2024-04-24 22:13:50,3359
5515,,,YANGZHIQU1HAO-13-67%,23122913,15,0.0,120.452518,26.960988,8.4,0,2024-04-24 22:13:50,3495
5302,,,YANGZHIQU1HAO-13-67%,23122913,15,0.0,120.452518,26.960988,8.4,0,2024-04-24 22:13:50,3346
5442,,,YANGZHIQU1HAO-13-67%,23122913,15,0.0,120.452562,26.961025,249.4,0,2024-04-24 22:28:58,3433
5337,,,YANGZHIQU1HAO-13-67%,23122913,15,0.0,120.452562,26.961025,249.4,0,2024-04-24 22:28:58,3395
5357,,,YANGZHIQU1HAO-13-67%,23122913,15,0.1,120.452592,26.961013,264.8,0,2024-04-24 22:35:02,3381
5557,,,YANGZHIQU1HAO-13-67%,23122913,15,0.1,120.452592,26.961013,264.8,0,2024-04-24 22:35:02,3513
5175,,,YANGZHIQU1HAO-13-67%,23122913,15,0.1,120.452592,26.961013,264.8,0,2024-04-24 22:35:02,3269
5152,,,YANGZHIQU1HAO-13-67%,23122913,15,0.0,120.452782,26.960927,306.7,0,2024-04-24 22:50:16,3274
5219,,,YANGZHIQU1HAO-13-67%,23122913,15,0.0,120.452782,26.960927,306.7,0,2024-04-24 22:50:16,3317
5183,,,YANGZHIQU1HAO-13-67%,23122913,15,0.3,120.45277,26.960803,186.0,0,2024-04-24 22:59:16,3258
5261,,,YANGZHIQU1HAO-13-67%,23122913,15,0.3,120.45277,26.960803,186.0,0,2024-04-24 22:59:16,3293
5383,,,YANGZHIQU1HAO-13-67%,23122913,15,0.3,120.45277,26.960803,186.0,0,2024-04-24 22:59:16,3411
4532,,,YANGZHIQU1HAO-13-67%,23122913,15,0.0,120.452558,26.961075,0.0,0,2024-04-24 23:20:18,2822
5082,,,YANGZHIQU1HAO-13-67%,23122913,15,0.0,120.452577,26.961068,112.1,0,2024-04-24 23:23:18,3251
5246,,,YANGZHIQU1HAO-13-67%,23122913,15,0.0,120.452577,26.961068,112.1,0,2024-04-24 23:23:18,3354
5163,,,YANGZHIQU1HAO-13-68%,23122913,15,0.0,120.45256,26.961077,299.2,0,2024-04-24 23:32:21,3299
5441,,,YANGZHIQU1HAO-13-67%,23122913,15,0.0,120.452573,26.961065,134.4,0,2024-04-24 23:35:22,3461
5261,,,YANGZHIQU1HAO-13-67%,23122913,15,0.0,120.452573,26.961065,134.4,0,2024-04-24 23:35:22,3330
5323,,,YANGZHIQU1HAO-13-67%,23122913,15,0.0,120.452573,26.961065,134.4,0,2024-04-24 23:35:22,3373
5285,,,YANGZHIQU1HAO-13-67%,23122913,15,0.0,120.45257,26.961072,0.0,0,2024-04-24 23:50:28,3330
5127,,,YANGZHIQU1HAO-13-67%,23122913,15,0.0,120.45257,26.961072,0.0,0,2024-04-24 23:50:28,3251
5353,,,YANGZHIQU1HAO-13-67%,23122913,15,0.0,120.45257,26.961072,0.0,0,2024-04-24 23:50:28,3428
5305,,,YANGZHIQU1HAO-13-67%,23122913,15,0.0,120.45257,26.961072,0.0,0,2024-04-24 23:50:28,3404
5862,,,YANGZHIQU1HAO-13-67%,23122913,15,0.0,120.452593,26.960995,339.0,0,2024-04-25 02:33:54,3781
5831,,,YANGZHIQU1HAO-13-67%,23122913,15,0.0,120.452603,26.960995,240.7,0,2024-04-25 02:39:56,3773
6074,,,YANGZHIQU1HAO-13-67%,23122913,15,0.0,120.45268,26.960947,125.0,0,2024-04-25 02:45:58,3944
5543,,,YANGZHIQU1HAO-13-67%,23122913,15,0.0,120.45268,26.960947,125.0,0,2024-04-25 02:45:58,3590
5543,,,YANGZHIQU1HAO-13-67%,23122913,15,0.0,120.45268,26.960947,125.0,0,2024-04-25 02:45:58,3574
5391,,,YANGZHIQU1HAO-13-67%,23122913,15,0.0,120.45268,26.960947,125.0,0,2024-04-25 02:45:58,3477
4184,,,YANGZHIQU1HAO-13-67%,23122913,15,0.0,120.452568,26.961068,353.6,0,2024-04-25 03:49:09,2633
3885,,,YANGZHIQU1HAO-13-67%,23122913,15,0.0,120.452563,26.961065,233.2,0,2024-04-25 03:52:10,2434
3998,,,YANGZHIQU1HAO-13-67%,23122913,15,0.0,120.45256,26.961077,339.0,0,2024-04-25 03:58:10,2478
4359,,,YANGZHIQU1HAO-13-67%,23122913,15,0.0,120.45256,26.961077,339.0,0,2024-04-25 03:58:10,2705
4416,,,YANGZHIQU1HAO-13-67%,23122913,15,0.0,120.45256,26.961077,339.0,0,2024-04-25 03:58:10,2777
4540,,,YANGZHIQU1HAO-13-67%,23122913,15,0.0,120.45255,26.96108,0.0,0,2024-04-25 04:10:15,2888
4424,,,YANGZHIQU1HAO-13-67%,23122913,15,0.0,120.452548,26.961092,352.7,0,2024-04-25 04:13:15,2826
4921,,,YANGZHIQU1HAO-13-67%,23122913,15,0.0,120.452542,26.961093,285.6,0,2024-04-25 04:16:16,3184
4733,,,YANGZHIQU1HAO-13-67%,23122913,15,0.0,120.452533,26.961088,236.0,0,2024-04-25 04:19:19,3068
5035,,,YANGZHIQU1HAO-13-67%,23122913,15,0.0,120.452533,26.961088,236.0,0,2024-04-25 04:19:19,3258
4674,,,YANGZHIQU1HAO-13-67%,23122913,15,0.0,120.452533,26.961088,236.0,0,2024-04-25 04:19:19,2995
5688,,,YANGZHIQU1HAO-13-67%,23122913,15,0.0,120.452468,26.9611,303.9,0,2024-04-25 04:46:26,3762
6094,,,YANGZHIQU1HAO-13-67%,23122913,15,0.0,120.452468,26.9611,303.9,0,2024-04-25 04:46:26,4049
5671,,,YANGZHIQU1HAO-13-67%,23122913,15,0.0,120.452468,26.9611,303.9,0,2024-04-25 04:46:26,3769
5196,,,YANGZHIQU1HAO-13-67%,23122913,15,0.0,120.452415,26.961092,199.6,0,2024-04-25 05:28:37,3460
5693,,,YANGZHIQU1HAO-13-67%,23122913,15,0.0,120.452415,26.961092,199.6,0,2024-04-25 05:28:37,3812
6248,,,YANGZHIQU1HAO-13-67%,23122913,15,0.0,120.452415,26.961092,199.6,0,2024-04-25 05:28:37,4234
5500,,,YANGZHIQU1HAO-13-67%,23122913,15,0.0,120.45235,26.961075,194.2,0,2024-04-25 05:47:33,3699
5861,,,YANGZHIQU1HAO-13-67%,23122913,15,0.0,120.45235,26.961075,194.2,0,2024-04-25 05:47:33,3932
6019,,,YANGZHIQU1HAO-13-67%,23122913,15,0.0,120.45235,26.961075,194.2,0,2024-04-25 05:47:33,4062
5343,,,YANGZHIQU1HAO-13-67%,23122913,15,0.0,120.452288,26.961037,190.1,0,2024-04-25 07:23:10,3478
5282,,,YANGZHIQU1HAO-13-67%,23122913,15,0.0,120.452288,26.961037,190.1,0,2024-04-25 07:23:10,3465
5330,,,YANGZHIQU1HAO-13-67%,23122913,15,0.0,120.452288,26.961037,190.1,0,2024-04-25 07:23:10,3481
5601,,,YANGZHIQU1HAO-13-66%,23122913,15,0.0,120.45228,26.961017,240.7,0,2024-04-25 07:45:35,3646
5626,,,YANGZHIQU1HAO-13-66%,23122913,15,0.0,120.45228,26.961017,240.7,0,2024-04-25 07:45:35,3657
5788,,,YANGZHIQU1HAO-13-67%,23122913,15,0.0,120.452285,26.961017,41.7,0,2024-04-25 07:51:59,3795
5746,,,YANGZHIQU1HAO-13-67%,23122913,15,0.0,120.452285,26.961017,41.7,0,2024-04-25 07:51:59,3771
5710,,,YANGZHIQU1HAO-13-67%,23122913,15,0.0,120.452285,26.961002,204.0,0,2024-04-25 08:01:35,3718
5572,,,YANGZHIQU1HAO-13-67%,23122913,15,0.0,120.452285,26.961002,204.0,0,2024-04-25 08:01:35,3607
5422,,,YANGZHIQU1HAO-13-67%,23122913,15,0.0,120.452285,26.961002,204.0,0,2024-04-25 08:01:35,3479
5676,,,YANGZHIQU1HAO-13-66%,23122913,15,0.0,120.452293,26.960987,16.5,0,2024-04-25 08:33:32,3686
5804,,,YANGZHIQU1HAO-13-66%,23122913,15,0.0,120.452293,26.960987,16.5,0,2024-04-25 08:33:32,3786
5776,,,YANGZHIQU1HAO-13-66%,23122913,15,0.0,120.452293,26.960987,16.5,0,2024-04-25 08:33:32,3765
5649,,,YANGZHIQU1HAO-13-66%,23122913,15,0.0,120.452272,26.960957,221.7,0,2024-04-25 08:49:33,3653
6069,,,YANGZHIQU1HAO-13-66%,23122913,15,0.0,120.452267,26.960955,221.7,0,2024-04-25 08:55:54,3944
5649,,,YANGZHIQU1HAO-13-66%,23122913,15,0.0,120.452267,26.960955,221.7,0,2024-04-25 08:55:54,3631
5764,,,YANGZHIQU1HAO-13-66%,23122913,15,0.0,120.452267,26.960955,221.7,0,2024-04-25 08:55:54,3724
5491,,,YANGZHIQU1HAO-13-66%,23122913,15,0.0,120.452253,26.960932,244.3,0,2024-04-25 09:05:29,3534
5785,,,YANGZHIQU1HAO-13-67%,23122913,15,0.0,120.45226,26.960925,138.2,0,2024-04-25 09:08:41,3721
6068,,,YANGZHIQU1HAO-13-66%,23122913,15,0.0,120.452292,26.960925,45.5,0,2024-04-25 09:15:05,3933
5740,,,YANGZHIQU1HAO-13-66%,23122913,15,0.0,120.452292,26.960925,45.5,0,2024-04-25 09:15:05,3705
5544,,,YANGZHIQU1HAO-13-66%,23122913,15,0.0,120.452327,26.960955,28.7,0,2024-04-25 09:24:40,3550
5427,,,YANGZHIQU1HAO-13-67%,23122913,15,0.0,120.452357,26.960955,89.9,0,2024-04-25 09:27:52,3470
5569,,,YANGZHIQU1HAO-13-67%,23122913,15,0.0,120.452357,26.960955,89.9,0,2024-04-25 09:27:52,3564
5533,,,YANGZHIQU1HAO-13-67%,23122913,15,0.0,120.452357,26.960955,89.9,0,2024-04-25 09:27:52,3527
5198,,,YANGZHIQU1HAO-13-66%,23122913,15,0.0,120.45246,26.960938,90.0,0,2024-04-25 09:50:15,3258
5209,,,YANGZHIQU1HAO-13-66%,23122913,15,0.0,120.45246,26.960938,90.0,0,2024-04-25 09:50:15,3242
5628,,,YANGZHIQU1HAO-13-66%,23122913,15,0.0,120.45246,26.960938,90.0,0,2024-04-25 09:50:15,3561
5615,,,YANGZHIQU1HAO-13-67%,23122913,15,0.0,120.452472,26.960955,90.0,0,2024-04-25 10:03:03,3551
5539,,,YANGZHIQU1HAO-13-67%,23122913,15,0.0,120.452472,26.960955,90.0,0,2024-04-25 10:03:03,3493
5380,,,YANGZHIQU1HAO-13-67%,23122913,15,0.0,120.452472,26.960955,90.0,0,2024-04-25 10:03:03,3394
5559,,,YANGZHIQU1HAO-13-66%,23122913,15,0.0,120.452508,26.960937,111.8,0,2024-04-25 10:15:50,3529
5239,,,YANGZHIQU1HAO-13-66%,23122913,15,0.0,120.452477,26.960928,253.5,0,2024-04-25 10:19:02,3345
4998,,,YANGZHIQU1HAO-13-66%,23122913,15,0.0,120.452477,26.960928,253.5,0,2024-04-25 10:19:02,3175
5311,,,YANGZHIQU1HAO-13-66%,23122913,15,0.0,120.452473,26.96094,256.2,0,2024-04-25 10:28:34,3370
5418,,,YANGZHIQU1HAO-13-66%,23122913,15,0.0,120.452523,26.960958,67.6,0,2024-04-25 10:31:45,3455
5529,,,YANGZHIQU1HAO-13-66%,23122913,15,0.0,120.452523,26.960958,67.6,0,2024-04-25 10:31:45,3515
5475,,,YANGZHIQU1HAO-13-66%,23122913,15,0.0,120.452528,26.960862,318.2,0,2024-04-25 10:41:21,3430
5577,,,YANGZHIQU1HAO-13-66%,23122913,15,0.0,120.452528,26.960862,318.2,0,2024-04-25 10:41:21,3505
5941,,,YANGZHIQU1HAO-13-66%,23122913,15,0.0,120.452528,26.960862,318.2,0,2024-04-25 10:41:21,3760
6121,,,YANGZHIQU1HAO-13-67%,23122913,15,0.0,120.45252,26.960842,291.8,0,2024-04-25 10:54:03,3916
5719,,,YANGZHIQU1HAO-13-67%,23122913,15,0.0,120.45252,26.960842,291.8,0,2024-04-25 10:54:03,3628
5724,,,YANGZHIQU1HAO-13-67%,23122913,15,0.0,120.45252,26.960842,291.8,0,2024-04-25 10:54:03,3637
5615,,,YANGZHIQU1HAO-13-66%,23122913,15,0.0,120.45258,26.961017,167.4,0,2024-04-25 13:11:31,3660
5512,,,YANGZHIQU1HAO-13-66%,23122913,15,0.0,120.452587,26.961027,30.7,0,2024-04-25 13:14:43,3553
5818,,,YANGZHIQU1HAO-13-66%,23122913,15,0.0,120.452587,26.961027,30.7,0,2024-04-25 13:14:43,3791
5814,,,YANGZHIQU1HAO-13-66%,23122913,15,0.0,120.452587,26.961027,30.7,0,2024-04-25 13:14:43,3779
6060,,,YANGZHIQU1HAO-13-65%,23122913,15,0.0,120.452252,26.961138,279.1,0,2024-04-25 18:30:54,4088
5895,,,YANGZHIQU1HAO-13-65%,23122913,15,0.0,120.452252,26.961138,279.1,0,2024-04-25 18:30:54,3964
6032,,,YANGZHIQU1HAO-13-65%,23122913,15,0.0,120.452252,26.961138,279.1,0,2024-04-25 18:30:54,4072
5746,,,YANGZHIQU1HAO-13-65%,23122913,15,0.0,120.452235,26.961117,190.1,0,2024-04-25 19:55:19,3869
5944,,,YANGZHIQU1HAO-13-65%,23122913,15,0.0,120.452235,26.961117,190.1,0,2024-04-25 19:55:19,4027
5743,,,YANGZHIQU1HAO-13-65%,23122913,15,0.0,120.452227,26.961102,343.4,0,2024-04-25 20:01:19,3873
6011,,,YANGZHIQU1HAO-13-65%,23122913,15,0.0,120.452227,26.961102,343.4,0,2024-04-25 20:01:19,4063
5497,,,YANGZHIQU1HAO-13-65%,23122913,15,0.0,120.452227,26.961102,343.4,0,2024-04-25 20:01:19,3659
5675,,,YANGZHIQU1HAO-13-65%,23122913,15,0.0,120.452305,26.960962,270.0,0,2024-04-25 21:53:35,3725
5640,,,YANGZHIQU1HAO-13-65%,23122913,15,0.0,120.452305,26.960962,270.0,0,2024-04-25 21:53:35,3730
5477,,,YANGZHIQU1HAO-13-65%,23122913,15,0.0,120.452305,26.960962,270.0,0,2024-04-25 21:53:35,3623
5741,,,YANGZHIQU1HAO-13-65%,23122913,15,0.0,120.45251,26.960957,221.7,0,2024-04-25 22:17:43,3859
5594,,,YANGZHIQU1HAO-13-65%,23122913,15,0.0,120.45251,26.960957,221.7,0,2024-04-25 22:17:43,3736
5939,,,YANGZHIQU1HAO-13-65%,23122913,15,0.0,120.452537,26.960952,128.7,0,2024-04-25 22:23:44,3994
5625,,,YANGZHIQU1HAO-13-65%,23122913,15,0.0,120.452537,26.960952,128.7,0,2024-04-25 22:23:44,3779
5457,,,YANGZHIQU1HAO-13-65%,23122913,15,0.0,120.452537,26.960952,128.7,0,2024-04-25 22:23:44,3656
5414,,,YANGZHIQU1HAO-13-65%,23122913,15,0.0,120.452555,26.961057,110.5,0,2024-04-25 23:09:01,3618
5594,,,YANGZHIQU1HAO-13-65%,23122913,15,0.0,120.452555,26.961057,110.5,0,2024-04-25 23:09:01,3746
5639,,,YANGZHIQU1HAO-13-65%,23122913,15,0.0,120.452555,26.961057,110.5,0,2024-04-25 23:09:01,3758
5703,,,YANGZHIQU1HAO-13-65%,23122913,15,0.0,120.45254,26.961003,221.7,0,2024-04-25 23:21:06,3820
5847,,,YANGZHIQU1HAO-13-65%,23122913,15,0.0,120.452543,26.961005,0.0,0,2024-04-25 23:27:07,3946
5732,,,YANGZHIQU1HAO-13-65%,23122913,15,0.0,120.45255,26.961008,60.7,0,2024-04-25 23:30:09,3839
5884,,,YANGZHIQU1HAO-13-65%,23122913,15,0.0,120.45255,26.961008,60.7,0,2024-04-25 23:30:09,3940
5703,,,YANGZHIQU1HAO-13-65%,23122913,15,0.0,120.452558,26.961022,69.4,0,2024-04-25 23:39:10,3846
5681,,,YANGZHIQU1HAO-13-65%,23122913,15,0.0,120.452553,26.96102,249.4,0,2024-04-25 23:42:12,3809
5688,,,YANGZHIQU1HAO-13-65%,23122913,15,0.0,120.452555,26.961027,12.5,0,2024-04-25 23:45:14,3821
4948,,,YANGZHIQU1HAO-13-65%,23122913,15,0.0,120.452555,26.961027,12.5,0,2024-04-25 23:45:14,3263
4250,,,YANGZHIQU1HAO-13-65%,23122913,15,0.0,120.452555,26.961027,12.5,0,2024-04-25 23:45:14,2788
4597,,,YANGZHIQU1HAO-13-65%,23122913,15,0.0,120.452565,26.961027,41.7,0,2024-04-26 00:03:18,3001
5263,,,YANGZHIQU1HAO-13-65%,23122913,15,0.0,120.452565,26.961027,41.7,0,2024-04-26 00:03:18,3477
5476,,,YANGZHIQU1HAO-13-65%,23122913,15,0.0,120.452573,26.961038,180.0,0,2024-04-26 00:09:21,3642
5690,,,YANGZHIQU1HAO-13-65%,23122913,15,0.0,120.452583,26.961058,24.0,0,2024-04-26 00:12:22,3806
5521,,,YANGZHIQU1HAO-13-64%,23122913,15,0.0,120.452582,26.961067,324.5,0,2024-04-26 00:18:23,3686
5511,,,YANGZHIQU1HAO-13-65%,23122913,15,0.0,120.452583,26.961057,171.5,0,2024-04-26 00:21:25,3664
5623,,,YANGZHIQU1HAO-13-65%,23122913,15,0.0,120.452583,26.961057,171.5,0,2024-04-26 00:21:25,3725
5516,,,YANGZHIQU1HAO-13-65%,23122913,15,0.0,120.452583,26.961057,171.5,0,2024-04-26 00:21:25,3632
5522,,,YANGZHIQU1HAO-13-65%,23122913,15,0.0,120.452575,26.961028,221.7,0,2024-04-26 01:00:34,3634
5315,,,YANGZHIQU1HAO-13-65%,23122913,15,0.0,120.452575,26.961028,221.7,0,2024-04-26 01:00:34,3507
5227,,,YANGZHIQU1HAO-13-65%,23122913,15,0.0,120.452575,26.961028,221.7,0,2024-04-26 01:00:34,3469
5318,,,YANGZHIQU1HAO-13-65%,23122913,15,0.0,120.452568,26.961005,259.4,0,2024-04-26 01:45:43,3486
5287,,,YANGZHIQU1HAO-13-65%,23122913,15,0.0,120.452568,26.961005,259.4,0,2024-04-26 01:45:43,3452
5412,,,YANGZHIQU1HAO-13-65%,23122913,15,0.0,120.452568,26.961005,259.4,0,2024-04-26 01:45:43,3551
5440,,,YANGZHIQU1HAO-13-64%,23122913,15,0.0,120.452578,26.960983,196.5,0,2024-04-26 02:00:47,3586
5378,,,YANGZHIQU1HAO-13-64%,23122913,15,0.0,120.452578,26.960983,196.5,0,2024-04-26 02:00:47,3557
5526,,,YANGZHIQU1HAO-13-64%,23122913,15,0.0,120.452578,26.960983,196.5,0,2024-04-26 02:00:47,3649
5685,,,YANGZHIQU1HAO-13-64%,23122913,15,0.0,120.452642,26.960992,119.2,0,2024-04-26 03:10:08,3757
5375,,,YANGZHIQU1HAO-13-64%,23122913,15,0.0,120.452627,26.960993,277.1,0,2024-04-26 03:13:10,3551
5363,,,YANGZHIQU1HAO-13-64%,23122913,15,0.0,120.452627,26.960993,277.1,0,2024-04-26 03:13:10,3590
5487,,,YANGZHIQU1HAO-13-64%,23122913,15,0.0,120.452627,26.960993,277.1,0,2024-04-26 03:13:10,3683
6069,,,YANGZHIQU1HAO-13-64%,23122913,15,0.0,120.452758,26.96097,0.0,0,2024-04-26 03:43:20,4090
5943,,,YANGZHIQU1HAO-13-64%,23122913,15,0.0,120.452758,26.96097,0.0,0,2024-04-26 03:43:20,4015
5950,,,YANGZHIQU1HAO-13-64%,23122913,15,0.0,120.452758,26.96097,0.0,0,2024-04-26 03:43:20,4011
6015,,,YANGZHIQU1HAO-13-64%,23122913,15,0.0,120.452578,26.961042,0.0,0,2024-04-26 04:19:30,4066
5812,,,YANGZHIQU1HAO-13-64%,23122913,15,0.0,120.452578,26.961042,0.0,0,2024-04-26 04:19:30,3944
5872,,,YANGZHIQU1HAO-13-64%,23122913,15,0.0,120.452578,26.961042,0.0,0,2024-04-26 04:19:30,3993
5797,,,YANGZHIQU1HAO-13-64%,23122913,15,0.0,120.45254,26.961078,210.7,0,2024-04-26 04:46:37,3930
5966,,,YANGZHIQU1HAO-13-64%,23122913,15,0.0,120.45254,26.961078,210.7,0,2024-04-26 04:46:37,4062
6168,,,YANGZHIQU1HAO-13-64%,23122913,15,0.0,120.45254,26.961078,210.7,0,2024-04-26 04:46:37,4175
6011,,,YANGZHIQU1HAO-13-64%,23122913,15,0.0,120.452465,26.961102,244.3,0,2024-04-26 05:13:41,4101
6060,,,YANGZHIQU1HAO-13-64%,23122913,15,0.0,120.452465,26.961102,244.3,0,2024-04-26 05:13:41,4162
6019,,,YANGZHIQU1HAO-13-64%,23122913,15,0.0,120.452465,26.961102,244.3,0,2024-04-26 05:13:41,4126
6061,,,YANGZHIQU1HAO-13-64%,23122913,15,0.0,120.452465,26.961102,244.3,0,2024-04-26 05:13:41,4148
5274,,,YANGZHIQU1HAO-13-63%,23122913,15,0.0,120.452407,26.961112,280.5,0,2024-04-26 05:38:36,3614
5819,,,YANGZHIQU1HAO-13-63%,23122913,15,0.0,120.452407,26.961112,280.5,0,2024-04-26 05:38:36,3993
5856,,,YANGZHIQU1HAO-13-63%,23122913,15,0.0,120.452407,26.961112,280.5,0,2024-04-26 05:38:36,4022
5724,,,YANGZHIQU1HAO-13-63%,23122913,15,0.0,120.452407,26.961112,280.5,0,2024-04-26 05:38:36,3922
6332,,,YANGZHIQU1HAO-13-64%,23122913,15,0.0,120.452357,26.961108,210.7,0,2024-04-26 06:10:28,4348
5935,,,YANGZHIQU1HAO-13-64%,23122913,15,0.0,120.452357,26.961108,210.7,0,2024-04-26 06:10:28,4088
6148,,,YANGZHIQU1HAO-13-64%,23122913,15,0.0,120.452357,26.961108,210.7,0,2024-04-26 06:10:28,4223
5848,,,YANGZHIQU1HAO-13-64%,23122913,15,0.0,120.45232,26.961058,149.2,0,2024-04-26 07:26:47,3986
5892,,,YANGZHIQU1HAO-13-64%,23122913,15,0.0,120.45232,26.961058,149.2,0,2024-04-26 07:26:47,4043
5737,,,YANGZHIQU1HAO-13-64%,23122913,15,0.0,120.452323,26.961075,333.0,0,2024-04-26 07:33:57,3930
5773,,,YANGZHIQU1HAO-13-64%,23122913,15,0.0,120.452323,26.961075,333.0,0,2024-04-26 07:33:57,3923
5828,,,YANGZHIQU1HAO-13-64%,23122913,15,0.0,120.452323,26.961075,333.0,0,2024-04-26 07:33:57,3948
6193,,,YANGZHIQU1HAO-13-63%,23122913,15,0.0,120.452313,26.961022,207.4,0,2024-04-26 07:46:44,4217
6381,,,YANGZHIQU1HAO-13-63%,23122913,15,0.0,120.452313,26.961022,207.4,0,2024-04-26 07:46:44,4356
6069,,,YANGZHIQU1HAO-13-63%,23122913,15,0.0,120.452352,26.961018,44.4,0,2024-04-26 07:56:19,4109
5788,,,YANGZHIQU1HAO-13-63%,23122913,15,0.0,120.452352,26.961018,44.4,0,2024-04-26 07:56:19,3921
5613,,,YANGZHIQU1HAO-13-63%,23122913,15,0.0,120.452352,26.961018,44.4,0,2024-04-26 07:56:19,3787
6123,,,YANGZHIQU1HAO-13-64%,23122913,15,0.1,120.452155,26.961138,313.0,0,2024-04-26 08:12:18,4141
5973,,,YANGZHIQU1HAO-13-63%,23122913,15,0.0,120.452135,26.961165,326.2,0,2024-04-26 08:15:30,4031
6617,,,YANGZHIQU1HAO-13-63%,23122913,15,0.0,120.452135,26.961165,326.2,0,2024-04-26 08:15:30,4474
5924,,,YANGZHIQU1HAO-13-63%,23122913,15,0.0,120.452135,26.961165,326.2,0,2024-04-26 08:15:30,3993
6375,,,YANGZHIQU1HAO-13-63%,23122913,15,0.0,120.452297,26.96103,343.4,0,2024-04-26 08:34:38,4306
6305,,,YANGZHIQU1HAO-13-63%,23122913,15,0.0,120.452297,26.96103,343.4,0,2024-04-26 08:34:38,4248
6636,,,YANGZHIQU1HAO-13-63%,23122913,15,0.0,120.452297,26.96103,343.4,0,2024-04-26 08:34:38,4517
6301,,,YANGZHIQU1HAO-13-63%,23122913,15,0.0,120.452297,26.96103,343.4,0,2024-04-26 08:34:38,4248
5152,,,YANGZHIQU1HAO-13-64%,23122913,15,0.0,120.452308,26.960995,138.2,0,2024-04-26 08:56:59,3434
5743,,,YANGZHIQU1HAO-13-64%,23122913,15,0.0,120.452308,26.960995,138.2,0,2024-04-26 08:56:59,3856
5805,,,YANGZHIQU1HAO-13-64%,23122913,15,0.0,120.452308,26.960995,138.2,0,2024-04-26 08:56:59,3881
5968,,,YANGZHIQU1HAO-13-63%,23122913,15,0.0,120.452275,26.960972,221.7,0,2024-04-26 09:12:59,4021
5985,,,YANGZHIQU1HAO-13-63%,23122913,15,0.0,120.452287,26.96096,138.2,0,2024-04-26 09:16:11,4013
6043,,,YANGZHIQU1HAO-13-63%,23122913,15,0.0,120.452292,26.960972,60.7,0,2024-04-26 09:22:35,4072
6070,,,YANGZHIQU1HAO-13-63%,23122913,15,0.0,120.452292,26.960972,60.7,0,2024-04-26 09:22:35,4070
6048,,,YANGZHIQU1HAO-13-63%,23122913,15,0.0,120.452278,26.960965,238.0,0,2024-04-26 09:28:59,4079
6097,,,YANGZHIQU1HAO-13-63%,23122913,15,0.0,120.452292,26.960965,89.9,0,2024-04-26 09:32:11,4107
6100,,,YANGZHIQU1HAO-13-63%,23122913,15,0.0,120.452292,26.960965,89.9,0,2024-04-26 09:32:11,4104
6103,,,YANGZHIQU1HAO-13-63%,23122913,15,0.0,120.452292,26.960965,89.9,0,2024-04-26 09:32:11,4100
6216,,,YANGZHIQU1HAO-13-63%,23122913,15,0.0,120.452283,26.960942,163.4,0,2024-04-26 09:45:01,4166
5980,,,YANGZHIQU1HAO-13-63%,23122913,15,0.0,120.452283,26.960942,163.4,0,2024-04-26 09:45:01,4001
6020,,,YANGZHIQU1HAO-13-63%,23122913,15,0.0,120.452283,26.960942,163.4,0,2024-04-26 09:45:01,4028
6379,,,YANGZHIQU1HAO-13-63%,23122913,15,0.0,120.45247,26.960992,41.7,0,2024-04-26 10:07:24,4274
6718,,,YANGZHIQU1HAO-13-63%,23122913,15,0.0,120.45247,26.960992,41.7,0,2024-04-26 10:07:24,4521
6152,,,YANGZHIQU1HAO-13-63%,23122913,15,0.0,120.45247,26.960992,41.7,0,2024-04-26 10:07:24,4127
6295,,,YANGZHIQU1HAO-13-63%,23122913,15,0.0,120.452563,26.960993,66.0,0,2024-04-26 10:20:12,4209
6244,,,YANGZHIQU1HAO-13-63%,23122913,15,0.0,120.452502,26.960967,244.1,0,2024-04-26 10:23:24,4195
5965,,,YANGZHIQU1HAO-13-63%,23122913,15,0.0,120.452502,26.960967,244.1,0,2024-04-26 10:23:24,4002
6212,,,YANGZHIQU1HAO-13-63%,23122913,15,0.0,120.452533,26.960997,97.9,0,2024-04-26 10:29:48,4178
6091,,,YANGZHIQU1HAO-13-63%,23122913,15,0.0,120.452533,26.960997,97.9,0,2024-04-26 10:29:48,4081
6575,,,YANGZHIQU1HAO-13-63%,23122913,15,0.0,120.452525,26.960975,56.0,0,2024-04-26 10:39:27,4452
6036,,,YANGZHIQU1HAO-13-63%,23122913,15,0.0,120.452525,26.960975,0.0,0,2024-04-26 10:42:39,4047
6111,,,YANGZHIQU1HAO-13-63%,23122913,15,0.0,120.452533,26.960962,105.6,0,2024-04-26 10:49:01,4063
6124,,,YANGZHIQU1HAO-13-63%,23122913,15,0.0,120.452527,26.960972,329.2,0,2024-04-26 10:52:13,4089
6108,,,YANGZHIQU1HAO-13-63%,23122913,15,0.0,120.452528,26.960967,163.4,0,2024-04-26 10:55:25,4033
5917,,,YANGZHIQU1HAO-13-63%,23122913,15,0.0,120.452522,26.960965,254.3,0,2024-04-26 10:58:37,3924
5999,,,YANGZHIQU1HAO-13-63%,23122913,15,0.0,120.452518,26.960952,202.0,0,2024-04-26 11:05:00,3968
5942,,,YANGZHIQU1HAO-13-63%,23122913,15,0.0,120.452518,26.960952,202.0,0,2024-04-26 11:05:00,3934
6232,,,YANGZHIQU1HAO-13-63%,23122913,15,0.0,120.452537,26.960993,36.1,0,2024-04-26 11:11:24,4151
5973,,,YANGZHIQU1HAO-13-63%,23122913,15,0.0,120.452537,26.961003,0.0,0,2024-04-26 11:14:38,3978
6227,,,YANGZHIQU1HAO-13-63%,23122913,15,0.0,120.452565,26.960993,111.6,0,2024-04-26 11:17:49,4153
6648,,,YANGZHIQU1HAO-13-63%,23122913,15,0.0,120.452532,26.961015,337.9,0,2024-04-26 11:24:13,4452
6142,,,YANGZHIQU1HAO-13-63%,23122913,15,0.0,120.452532,26.961015,337.9,0,2024-04-26 11:24:13,4085
6227,,,YANGZHIQU1HAO-13-63%,23122913,15,0.0,120.45252,26.961015,140.5,0,2024-04-26 11:33:51,4139
6241,,,YANGZHIQU1HAO-13-63%,23122913,15,0.0,120.452493,26.961027,296.1,0,2024-04-26 11:37:04,4143
5789,,,YANGZHIQU1HAO-13-63%,23122913,15,0.0,120.452487,26.96105,345.7,0,2024-04-26 11:40:16,3826
5897,,,YANGZHIQU1HAO-13-63%,23122913,15,0.0,120.452472,26.961005,196.5,0,2024-04-26 11:43:26,3902
5998,,,YANGZHIQU1HAO-13-63%,23122913,15,0.1,120.452573,26.961037,70.7,0,2024-04-26 11:46:38,3997
6125,,,YANGZHIQU1HAO-13-63%,23122913,15,0.1,120.452447,26.961105,297.2,0,2024-04-26 11:53:01,4088
5921,,,YANGZHIQU1HAO-13-63%,23122913,15,0.0,120.452428,26.961112,292.1,0,2024-04-26 11:56:14,3924
6030,,,YANGZHIQU1HAO-13-63%,23122913,15,0.0,120.452428,26.961112,292.1,0,2024-04-26 11:56:14,4025
6311,,,YANGZHIQU1HAO-13-63%,23122913,15,0.1,120.452565,26.96104,116.0,0,2024-04-26 12:02:56,4226
6210,,,YANGZHIQU1HAO-13-63%,23122913,15,0.0,120.452567,26.961038,308.1,0,2024-04-26 12:08:57,4184
6105,,,YANGZHIQU1HAO-13-63%,23122913,15,0.0,120.452567,26.961038,308.1,0,2024-04-26 12:08:57,4067
6199,,,YANGZHIQU1HAO-13-63%,23122913,15,0.0,120.452585,26.961022,134.1,0,2024-04-26 12:15:22,4120
6100,,,YANGZHIQU1HAO-13-63%,23122913,15,0.0,120.452585,26.961022,134.1,0,2024-04-26 12:15:22,4044
5887,,,YANGZHIQU1HAO-13-63%,23122913,15,0.0,120.452563,26.961043,318.2,0,2024-04-26 12:25:46,3909
6091,,,YANGZHIQU1HAO-13-63%,23122913,15,0.0,120.452563,26.961043,318.2,0,2024-04-26 12:25:46,4039
6116,,,YANGZHIQU1HAO-13-63%,23122913,15,0.0,120.452583,26.96104,77.3,0,2024-04-26 12:32:08,4054
5918,,,YANGZHIQU1HAO-13-63%,23122913,15,0.0,120.452583,26.96104,77.3,0,2024-04-26 12:32:08,3920
5827,,,YANGZHIQU1HAO-13-63%,23122913,15,0.0,120.452583,26.96104,77.3,0,2024-04-26 12:32:08,3828
5890,,,YANGZHIQU1HAO-13-63%,23122913,15,0.0,120.452632,26.96096,155.9,0,2024-04-26 12:51:19,3849
5947,,,YANGZHIQU1HAO-13-63%,23122913,15,0.0,120.452632,26.96096,155.9,0,2024-04-26 12:51:19,3923
5829,,,YANGZHIQU1HAO-13-63%,23122913,15,0.0,120.452632,26.96096,155.9,0,2024-04-26 12:51:19,3813
6129,,,YANGZHIQU1HAO-13-63%,23122913,15,0.0,120.45247,26.961087,198.4,0,2024-04-26 13:16:57,4052
5989,,,YANGZHIQU1HAO-13-63%,23122913,15,0.0,120.45247,26.961087,198.4,0,2024-04-26 13:16:57,3987
5929,,,YANGZHIQU1HAO-13-63%,23122913,15,0.0,120.45247,26.961087,198.4,0,2024-04-26 13:16:57,3920
5751,,,YANGZHIQU1HAO-13-60%,23122913,15,0.0,120.452572,26.960998,180.0,0,2024-04-27 02:24:11,3737
5371,,,YANGZHIQU1HAO-13-60%,23122913,15,0.0,120.452572,26.960998,180.0,0,2024-04-27 02:24:11,3494
5480,,,YANGZHIQU1HAO-13-60%,23122913,15,0.0,120.452573,26.960998,49.9,0,2024-04-27 02:33:15,3579
5419,,,YANGZHIQU1HAO-13-60%,23122913,15,0.0,120.452572,26.961017,168.7,0,2024-04-27 02:39:16,3549
6042,,,YANGZHIQU1HAO-13-60%,23122913,15,0.0,120.452573,26.961018,41.7,0,2024-04-27 02:42:17,3975
5524,,,YANGZHIQU1HAO-13-60%,23122913,15,0.0,120.452573,26.961018,41.7,0,2024-04-27 02:42:17,3627
5437,,,YANGZHIQU1HAO-13-60%,23122913,15,0.0,120.452573,26.961018,41.7,0,2024-04-27 02:42:17,3566
5475,,,YANGZHIQU1HAO-13-60%,23122913,15,0.2,120.452462,26.960962,243.7,0,2024-04-27 02:54:23,3624
5870,,,YANGZHIQU1HAO-13-60%,23122913,15,0.2,120.452462,26.960962,243.7,0,2024-04-27 02:54:23,3906
5704,,,YANGZHIQU1HAO-13-60%,23122913,15,0.0,120.452447,26.960952,223.8,0,2024-04-27 03:00:24,3777
5860,,,YANGZHIQU1HAO-13-60%,23122913,15,0.0,120.452447,26.960952,223.8,0,2024-04-27 03:00:24,3872
5764,,,YANGZHIQU1HAO-13-60%,23122913,15,0.0,120.452447,26.960952,223.8,0,2024-04-27 03:00:24,3812
5557,,,YANGZHIQU1HAO-13-60%,23122913,15,0.0,120.452543,26.960993,269.9,0,2024-04-27 03:33:31,3690
5656,,,YANGZHIQU1HAO-13-60%,23122913,15,0.0,120.452543,26.960993,269.9,0,2024-04-27 03:33:31,3783
5983,,,YANGZHIQU1HAO-13-60%,23122913,15,0.0,120.452577,26.961,83.5,0,2024-04-27 03:42:32,4016
5703,,,YANGZHIQU1HAO-13-60%,23122913,15,0.0,120.452577,26.961,83.5,0,2024-04-27 03:42:32,3795
5824,,,YANGZHIQU1HAO-13-60%,23122913,15,0.0,120.452577,26.961,83.5,0,2024-04-27 03:42:32,3893
5608,,,YANGZHIQU1HAO-13-60%,23122913,15,0.0,120.452582,26.961,41.7,0,2024-04-27 04:06:38,3766
5729,,,YANGZHIQU1HAO-13-60%,23122913,15,0.0,120.452582,26.961,41.7,0,2024-04-27 04:06:38,3847
5997,,,YANGZHIQU1HAO-13-60%,23122913,15,0.0,120.452573,26.960987,318.2,0,2024-04-27 04:15:40,4043
6108,,,YANGZHIQU1HAO-13-60%,23122913,15,0.0,120.452587,26.961017,21.6,0,2024-04-27 04:18:40,4104
5662,,,YANGZHIQU1HAO-13-60%,23122913,15,0.0,120.45258,26.961013,256.0,0,2024-04-27 04:24:41,3816
5810,,,YANGZHIQU1HAO-13-60%,23122913,15,0.0,120.452573,26.961013,269.9,0,2024-04-27 04:27:41,3926
5723,,,YANGZHIQU1HAO-13-60%,23122913,15,0.0,120.452573,26.961013,269.9,0,2024-04-27 04:27:41,3870
5800,,,YANGZHIQU1HAO-13-60%,23122913,15,0.0,120.45258,26.961022,41.7,0,2024-04-27 04:33:49,3934
5804,,,YANGZHIQU1HAO-13-60%,23122913,15,0.0,120.45258,26.961022,41.7,0,2024-04-27 04:33:49,3925
5944,,,YANGZHIQU1HAO-13-60%,23122913,15,0.0,120.452585,26.96103,3.1,0,2024-04-27 04:42:46,4008
5833,,,YANGZHIQU1HAO-13-60%,23122913,15,0.0,120.452618,26.96103,85.4,0,2024-04-27 04:48:48,3959
5724,,,YANGZHIQU1HAO-13-60%,23122913,15,0.0,120.452632,26.961003,155.9,0,2024-04-27 04:51:49,3871
5863,,,YANGZHIQU1HAO-13-60%,23122913,15,0.0,120.452632,26.961003,155.9,0,2024-04-27 04:51:49,3979
5906,,,YANGZHIQU1HAO-13-60%,23122913,15,0.0,120.452632,26.961003,155.9,0,2024-04-27 04:51:49,4019
5739,,,YANGZHIQU1HAO-13-60%,23122913,15,0.0,120.452577,26.96102,225.9,0,2024-04-27 05:03:51,3899
5861,,,YANGZHIQU1HAO-13-60%,23122913,15,0.0,120.452588,26.961062,322.6,0,2024-04-27 05:09:53,3961
6075,,,YANGZHIQU1HAO-13-60%,23122913,15,0.0,120.45258,26.961035,195.5,0,2024-04-27 05:12:55,4131
5836,,,YANGZHIQU1HAO-13-60%,23122913,15,0.0,120.45258,26.961035,195.5,0,2024-04-27 05:12:55,3964
5847,,,YANGZHIQU1HAO-13-60%,23122913,15,0.0,120.452567,26.961033,169.0,0,2024-04-27 05:22:00,3957
5844,,,YANGZHIQU1HAO-13-59%,23122913,15,0.0,120.45254,26.960958,197.5,0,2024-04-27 05:25:00,3969
6061,,,YANGZHIQU1HAO-13-59%,23122913,15,0.0,120.45254,26.960958,197.5,0,2024-04-27 05:25:00,4141
6191,,,YANGZHIQU1HAO-13-59%,23122913,15,0.0,120.45254,26.960958,197.5,0,2024-04-27 05:25:00,4245
6385,,,YANGZHIQU1HAO-13-59%,23122913,15,0.0,120.452388,26.961112,41.7,0,2024-04-27 06:22:02,4387
6259,,,YANGZHIQU1HAO-13-59%,23122913,15,0.0,120.452388,26.961112,41.7,0,2024-04-27 06:22:02,4283
6001,,,YANGZHIQU1HAO-13-59%,23122913,15,0.0,120.452388,26.961112,41.7,0,2024-04-27 06:22:02,4115
6085,,,YANGZHIQU1HAO-13-59%,23122913,15,0.0,120.452263,26.961048,209.1,0,2024-04-27 08:01:47,4098
6628,,,YANGZHIQU1HAO-13-59%,23122913,15,0.0,120.452263,26.961048,209.1,0,2024-04-27 08:01:47,4503
6425,,,YANGZHIQU1HAO-13-59%,23122913,15,0.0,120.452263,26.961048,209.1,0,2024-04-27 08:01:47,4343
6342,,,YANGZHIQU1HAO-13-49%,23122913,15,0.0,120.452225,26.960922,310.0,0,2024-04-29 11:45:59,4157
6147,,,YANGZHIQU1HAO-13-49%,23122913,15,0.0,120.452225,26.960922,310.0,0,2024-04-29 11:45:59,4000
6337,,,YANGZHIQU1HAO-13-49%,23122913,15,0.0,120.452225,26.960922,310.0,0,2024-04-29 11:45:59,4151
6284,,,YANGZHIQU1HAO-13-49%,23122913,15,0.0,120.452225,26.960922,310.0,0,2024-04-29 11:45:59,4088
