fid,IMO_Number,Call_Sign,ShipName,MMSI,Navigational_Status,SOG,Longitude,Latitude,COG,Ship_and_Cargo_Type,Record_Time,group
1449,,,,416000357,15,0.0,121.86667,24.58169,78.6,30,2024-04-15 21:41:52,1113
1557,,,,416000357,15,0.0,121.86667,24.581693,78.6,30,2024-04-15 21:46:52,1154
1529,,,,416000357,15,0.0,121.866667,24.581697,78.6,30,2024-04-15 21:50:52,1150
1512,,,,416000357,15,0.0,121.866665,24.581698,78.6,30,2024-04-15 21:54:50,1141
1485,,,,416000357,15,0.0,121.866665,24.5817,78.6,30,2024-04-15 21:58:50,1123
1639,,,,416000357,15,0.0,121.866663,24.581703,78.6,30,2024-04-15 22:02:50,1216
1590,,,,416000357,15,0.0,121.866662,24.581705,78.6,30,2024-04-15 22:06:52,1195
1566,,,,416000357,15,0.0,121.86666,24.581707,78.6,30,2024-04-15 22:10:52,1162
1416,,,,416000357,15,0.0,121.86666,24.581708,78.6,30,2024-04-15 22:14:52,1109
1701,,,,416000357,15,0.0,121.866658,24.581708,78.6,30,2024-04-15 22:19:50,1249
1585,,,,416000357,15,0.0,121.86666,24.581708,78.6,30,2024-04-15 22:23:52,1196
1455,,,,416000357,15,0.0,121.866662,24.581708,78.6,30,2024-04-15 22:27:52,1093
1363,,,,416000357,15,0.0,121.866662,24.58171,78.6,30,2024-04-15 22:30:52,1039
1517,,,,416000357,15,0.0,121.866663,24.58171,78.6,30,2024-04-15 22:35:50,1127
1299,,,,416000357,15,0.0,121.866663,24.581708,78.6,30,2024-04-15 22:39:50,1026
1418,,,,416000357,15,0.0,121.866662,24.581707,78.6,30,2024-04-15 22:43:50,1091
1800,,,,416000357,15,0.0,121.866662,24.581703,78.6,30,2024-04-15 22:47:52,1279
1388,,,,416000357,15,0.0,121.866662,24.581702,78.6,30,2024-04-15 22:51:50,1041
1470,,,,416000357,15,0.0,121.86666,24.581698,78.6,30,2024-04-15 22:55:20,1095
1425,,,,416000357,15,0.0,121.866657,24.581695,78.6,30,2024-04-15 23:00:50,1103
1516,,,,416000357,15,0.0,121.866655,24.581693,78.6,30,2024-04-15 23:04:50,1139
1422,,,,416000357,15,0.0,121.866655,24.581692,78.6,30,2024-04-15 23:08:50,1072
1483,,,,416000357,15,0.0,121.866653,24.581692,78.6,30,2024-04-15 23:12:50,1111
1683,,,,416000357,15,0.0,121.866652,24.58169,78.6,30,2024-04-15 23:16:52,1202
1607,,,,416000357,15,0.0,121.866653,24.581688,78.6,30,2024-04-15 23:20:50,1167
1612,,,,416000357,15,0.0,121.866653,24.581687,78.6,30,2024-04-15 23:24:50,1181
1466,,,,416000357,15,0.0,121.866653,24.581685,78.6,30,2024-04-15 23:28:52,1086
1397,,,,416000357,15,0.0,121.866655,24.581685,78.6,30,2024-04-15 23:31:52,1042
1510,,,,416000357,15,0.0,121.866653,24.581685,78.6,30,2024-04-15 23:36:52,1119
1282,,,,416000357,0,7.8,121.869407,24.585165,353.8,30,2024-04-15 23:41:57,973
1355,,,,416000357,0,7.4,121.870242,24.590742,31.6,30,2024-04-15 23:44:57,1021
1358,,,,416000357,0,8.0,121.881803,24.593395,101.0,30,2024-04-15 23:49:57,992
1355,,,,416000357,0,7.5,121.891182,24.59252,116.3,30,2024-04-15 23:53:57,1010
1486,,,,416000357,0,8.5,121.901505,24.592295,82.4,30,2024-04-15 23:57:58,1085
1513,,,,416000357,0,8.9,121.911838,24.593718,76.0,30,2024-04-16 00:01:57,1137
1675,,,,416000357,0,9.2,121.922837,24.596392,74.1,30,2024-04-16 00:05:57,1194
1559,,,,416000357,0,9.0,121.933478,24.599095,73.3,30,2024-04-16 00:09:56,1153
1423,,,,416000357,0,8.8,121.944023,24.601843,73.9,30,2024-04-16 00:13:56,1062
1504,,,,416000357,0,8.6,121.952013,24.603927,74.0,30,2024-04-16 00:16:59,1108
1486,,,,416000357,0,8.6,121.965103,24.607318,76.0,30,2024-04-16 00:21:59,1047
1204,,,,416000357,0,8.7,121.970282,24.608645,73.8,30,2024-04-16 00:23:58,889
1283,,,,416000357,0,8.7,121.98576,24.612712,73.5,30,2024-04-16 00:29:57,942
1385,,,,416000357,0,8.7,121.998758,24.616032,74.8,30,2024-04-16 00:34:57,1037
1357,,,,416000357,0,8.8,122.00933,24.61861,74.6,30,2024-04-16 00:38:58,1028
1363,0.0,BK7770,SHENG FU NO-16,416000357,0,8.9,122.019875,24.621058,75.1,30,2024-04-16 00:42:56,1024
1398,,,,416000357,0,8.8,122.030698,24.623643,75.7,30,2024-04-16 00:46:59,1042
1492,,,,416000357,0,8.8,122.041253,24.626088,76.0,30,2024-04-16 00:50:57,1111
1555,0.0,BK7770,SHENG FU NO-16,416000357,0,8.9,122.051888,24.628557,75.7,30,2024-04-16 00:54:58,1159
1494,,,,416000357,0,8.7,122.062272,24.631125,73.1,30,2024-04-16 00:58:56,1068
1555,,,,416000357,0,8.6,122.072607,24.633713,75.4,30,2024-04-16 01:02:57,1119
1172,0.0,BK7770,SHENG FU NO-16,416000357,0,8.5,122.085355,24.636892,75.6,30,2024-04-16 01:07:57,882
1546,,,,416000357,0,8.6,122.095705,24.639317,75.2,30,2024-04-16 01:11:59,1118
1492,,,,416000357,0,8.6,122.105927,24.64175,74.9,30,2024-04-16 01:15:58,1102
1508,0.0,BK7770,SHENG FU NO-16,416000357,0,8.6,122.116033,24.644035,75.4,30,2024-04-16 01:19:51,1129
1382,,,,416000357,0,8.7,122.126708,24.646387,76.5,30,2024-04-16 01:23:57,1050
1287,,,,416000357,0,8.6,122.137057,24.648687,76.0,30,2024-04-16 01:27:58,976
1619,0.0,BK7770,SHENG FU NO-16,416000357,0,8.6,122.14726,24.650858,76.6,30,2024-04-16 01:31:56,1137
1375,,,,416000357,0,8.4,122.157502,24.65317,76.8,30,2024-04-16 01:35:57,1016
1175,,,,416000357,0,8.4,122.167627,24.655395,77.1,30,2024-04-16 01:39:58,875
1219,0.0,BK7770,SHENG FU NO-16,416000357,0,8.5,122.175255,24.65694,76.7,30,2024-04-16 01:42:58,885
1317,,,,416000357,0,8.5,122.187905,24.659612,77.2,30,2024-04-16 01:47:54,938
1285,,,,416000357,15,8.9,122.1984,24.661667,77.6,30,2024-04-16 01:51:58,969
1489,0.0,BK7770,SHENG FU NO-16,416000357,0,8.4,122.208507,24.66356,78.6,30,2024-04-16 01:55:56,1088
1363,,,,416000357,0,8.5,122.216267,24.665145,76.3,30,2024-04-16 01:58:59,987
1262,,,,416000357,0,8.6,122.22649,24.667257,77.4,30,2024-04-16 02:02:59,922
1298,0.0,BK7770,SHENG FU NO-16,416000357,0,8.5,122.239248,24.669528,79.9,30,2024-04-16 02:07:55,951
1209,,,,416000357,0,8.4,122.249488,24.671487,79.3,30,2024-04-16 02:11:56,923
1321,,,,416000357,0,8.1,122.262058,24.674037,77.4,30,2024-04-16 02:16:58,965
1162,,,,416000357,0,8.3,122.271878,24.676132,77.4,30,2024-04-16 02:20:56,835
979,0.0,BK7770,SHENG FU NO-16,416000357,0,8.4,122.28171,24.678335,74.8,30,2024-04-16 02:24:55,755
1036,,,,416000357,0,8.0,122.291885,24.68049,76.9,30,2024-04-16 02:29:03,776
1060,,,,416000357,0,8.1,122.301305,24.68241,77.2,30,2024-04-16 02:32:54,811
1316,0.0,BK7770,SHENG FU NO-16,416000357,0,8.2,122.31385,24.684878,77.6,30,2024-04-16 02:37:58,947
1260,,,,416000357,0,8.2,122.3212,24.686237,77.2,30,2024-04-16 02:40:56,908
1160,,,,416000357,0,8.2,122.333587,24.688712,77.1,30,2024-04-16 02:45:57,851
1205,0.0,BK7770,SHENG FU NO-16,416000357,0,8.2,122.343432,24.690732,76.7,30,2024-04-16 02:49:55,865
1160,,,,416000357,0,8.2,122.350892,24.692268,77.3,30,2024-04-16 02:52:55,864
1344,,,SHENG FU NO.16,416000357,0,8.2,122.363302,24.694837,77.7,0,2024-04-16 02:57:55,961
1785,0.0,BK7770,SHENG FU NO-16,416000357,0,8.2,122.3731,24.696868,76.9,30,2024-04-16 03:01:55,1240
1396,,,,416000357,0,8.1,122.383007,24.69907,75.9,30,2024-04-16 03:05:58,1058
1272,,,,416000357,0,8.3,122.390525,24.700723,76.9,30,2024-04-16 03:09:02,963
1498,0.0,BK7770,SHENG FU NO-16,416000357,0,8.2,122.402765,24.703557,74.1,30,2024-04-16 03:13:58,1090
1719,,,,416000357,0,8.2,122.410057,24.70542,74.2,30,2024-04-16 03:16:58,1198
1380,,,,416000357,0,8.1,122.422338,24.708462,75.3,30,2024-04-16 03:21:59,1019
1664,0.0,BK7770,SHENG FU NO-16,416000357,0,8.2,122.431938,24.710752,76.0,30,2024-04-16 03:25:57,1168
1426,,,,416000357,0,8.3,122.43972,24.712613,75.6,30,2024-04-16 03:29:09,994
1305,,,SHENG FU NO.16,416000357,0,8.1,122.451547,24.715368,76.0,0,2024-04-16 03:33:58,923
1079,0.0,BK7770,SHENG FU NO-16,416000357,0,8.3,122.46122,24.71772,74.3,30,2024-04-16 03:37:55,782
1174,,,SHENG FU NO.16,416000357,0,8.4,122.473737,24.720717,75.2,0,2024-04-16 03:42:56,840
1031,,,,416000357,0,8.4,122.481278,24.722515,76.1,30,2024-04-16 03:45:56,760
1126,,,,416000357,0,8.4,122.493473,24.725363,74.9,30,2024-04-16 03:50:46,805
1190,,,,416000357,15,8.7,122.503825,24.7279,82.0,30,2024-04-16 03:54:50,856
1081,,,,416000357,0,8.5,122.514147,24.73021,76.3,30,2024-04-16 03:58:57,813
1418,,,SHENG FU NO.16,416000357,0,8.4,122.524328,24.732565,75.2,0,2024-04-16 04:02:59,969
1338,,,,416000357,0,8.3,122.534283,24.734793,76.5,30,2024-04-16 04:06:59,917
1052,,,,416000357,0,8.3,122.543932,24.73677,76.2,30,2024-04-16 04:10:50,752
854,,,,416000357,0,8.4,122.556733,24.739572,77.2,30,2024-04-16 04:15:53,643
1223,,,,416000357,0,8.4,122.566675,24.741822,76.0,30,2024-04-16 04:19:49,838
991,,,,416000357,0,8.5,122.577007,24.7441,77.6,30,2024-04-16 04:23:55,699
1162,,,SHENG FU NO.16,416000357,0,8.2,122.583552,24.745523,76.7,0,2024-04-16 04:26:31,819
916,,,SHENG FU NO.16,416000357,0,8.3,122.593502,24.747448,76.5,0,2024-04-16 04:30:30,691
880,0.0,BK7770,SHENG FU NO-16,416000357,0,8.4,122.605188,24.749958,75.1,30,2024-04-16 04:35:11,660
1214,0.0,BK7770,SHENG FU NO-16,416000357,0,7.8,122.623973,24.753895,77.1,30,2024-04-16 04:42:47,845
845,0.0,BK7770,SHENG FU NO-16,416000357,0,7.9,122.627653,24.754615,77.3,30,2024-04-16 04:44:20,616
1584,0.0,BK7770,SHENG FU NO-16,416000357,0,6.7,122.765522,24.462755,244.9,30,2024-04-22 05:40:49,1237
1625,0.0,BK7770,SHENG FU NO-16,416000357,0,6.4,122.720937,24.454897,268.4,30,2024-04-22 06:04:05,1253
1730,0.0,BK7770,SHENG FU NO-16,416000357,0,6.5,122.695907,24.456542,279.3,30,2024-04-22 06:16:21,1313
1545,0.0,BK7770,SHENG FU NO-16,416000357,0,6.9,122.674917,24.45876,275.5,30,2024-04-22 06:26:48,1193
1667,0.0,BK7770,SHENG FU NO-16,416000357,0,6.9,122.656557,24.461138,278.4,30,2024-04-22 06:35:39,1311
1607,,,SHENG FU NO.16,416000357,0,6.5,122.626778,24.465105,275.6,0,2024-04-22 06:50:25,1243
1804,,,SHENG FU NO.16,416000357,0,6.7,122.59818,24.468173,282.2,0,2024-04-22 07:05:07,1337
1762,,,SHENG FU NO.16,416000357,0,6.5,122.58497,24.469605,277.4,0,2024-04-22 07:11:53,1371
2126,,,SHENG FU NO.16,416000357,0,6.3,122.57573,24.470808,271.4,0,2024-04-22 07:16:38,1595
1875,,,SHENG FU NO.16,416000357,0,6.5,122.569727,24.471463,278.4,0,2024-04-22 07:19:39,1437
1661,,,SHENG FU NO.16,416000357,15,6.5,122.559345,24.472825,280.7,0,2024-04-22 07:24:56,1298
1704,0.0,BK7770,SHENG FU NO-16,416000357,0,5.7,122.551315,24.473888,270.6,30,2024-04-22 07:28:59,1347
2164,0.0,BK7770,SHENG FU NO-16,416000357,0,6.7,122.544783,24.474678,280.5,30,2024-04-22 07:32:16,1619
1697,0.0,BK7770,SHENG FU NO-16,416000357,0,6.2,122.535615,24.476015,274.0,30,2024-04-22 07:36:56,1354
1674,,,SHENG FU NO.16,416000357,0,6.4,122.527735,24.477082,280.8,0,2024-04-22 07:40:55,1295
1885,,,SHENG FU NO.16,416000357,0,6.7,122.519617,24.478077,277.0,0,2024-04-22 07:44:57,1395
1548,0.0,BK7770,SHENG FU NO-16,416000357,0,6.4,122.511677,24.479027,275.1,30,2024-04-22 07:48:59,1211
1596,0.0,BK7770,SHENG FU NO-16,416000357,15,6.3,122.50374,24.479995,264.2,30,2024-04-22 07:52:58,1250
1597,0.0,BK7770,SHENG FU NO-16,416000357,15,6.4,122.493787,24.481212,275.8,30,2024-04-22 07:57:58,1249
1560,,,,416000357,15,6.1,122.485863,24.482273,269.9,30,2024-04-22 08:01:58,1216
1487,,,,416000357,0,6.3,122.478868,24.48319,278.5,30,2024-04-22 08:05:36,1174
1675,,,,416000357,0,6.0,122.47089,24.48423,274.2,30,2024-04-22 08:09:46,1287
2114,,,,416000357,0,6.1,122.463472,24.484938,278.5,30,2024-04-22 08:13:49,1562
1481,,,,416000357,0,5.9,122.456215,24.485545,275.8,30,2024-04-22 08:17:43,1142
1476,0.0,BK7770,SHENG FU NO-16,416000357,0,6.0,122.448348,24.486117,272.7,30,2024-04-22 08:21:59,1145
1686,,,,416000357,0,6.2,122.440873,24.486688,277.1,30,2024-04-22 08:25:59,1275
1732,,,SHENG FU NO.16,416000357,15,6.1,122.431778,24.487267,276.3,0,2024-04-22 08:30:58,1308
1512,,,SHENG FU NO.16,416000357,0,5.9,122.424575,24.487543,271.6,0,2024-04-22 08:34:57,1178
1927,,,SHENG FU NO.16,416000357,0,6.0,122.417193,24.488138,273.0,0,2024-04-22 08:38:54,1428
1489,,,,416000357,15,5.5,122.40957,24.48876,269.7,30,2024-04-22 08:42:58,1188
1643,,,,416000357,0,6.0,122.402277,24.489318,275.0,30,2024-04-22 08:46:54,1237
1471,,,SHENG FU NO.16,416000357,0,5.8,122.394745,24.490018,275.3,0,2024-04-22 08:50:59,1159
1489,,,,416000357,0,6.1,122.38734,24.490528,275.8,30,2024-04-22 08:54:57,1201
1602,,,,416000357,0,5.9,122.37988,24.491237,274.6,30,2024-04-22 08:58:58,1248
1609,,,SHENG FU NO.16,416000357,0,6.0,122.372458,24.491795,272.1,0,2024-04-22 09:02:57,1236
1864,,,SHENG FU NO.16,416000357,15,6.4,122.36469,24.49228,276.7,0,2024-04-22 09:06:58,1367
1528,,,,416000357,15,6.8,122.356722,24.492535,270.7,30,2024-04-22 09:10:58,1192
1540,0.0,BK7770,SHENG FU NO-16,416000357,15,6.4,122.346797,24.49277,261.4,30,2024-04-22 09:15:58,1197
1533,,,,416000357,0,6.4,122.33895,24.492943,268.8,30,2024-04-22 09:19:57,1201
1618,,,,416000357,15,6.3,122.330858,24.493215,263.7,30,2024-04-22 09:23:56,1228
1619,,,,416000357,15,6.6,122.322832,24.493592,266.3,30,2024-04-22 09:27:58,1264
1478,,,,416000357,15,7.2,122.314715,24.493997,275.0,30,2024-04-22 09:31:58,1164
1652,,,,416000357,15,7.1,122.306432,24.494283,278.8,30,2024-04-22 09:35:58,1280
1494,,,,416000357,0,6.8,122.29796,24.494743,272.8,30,2024-04-22 09:39:58,1115
1350,,,SHENG FU NO.16,416000357,15,6.7,122.289627,24.49516,269.0,0,2024-04-22 09:43:58,984
1312,,,,416000357,15,7.2,122.281145,24.495447,280.3,30,2024-04-22 09:47:58,967
1288,,,,416000357,0,6.9,122.272707,24.495522,270.9,30,2024-04-22 09:51:57,989
1736,,,,416000357,15,7.0,122.262005,24.495708,273.6,30,2024-04-22 09:56:58,1259
1463,,,,416000357,15,7.2,122.253405,24.495965,274.5,30,2024-04-22 10:00:58,1127
1483,,,SHENG FU NO.16,416000357,15,7.3,122.244727,24.496157,273.6,0,2024-04-22 10:04:58,1128
1578,,,,416000357,0,7.1,122.236105,24.496413,273.3,30,2024-04-22 10:08:56,1213
1487,,,SHENG FU NO.16,416000357,15,7.2,122.227378,24.496687,274.6,0,2024-04-22 10:12:58,1122
1519,,,,416000357,0,7.0,122.218872,24.496977,271.6,30,2024-04-22 10:16:54,1130
1696,,,,416000357,15,7.3,122.210118,24.497237,275.6,30,2024-04-22 10:20:58,1276
1576,,,SHENG FU NO.16,416000357,0,7.1,122.20148,24.497505,272.5,0,2024-04-22 10:24:56,1229
1770,,,SHENG FU NO.16,416000357,0,7.1,122.190478,24.49778,270.8,0,2024-04-22 10:29:58,1329
1707,,,SHENG FU NO.16,416000357,15,7.4,122.181608,24.497933,274.6,0,2024-04-22 10:33:58,1283
1548,,,,416000357,0,7.1,122.172722,24.498038,271.0,30,2024-04-22 10:37:57,1183
1713,,,"D^""<;IP8D%;*W?>9(8",416000357,0,7.4,122.163645,24.498117,270.5,0,2024-04-22 10:41:59,1286
1625,,,SHENG FU NO.16,416000357,15,7.6,122.15447,24.498215,272.5,0,2024-04-22 10:45:58,1236
1653,,,,416000357,0,7.5,122.145222,24.497747,264.4,30,2024-04-22 10:50:00,1233
1474,,,,416000357,0,7.4,122.136008,24.49706,265.3,30,2024-04-22 10:54:00,1147
1637,,,,416000357,0,7.5,122.126978,24.496085,261.1,30,2024-04-22 10:57:55,1252
1434,,,,416000357,0,7.6,122.11775,24.494838,261.7,30,2024-04-22 11:01:57,1116
1401,0.0,BK7770,SHENG FU NO-16,416000357,15,7.6,122.11083,24.493935,258.1,30,2024-04-22 11:04:58,1059
1485,,,,416000357,15,7.5,122.099293,24.492298,264.1,30,2024-04-22 11:09:58,1160
1367,,,,416000357,0,7.6,122.091918,24.491215,260.2,30,2024-04-22 11:13:07,1069
1683,,,,416000357,0,7.6,122.0786,24.489233,259.6,30,2024-04-22 11:18:56,1245
1289,,,,416000357,0,7.6,122.074053,24.488532,260.3,30,2024-04-22 11:20:55,1013
1415,,,,416000357,15,7.5,122.060177,24.486288,258.0,30,2024-04-22 11:26:58,1071
1413,,,,416000357,15,7.7,122.051208,24.48458,265.5,30,2024-04-22 11:30:58,1106
1479,0.0,BK7770,SHENG FU NO-16,416000357,0,7.8,122.042175,24.482843,255.8,30,2024-04-22 11:34:56,1140
1638,,,,416000357,0,8.0,122.032622,24.482258,295.9,30,2024-04-22 11:39:00,1251
1554,,,SHENG FU NO.16,416000357,0,8.0,122.023887,24.48603,294.9,0,2024-04-22 11:42:58,1188
1580,0.0,BK7770,SHENG FU NO-16,416000357,15,7.8,122.012702,24.490355,295.0,30,2024-04-22 11:47:58,1218
1558,,,,416000357,15,8.4,122.003543,24.493475,293.3,30,2024-04-22 11:51:58,1210
1578,,,,416000357,0,8.2,121.994323,24.49644,289.0,30,2024-04-22 11:55:57,1221
1640,0.0,BK7770,SHENG FU NO-16,416000357,0,8.0,121.985095,24.499582,288.9,30,2024-04-22 12:00:00,1234
1484,,,,416000357,15,8.4,121.975703,24.502702,290.7,30,2024-04-22 12:03:58,1131
1706,,,,416000357,15,8.7,121.966742,24.506787,305.0,30,2024-04-22 12:07:58,1290
1543,0.0,BK7770,SHENG FU NO-16,416000357,15,7.9,121.958857,24.512352,309.4,30,2024-04-22 12:11:58,1207
1535,,,,416000357,0,8.3,121.950847,24.517985,307.4,30,2024-04-22 12:15:59,1196
1428,,,,416000357,0,8.2,121.942595,24.523725,305.9,30,2024-04-22 12:19:59,1142
1410,0.0,BK7770,SHENG FU NO-16,416000357,15,8.0,121.936678,24.528207,317.3,30,2024-04-22 12:22:58,1123
1869,,,,416000357,15,7.9,121.92837,24.536107,315.0,30,2024-04-22 12:27:58,1383
1625,,,,416000357,15,7.7,121.921862,24.542017,309.4,30,2024-04-22 12:31:58,1254
1594,,,,416000357,0,7.4,121.914645,24.549797,326.1,30,2024-04-22 12:36:58,1234
1878,0.0,BK7770,SHENG FU NO-16,416000357,0,7.3,121.90902,24.556647,323.8,30,2024-04-22 12:40:59,1397
1433,,,,416000357,0,8.3,121.902955,24.563432,318.4,30,2024-04-22 12:44:56,1136
1722,,,,416000357,0,7.7,121.898507,24.571612,337.5,30,2024-04-22 12:48:57,1297
1976,0.0,BK7770,SHENG FU NO-16,416000357,0,8.0,121.894855,24.57984,336.8,30,2024-04-22 12:52:59,1433
1706,,,,416000357,0,7.4,121.889417,24.586765,318.2,30,2024-04-22 12:56:59,1271
1816,,,,416000357,0,7.7,121.882998,24.592913,309.5,30,2024-04-22 13:00:58,1352
1472,,,,416000357,15,7.8,121.871532,24.591913,245.4,30,2024-04-22 13:05:58,1153
1416,,,,416000357,15,4.6,121.868037,24.585308,278.5,30,2024-04-22 13:09:58,1096
1578,,,,416000357,15,0.0,121.86756,24.585385,42.7,30,2024-04-22 13:13:38,1151
1535,,,,416000357,15,0.0,121.86756,24.585385,42.7,30,2024-04-22 13:16:38,1166
1858,,,,416000357,15,0.0,121.867558,24.585383,42.7,30,2024-04-22 13:21:38,1368
1751,,,,416000357,15,0.0,121.867557,24.585382,42.7,30,2024-04-22 13:25:38,1262
1588,,,,416000357,15,0.0,121.867557,24.585382,42.7,30,2024-04-22 13:29:08,1163
1417,,,,416000357,15,0.0,121.867553,24.585382,42.7,30,2024-04-22 13:34:40,1108
1476,,,,416000357,15,0.0,121.867552,24.585378,42.7,30,2024-04-22 13:39:38,1148
1675,,,,416000357,15,0.0,121.86755,24.585377,42.7,30,2024-04-22 13:43:38,1220
1459,,,,416000357,15,0.0,121.867545,24.585375,42.7,30,2024-04-22 13:47:08,1103
1630,,,,416000357,15,0.0,121.867543,24.585375,42.7,30,2024-04-22 13:50:08,1160
1350,,,,416000357,15,0.0,121.867538,24.585375,42.7,30,2024-04-22 13:55:38,1020
1236,,,,416000357,15,0.0,121.867538,24.585373,42.7,30,2024-04-22 13:59:08,940
1419,,,,416000357,15,0.0,121.867537,24.585372,42.7,30,2024-04-22 14:02:38,1067
1322,,,,416000357,15,0.0,121.867537,24.585372,42.7,30,2024-04-22 14:08:38,1031
1208,,,,416000357,15,0.0,121.867543,24.585322,360.0,30,2024-04-22 14:12:40,932
1392,,,,416000357,15,0.0,121.867543,24.585333,360.0,30,2024-04-22 14:16:43,1045
1556,,,,416000357,15,0.0,121.86755,24.585332,360.0,30,2024-04-22 14:20:44,1130
1303,,,,416000357,15,0.0,121.867548,24.585335,360.0,30,2024-04-22 14:24:44,986
1280,,,,416000357,15,0.0,121.867535,24.585362,42.7,30,2024-04-22 14:28:38,973
1630,0.0,BK7770,SHENG FU NO-16,416000357,15,0.0,121.867543,24.585332,360.0,30,2024-04-22 14:32:46,1169
1413,,BK7770,,416000357,15,0.0,121.86754,24.585343,360.0,30,2024-04-22 14:37:49,1055
1295,,,,416000357,15,0.0,121.867552,24.585338,360.0,30,2024-04-22 14:40:48,975
1419,,BK7770,,416000357,15,0.0,121.867552,24.58535,360.0,30,2024-04-22 14:45:54,1094
1300,,,,416000357,15,0.0,121.86755,24.585347,360.0,30,2024-04-22 14:48:56,1002
1797,,,SHENG FU NO-16,416000357,15,0.0,121.86755,24.585342,360.0,0,2024-04-22 14:52:58,1290
1529,,,SHENG FU NO-16,416000357,15,0.0,121.867535,24.585363,42.7,0,2024-04-22 14:57:40,1170
1679,,BK7770,,416000357,15,0.0,121.867535,24.585365,42.7,30,2024-04-22 15:00:38,1234
1751,,BK7770,,416000357,15,0.0,121.867538,24.585365,42.7,30,2024-04-22 15:05:38,1265
1762,,BK7770,,416000357,15,0.0,121.86754,24.585362,42.7,30,2024-04-22 15:09:40,1276
1560,,BK7770,,416000357,15,0.0,121.867563,24.585345,360.0,30,2024-04-22 15:13:39,1155
1740,,BK7770,,416000357,15,0.0,121.867567,24.585342,360.0,30,2024-04-22 15:16:40,1236
1518,,BK7770,,416000357,15,0.0,121.867568,24.585357,360.0,30,2024-04-22 15:21:41,1101
1863,,,SHENG FU NO-16,416000357,15,0.0,121.867558,24.585357,42.7,0,2024-04-22 15:25:38,1331
1422,0.0,BK7770,SHENG FU NO-16,416000357,15,0.0,121.867567,24.585353,360.0,30,2024-04-22 15:27:41,1091
1405,0.0,BK7770,SHENG FU NO-16,416000357,15,0.0,121.867563,24.585353,360.0,30,2024-04-22 15:33:43,1030
1522,,BK7770,,416000357,15,0.0,121.86756,24.585355,360.0,30,2024-04-22 15:38:50,1108
1641,,BK7770,,416000357,15,0.0,121.867567,24.585347,360.0,30,2024-04-22 15:42:47,1203
1590,,BK7770,,416000357,15,0.0,121.867563,24.585355,360.0,30,2024-04-22 15:46:47,1174
1572,,,SHENG FU NO-16,416000357,15,0.0,121.867555,24.585357,360.0,0,2024-04-22 15:50:56,1183
1490,,BK7770,,416000357,15,0.0,121.867552,24.585365,360.0,30,2024-04-22 15:54:53,1140
1609,,BK7770,,416000357,15,0.0,121.867552,24.585358,360.0,30,2024-04-22 15:58:51,1181
1652,0.0,BK7770,SHENG FU NO-16,416000357,0,0.0,121.867557,24.58535,0.0,30,2024-04-22 16:02:52,1202
1463,,BK7770,,416000357,15,0.0,121.867563,24.585347,360.0,30,2024-04-22 16:07:53,1145
1528,,BK7770,,416000357,15,0.0,121.867563,24.585353,360.0,30,2024-04-22 16:11:58,1168
1584,0.0,BK7770,SHENG FU NO-16,416000357,15,0.0,121.867565,24.585362,360.0,30,2024-04-22 16:15:55,1208
1359,,BK7770,,416000357,15,0.0,121.867563,24.585355,360.0,30,2024-04-22 16:19:57,1068
1730,,,,416000357,15,0.0,121.867567,24.58536,360.0,30,2024-04-22 16:22:59,1246
1344,0.0,BK7770,SHENG FU NO-16,416000357,0,0.0,121.867568,24.585362,0.0,30,2024-04-22 16:26:57,1032
1486,,BK7770,,416000357,15,0.0,121.867583,24.585325,42.7,30,2024-04-22 16:31:38,1163
1854,,BK7770,,416000357,0,0.0,121.867567,24.585358,0.0,30,2024-04-22 16:35:59,1375
1855,,BK7770,,416000357,15,0.0,121.867582,24.58533,42.7,30,2024-04-22 16:39:40,1347
1467,,BK7770,,416000357,15,0.0,121.86758,24.58533,42.7,30,2024-04-22 16:43:38,1129
1427,,BK7770,,416000357,15,0.0,121.867578,24.585328,42.7,30,2024-04-22 16:47:40,1116
1586,0.0,BK7770,SHENG FU NO-16,416000357,15,0.0,121.867575,24.585327,42.7,30,2024-04-22 16:51:38,1199
1463,,BK7770,,416000357,15,0.0,121.867573,24.585327,42.7,30,2024-04-22 16:53:38,1113
1743,,,,416000357,15,0.0,121.867568,24.585327,42.7,30,2024-04-22 17:00:40,1264
1423,,,,416000357,15,0.0,121.867553,24.58536,360.0,30,2024-04-22 17:02:42,1029
1175,,,,416000357,15,0.0,121.867557,24.585362,360.0,30,2024-04-22 17:08:41,878
1524,,,,416000357,15,0.0,121.867558,24.585325,42.7,30,2024-04-22 17:12:40,1106
1502,,,,416000357,15,0.0,121.867562,24.585358,360.0,30,2024-04-22 17:16:45,1137
1587,,,,416000357,15,0.0,121.867557,24.585327,42.7,30,2024-04-22 17:20:38,1203
1485,,,,416000357,15,0.0,121.867555,24.585328,42.7,30,2024-04-22 17:24:38,1166
1527,,,,416000357,15,0.0,121.86756,24.585362,360.0,30,2024-04-22 17:28:50,1187
1479,,BK7770,,416000357,15,0.0,121.867565,24.585357,360.0,30,2024-04-22 17:33:52,1148
1686,,,,416000357,15,0.0,121.867558,24.585327,42.7,30,2024-04-22 17:37:08,1247
1589,,BK7770,,416000357,15,0.0,121.867572,24.585353,360.0,30,2024-04-22 17:41:54,1196
1343,,,,416000357,15,0.0,121.867573,24.585345,360.0,30,2024-04-22 17:44:58,1024
1506,,BK7770,,416000357,15,0.0,121.86757,24.58535,360.0,30,2024-04-22 17:47:56,1131
1426,,BK7770,,416000357,15,0.0,121.867563,24.585355,360.0,30,2024-04-22 17:53:59,1115
1738,,BK7770,,416000357,15,0.0,121.867573,24.585345,42.7,30,2024-04-22 17:57:38,1298
1744,,,,416000357,15,0.0,121.867575,24.585347,42.7,30,2024-04-22 18:00:38,1302
1551,,,SHENG FU NO-16,416000357,15,0.0,121.867565,24.58536,360.0,0,2024-04-22 18:05:34,1203
1679,0.0,BK7770,SHENG FU NO-16,416000357,15,0.0,121.867583,24.585355,42.7,30,2024-04-22 18:09:40,1295
1603,,,SHENG FU NO-16,416000357,15,0.0,121.867583,24.585357,42.7,0,2024-04-22 18:13:38,1232
2058,,BK7770,,416000357,15,0.0,121.867582,24.585358,42.7,30,2024-04-22 18:17:38,1519
1757,,,,416000357,15,0.0,121.867578,24.585358,42.7,30,2024-04-22 18:21:38,1303
2049,,,SHENG FU NO-16,416000357,15,0.0,121.867577,24.585358,42.7,0,2024-04-22 18:25:40,1520
1533,,,,416000357,15,0.0,121.867563,24.585355,360.0,30,2024-04-22 18:30:44,1199
1476,,,,416000357,15,0.0,121.867555,24.585358,360.0,30,2024-04-22 18:34:41,1140
1591,,,,416000357,15,0.0,121.867567,24.58535,360.0,30,2024-04-22 18:38:44,1199
1422,,,,416000357,15,0.0,121.867558,24.585337,360.0,30,2024-04-22 18:42:48,1089
1436,,,,416000357,15,0.0,121.867547,24.58534,360.0,30,2024-04-22 18:46:49,1119
1811,,,,416000357,15,0.0,121.867542,24.585343,360.0,30,2024-04-22 18:50:49,1325
1478,,,,416000357,15,0.0,121.867553,24.585353,360.0,30,2024-04-22 18:54:54,1129
1627,,,SHENG FU NO.16,416000357,15,0.0,121.867548,24.585332,360.0,0,2024-04-22 18:58:53,1226
1750,,,,416000357,15,0.0,121.867565,24.58536,42.7,30,2024-04-22 19:03:08,1298
1622,,,,416000357,15,0.0,121.867547,24.585335,360.0,30,2024-04-22 19:06:56,1209
1622,,,,416000357,15,0.0,121.86755,24.585325,360.0,30,2024-04-22 19:10:53,1219
1859,0.0,BK7770,SHENG FU NO-16,416000357,0,0.0,121.867545,24.585328,0.0,30,2024-04-22 19:15:56,1369
1453,,,SHENG FU NO-16,416000357,15,0.0,121.86757,24.585365,42.7,0,2024-04-22 19:19:38,1157
1682,,,,416000357,15,0.0,121.867552,24.585327,360.0,30,2024-04-22 19:23:02,1258
1598,0.0,BK7770,SHENG FU NO-16,416000357,15,0.0,121.867545,24.585312,360.0,30,2024-04-22 19:27:34,1193
1815,,,SHENG FU NO-16,416000357,15,0.0,121.86755,24.585308,360.0,0,2024-04-22 19:31:36,1354
1367,,,SHENG FU NO.16,416000357,15,0.0,121.867572,24.58536,42.7,0,2024-04-22 19:35:38,1098
1407,,,,416000357,15,0.0,121.867572,24.585353,42.7,30,2024-04-22 19:39:38,1121
1975,,,,416000357,15,0.0,121.867573,24.585348,42.7,30,2024-04-22 19:43:38,1452
1619,,,,416000357,15,0.0,121.86757,24.585347,42.7,30,2024-04-22 19:47:38,1196
1435,,,,416000357,15,0.0,121.867568,24.585345,42.7,30,2024-04-22 19:51:10,1076
1361,,,,416000357,15,0.0,121.867545,24.585315,360.0,30,2024-04-22 19:55:40,1066
1395,,,,416000357,15,0.0,121.867533,24.58531,360.0,30,2024-04-22 19:59:11,1063
1422,,,,416000357,15,0.0,121.86754,24.585315,360.0,30,2024-04-22 20:03:43,1133
1609,,,,416000357,15,0.0,121.867557,24.585323,360.0,30,2024-04-22 20:08:44,1220
1804,,BK7770,,416000357,15,0.0,121.867557,24.585318,360.0,30,2024-04-22 20:12:47,1324
1585,,BK7770,,416000357,15,0.0,121.867562,24.585322,360.0,30,2024-04-22 20:16:51,1177
1466,,BK7770,,416000357,15,0.0,121.867557,24.58533,360.0,30,2024-04-22 20:20:52,1119
1342,,,,416000357,15,0.0,121.86756,24.58533,360.0,30,2024-04-22 20:22:48,1030
1389,,BK7770,,416000357,15,0.0,121.867555,24.585337,360.0,30,2024-04-22 20:28:52,1074
1694,,BK7770,,416000357,15,0.0,121.867562,24.58533,360.0,30,2024-04-22 20:32:52,1226
1341,,BK7770,,416000357,15,0.0,121.86756,24.585343,360.0,30,2024-04-22 20:36:54,1035
1882,,BK7770,,416000357,15,0.0,121.867558,24.585327,360.0,30,2024-04-22 20:40:53,1382
1412,,,SHENG FU NO-16,416000357,15,0.0,121.867553,24.585333,360.0,0,2024-04-22 20:44:55,1095
1704,,BK7770,,416000357,15,0.0,121.867577,24.58535,42.7,30,2024-04-22 20:49:38,1275
1799,,,,416000357,15,0.0,121.86756,24.585333,360.0,30,2024-04-22 20:53:57,1327
1762,,BK7770,,416000357,15,0.0,121.86758,24.585348,42.7,30,2024-04-22 20:57:38,1296
1759,,BK7770,,416000357,15,0.0,121.867582,24.585348,42.7,30,2024-04-22 21:01:38,1298
1756,,,SHENG FU NO-16,416000357,15,0.0,121.867583,24.585348,42.7,0,2024-04-22 21:05:38,1285
1749,,BK7770,,416000357,15,0.0,121.867587,24.585348,42.7,30,2024-04-22 21:09:38,1311
2035,,,,416000357,15,0.0,121.867578,24.585322,360.0,30,2024-04-22 21:13:40,1488
1860,,BK7770,,416000357,15,0.0,121.867578,24.58532,360.0,30,2024-04-22 21:17:38,1367
1561,,BK7770,,416000357,15,0.0,121.86758,24.585313,360.0,30,2024-04-22 21:21:38,1158
1683,,BK7770,,416000357,15,0.0,121.867592,24.585355,42.7,30,2024-04-22 21:25:38,1242
1410,0.0,BK7770,SHENG FU NO-16,416000357,15,0.0,121.867593,24.585357,42.7,30,2024-04-22 21:29:40,1096
1410,,,SHENG FU NO-16,416000357,15,0.0,121.867573,24.585318,360.0,0,2024-04-22 21:33:42,1092
1773,,,SHENG FU NO-16,416000357,15,0.0,121.867567,24.585323,360.0,0,2024-04-22 21:38:46,1323
1507,,BK7770,,416000357,15,0.0,121.867572,24.585315,360.0,30,2024-04-22 21:41:47,1154
1536,0.0,BK7770,SHENG FU NO-16,416000357,0,0.0,121.867568,24.58531,0.0,30,2024-04-22 21:46:46,1178
1977,,BK7770,,416000357,15,0.0,121.867573,24.58532,360.0,30,2024-04-22 21:50:49,1446
1574,,BK7770,,416000357,15,0.0,121.867572,24.585322,360.0,30,2024-04-22 21:54:49,1205
1742,,,SHENG FU NO-16,416000357,15,0.0,121.86757,24.58531,360.0,0,2024-04-22 21:58:58,1295
1595,,,SHENG FU NO-16,416000357,15,0.0,121.86757,24.585308,360.0,0,2024-04-22 22:02:54,1196
1520,,BK7770,,416000357,15,0.0,121.867578,24.585298,360.0,30,2024-04-22 22:06:57,1169
1914,0.0,BK7770,SHENG FU NO-16,416000357,0,0.0,121.867577,24.58531,0.0,30,2024-04-22 22:10:53,1397
1511,,BK7770,,416000357,15,0.0,121.867573,24.585347,42.7,30,2024-04-22 22:14:38,1144
1631,,,SHENG FU NO-16,416000357,15,0.0,121.867568,24.585315,360.0,0,2024-04-22 22:18:57,1234
1616,0.0,BK7770,SHENG FU NO-16,416000357,0,0.0,121.867588,24.585312,0.0,30,2024-04-22 22:22:57,1213
1487,,BK7770,,416000357,15,0.0,121.867597,24.585315,360.0,30,2024-04-22 22:27:59,1147
1712,,BK7770,,416000357,0,0.0,121.867597,24.585313,0.0,30,2024-04-22 22:31:57,1309
1814,,BK7770,,416000357,15,0.0,121.86757,24.585333,42.7,30,2024-04-22 22:35:38,1367
1929,,,SHENG FU NO-16,416000357,15,0.0,121.867592,24.58532,360.0,0,2024-04-22 22:39:34,1429
1919,,BK7770,,416000357,15,0.0,121.867565,24.585335,42.7,30,2024-04-22 22:43:38,1427
1573,0.0,BK7770,SHENG FU NO-16,416000357,15,0.0,121.867567,24.585335,42.7,30,2024-04-22 22:47:38,1189
1578,,,SHENG FU NO-16,416000357,15,0.0,121.867567,24.585335,42.7,0,2024-04-22 22:51:38,1191
1362,,BK7770,,416000357,15,0.0,121.867568,24.585303,360.0,30,2024-04-22 22:55:42,1061
1366,0.0,BK7770,SHENG FU NO-16,416000357,15,0.0,121.867563,24.585337,42.7,30,2024-04-22 22:59:40,1056
1741,,BK7770,,416000357,15,0.0,121.867577,24.585303,360.0,30,2024-04-22 23:03:40,1274
1572,,BK7770,,416000357,15,0.1,121.867578,24.585312,360.0,30,2024-04-22 23:07:43,1192
1704,,,,416000357,15,0.0,121.867578,24.58531,360.0,30,2024-04-22 23:12:42,1248
1479,,,,416000357,15,0.0,121.867567,24.585308,360.0,30,2024-04-22 23:16:47,1116
1587,,,,416000357,15,0.0,121.86757,24.585302,360.0,30,2024-04-22 23:20:45,1165
1738,,,SHENG FU NO.16,416000357,15,0.0,121.867573,24.585307,360.0,0,2024-04-22 23:24:46,1260
1571,,,,416000357,15,0.0,121.867567,24.5853,360.0,30,2024-04-22 23:28:48,1155
1540,,,,416000357,15,0.0,121.867583,24.585313,360.0,30,2024-04-22 23:32:49,1171
1474,,,,416000357,15,0.0,121.867585,24.585308,360.0,30,2024-04-22 23:36:53,1105
1926,,,,416000357,15,0.0,121.867587,24.585313,360.0,30,2024-04-22 23:40:52,1386
1612,,BK7770,,416000357,15,0.0,121.867602,24.585308,360.0,30,2024-04-22 23:45:55,1191
1506,,,SHENG FU NO-16,416000357,15,0.0,121.867595,24.585312,360.0,0,2024-04-22 23:49:58,1133
1473,,BK7770,,416000357,15,0.0,121.867592,24.585308,360.0,30,2024-04-22 23:53:58,1110
1793,,BK7770,,416000357,15,0.0,121.867582,24.585353,42.7,30,2024-04-22 23:57:38,1303
1440,,,SHENG FU NO-16,416000357,15,0.0,121.8676,24.58529,360.0,0,2024-04-23 00:01:31,1066
1457,,BK7770,,416000357,15,0.0,121.867595,24.585353,42.7,30,2024-04-23 00:05:38,1052
1562,,BK7770,,416000357,15,0.0,121.8676,24.585352,42.7,30,2024-04-23 00:09:38,1136
1440,,BK7770,,416000357,15,0.0,121.867603,24.585352,42.7,30,2024-04-23 00:13:38,1056
1540,,BK7770,,416000357,15,0.0,121.867605,24.585305,360.0,30,2024-04-23 00:17:41,1112
1564,,BK7770,,416000357,15,0.0,121.86761,24.585348,42.7,30,2024-04-23 00:21:38,1103
1282,,BK7770,,416000357,15,0.0,121.867605,24.585307,360.0,30,2024-04-23 00:25:46,924
1174,0.0,BK7770,SHENG FU NO-16,416000357,0,0.0,121.8676,24.585298,0.0,30,2024-04-23 00:29:39,886
1257,,,,416000357,15,0.0,121.867573,24.585292,360.0,30,2024-04-23 00:34:43,918
1125,,BK7770,,416000357,15,0.0,121.867582,24.585283,360.0,30,2024-04-23 00:37:46,825
1207,,,,416000357,15,0.0,121.867612,24.585335,42.7,30,2024-04-23 00:42:38,889
1170,,,,416000357,15,0.0,121.867583,24.585278,360.0,30,2024-04-23 00:46:44,877
1404,,,,416000357,15,0.0,121.867585,24.585275,360.0,30,2024-04-23 00:50:49,1005
1033,,,,416000357,15,0.0,121.867575,24.585278,360.0,30,2024-04-23 00:54:48,767
1314,,,,416000357,15,0.0,121.867583,24.585298,360.0,30,2024-04-23 00:58:51,935
1340,,,SHENG FU NO-16,416000357,15,0.0,121.867558,24.585285,360.0,0,2024-04-23 01:03:54,949
1538,,,SHENG FU NO-16,416000357,15,0.0,121.867563,24.58529,360.0,0,2024-04-23 01:07:56,1066
979,0.0,BK7770,SHENG FU NO-16,416000357,15,0.0,121.867557,24.58529,360.0,30,2024-04-23 01:11:59,741
1132,,BK7770,,416000357,15,0.0,121.867568,24.585275,360.0,30,2024-04-23 01:15:26,817
1481,,,,416000357,15,0.0,121.86756,24.58527,360.0,30,2024-04-23 01:18:59,1045
1216,0.0,BK7770,SHENG FU NO-16,416000357,0,0.0,121.867578,24.585277,0.0,30,2024-04-23 01:23:57,891
1492,,,SHENG FU NO-16,416000357,15,0.0,121.867593,24.585317,42.7,0,2024-04-23 01:27:38,1113
1495,,,SHENG FU NO-16,416000357,15,0.0,121.867592,24.585315,42.7,0,2024-04-23 01:31:38,1081
1415,,,SHENG FU NO.16,416000357,0,0.0,121.867585,24.585295,0.0,0,2024-04-23 01:35:58,1032
1389,,,,416000357,15,0.0,121.867588,24.585313,42.7,30,2024-04-23 01:39:38,1027
1634,,,,416000357,15,0.0,121.867585,24.585312,42.7,30,2024-04-23 01:43:38,1186
1345,,BK7770,,416000357,15,0.0,121.86758,24.58531,42.7,30,2024-04-23 01:48:40,1029
1627,,,,416000357,15,0.0,121.867577,24.585308,42.7,30,2024-04-23 01:52:38,1177
1499,,,,416000357,15,0.0,121.867573,24.58531,42.7,30,2024-04-23 01:56:38,1068
1329,,BK7770,,416000357,15,0.0,121.867563,24.585288,360.0,30,2024-04-23 02:00:41,957
1253,,,SHENG FU NO.16,416000357,15,0.0,121.867567,24.585288,360.0,0,2024-04-23 02:04:43,925
1318,,,,416000357,15,0.0,121.867575,24.585283,360.0,30,2024-04-23 02:08:43,977
1384,,BK7770,,416000357,15,0.0,121.867578,24.585272,360.0,30,2024-04-23 02:12:47,1016
1220,,,,416000357,15,0.0,121.867577,24.585287,360.0,30,2024-04-23 02:16:47,925
1331,,,SHENG FU NO.16,416000357,15,0.0,121.867573,24.585272,360.0,0,2024-04-23 02:21:45,983
1538,,,,416000357,15,0.0,121.867577,24.585268,360.0,30,2024-04-23 02:25:46,1082
1538,,BK7770,,416000357,15,0.0,121.86757,24.585273,360.0,30,2024-04-23 02:29:48,1146
1423,,BK7770,,416000357,15,0.0,121.867567,24.585275,360.0,30,2024-04-23 02:33:49,1126
1825,,,,416000357,15,0.0,121.867565,24.585268,360.0,30,2024-04-23 02:37:53,1344
1603,,BK7770,,416000357,15,0.0,121.867563,24.585263,360.0,30,2024-04-23 02:41:54,1228
1531,,BK7770,,416000357,15,0.0,121.867555,24.585293,42.7,30,2024-04-23 02:45:38,1178
1488,0.0,BK7770,SHENG FU NO-16,416000357,15,0.0,121.867557,24.585292,42.7,30,2024-04-23 02:49:40,1157
1485,,,SHENG FU NO-16,416000357,15,0.0,121.867573,24.585272,360.0,0,2024-04-23 02:53:57,1119
1802,,BK7770,,416000357,15,0.0,121.867557,24.585292,42.7,30,2024-04-23 02:57:40,1316
1581,,BK7770,,416000357,15,0.0,121.867557,24.585292,42.7,30,2024-04-23 03:01:38,1151
1511,,BK7770,,416000357,15,0.0,121.867557,24.585293,42.7,30,2024-04-23 03:05:38,1131
1527,,BK7770,,416000357,15,0.0,121.867557,24.585293,42.7,30,2024-04-23 03:09:38,1135
1807,0.0,BK7770,SHENG FU NO-16,416000357,15,0.0,121.867558,24.585292,42.7,30,2024-04-23 03:13:40,1324
1485,,,,416000357,15,0.0,121.86756,24.585292,42.7,30,2024-04-23 03:18:38,1105
1536,,BK7770,,416000357,15,0.0,121.867562,24.585292,42.7,30,2024-04-23 03:22:40,1150
1628,,BK7770,,416000357,15,0.0,121.867562,24.58529,42.7,30,2024-04-23 03:26:38,1229
1592,,BK7770,,416000357,15,0.0,121.867567,24.585285,360.0,30,2024-04-23 03:30:45,1205
1629,,BK7770,,416000357,15,0.0,121.867557,24.58528,360.0,30,2024-04-23 03:34:41,1206
1749,,BK7770,,416000357,15,0.0,121.867553,24.585278,360.0,30,2024-04-23 03:38:46,1299
1699,0.0,BK7770,SHENG FU NO-16,416000357,0,0.0,121.867567,24.585282,0.0,30,2024-04-23 03:42:43,1257
1364,,,SHENG FU NO-16,416000357,15,0.0,121.867562,24.58529,42.7,0,2024-04-23 03:47:10,1060
1501,,BK7770,,416000357,15,0.0,121.867558,24.585292,360.0,30,2024-04-23 03:49:44,1125
1354,0.0,BK7770,SHENG FU NO-16,416000357,15,0.0,121.867555,24.58528,360.0,30,2024-04-23 03:55:48,1041
1732,,BK7770,,416000357,15,0.0,121.867563,24.585287,42.7,30,2024-04-23 03:58:38,1272
1290,,BK7770,,416000357,15,0.0,121.867565,24.58529,42.7,30,2024-04-23 04:03:10,989
1484,0.0,BK7770,SHENG FU NO-16,416000357,15,0.0,121.867563,24.585265,360.0,30,2024-04-23 04:06:57,1110
1343,,BK7770,,416000357,15,0.0,121.867558,24.585275,360.0,30,2024-04-23 04:11:55,1011
1571,,BK7770,,416000357,15,0.0,121.867562,24.585285,360.0,30,2024-04-23 04:15:57,1183
1648,0.0,BK7770,SHENG FU NO-16,416000357,0,0.0,121.867557,24.58527,0.0,30,2024-04-23 04:18:55,1211
1406,,,SHENG FU NO-16,416000357,15,0.0,121.867567,24.585267,360.0,0,2024-04-23 04:22:58,1088
1614,,BK7770,,416000357,0,0.0,121.867565,24.585257,0.0,30,2024-04-23 04:27:55,1224
1537,,BK7770,,416000357,15,0.0,121.867585,24.585297,42.7,30,2024-04-23 04:31:40,1177
1422,,BK7770,,416000357,15,0.0,121.867585,24.585297,42.7,30,2024-04-23 04:35:38,1099
1803,,BK7770,,416000357,0,0.0,121.867567,24.58527,0.0,30,2024-04-23 04:39:59,1342
1429,,,,416000357,15,0.0,121.867585,24.58529,42.7,30,2024-04-23 04:44:40,1122
1478,,,,416000357,15,0.0,121.867585,24.585288,42.7,30,2024-04-23 04:48:38,1155
1623,,,,416000357,15,0.0,121.867583,24.585287,42.7,30,2024-04-23 04:52:38,1213
1528,,,,416000357,15,0.0,121.867583,24.585285,42.7,30,2024-04-23 04:56:40,1171
1469,,,SHENG FU NO.16,416000357,15,0.0,121.867567,24.585275,360.0,0,2024-04-23 05:00:40,1103
1455,,,,416000357,15,0.0,121.867558,24.585265,360.0,30,2024-04-23 05:04:42,1124
1668,,,,416000357,15,0.0,121.867563,24.58526,360.0,30,2024-04-23 05:08:43,1229
1363,,,,416000357,15,0.0,121.867577,24.58528,42.7,30,2024-04-23 05:12:40,1060
1333,,BK7770,,416000357,15,0.0,121.867563,24.585258,360.0,30,2024-04-23 05:17:44,1012
1587,,BK7770,,416000357,15,0.0,121.867557,24.585262,360.0,30,2024-04-23 05:21:45,1196
1762,,BK7770,,416000357,15,0.0,121.867553,24.585255,360.0,30,2024-04-23 05:25:49,1315
1515,,BK7770,,416000357,15,0.0,121.867555,24.585252,360.0,30,2024-04-23 05:29:48,1201
1864,,,,416000357,15,0.0,121.867548,24.585258,360.0,30,2024-04-23 05:32:51,1385
1426,,,,416000357,15,0.0,121.867548,24.585257,360.0,30,2024-04-23 05:36:51,1113
1350,,,SHENG FU NO-16,416000357,15,0.0,121.867552,24.585257,360.0,0,2024-04-23 05:41:52,1035
1445,,,,416000357,15,0.0,121.867547,24.585253,360.0,30,2024-04-23 05:44:54,1055
1244,,,,416000357,15,0.0,121.867547,24.585265,360.0,30,2024-04-23 05:46:57,909
1253,,BK7770,,416000357,15,0.0,121.867552,24.585268,360.0,30,2024-04-23 05:53:59,931
1606,,,SHENG FU NO-16,416000357,15,0.0,121.86757,24.585275,42.7,0,2024-04-23 05:57:38,1139
1497,0.0,BK7770,SHENG FU NO-16,416000357,15,0.0,121.867572,24.585278,42.7,30,2024-04-23 06:01:38,1120
1343,,BK7770,,416000357,15,0.0,121.867575,24.585278,42.7,30,2024-04-23 06:05:38,1019
1301,,,,416000357,15,0.0,121.867573,24.585278,42.7,30,2024-04-23 06:09:38,984
1572,,,,416000357,15,0.0,121.867575,24.585278,42.7,30,2024-04-23 06:14:38,1149
1353,,,,416000357,15,0.0,121.867575,24.585278,42.7,30,2024-04-23 06:18:38,1034
1523,,,,416000357,15,0.0,121.867575,24.585278,42.7,30,2024-04-23 06:22:38,1140
1537,,,,416000357,15,0.0,121.867558,24.58526,360.0,30,2024-04-23 06:26:36,1135
1515,,,SHENG FU NO.16,416000357,15,6.6,121.86909,24.584945,114.4,0,2024-04-23 06:30:58,1118
1349,,,,416000357,15,0.0,121.871637,24.580492,146.9,30,2024-04-23 06:34:58,1038
1119,,,,416000357,15,0.0,121.871638,24.580493,146.9,30,2024-04-23 06:38:58,875
1345,,,,416000357,15,0.0,121.87164,24.580495,146.9,30,2024-04-23 06:42:58,1005
1403,,,,416000357,15,0.0,121.871638,24.580498,146.9,30,2024-04-23 06:46:58,1046
1542,,,,416000357,15,0.0,121.871638,24.580503,146.9,30,2024-04-23 06:51:28,1178
1295,,,,416000357,15,0.0,121.869727,24.582432,322.2,30,2024-04-23 06:57:38,989
1379,,,,416000357,15,0.0,121.869728,24.582428,322.2,30,2024-04-23 07:02:38,1040
1424,,,,416000357,15,0.1,121.86973,24.582425,322.2,30,2024-04-23 07:07:38,1119
1532,,,,416000357,15,0.0,121.86975,24.582428,82.9,30,2024-04-23 07:11:38,1177
1427,,,,416000357,15,0.0,121.86975,24.582427,82.9,30,2024-04-23 07:15:38,1120
1863,,,,416000357,15,0.0,121.869752,24.582427,82.9,30,2024-04-23 07:19:38,1388
1426,,,,416000357,15,0.0,121.86975,24.582423,82.9,30,2024-04-23 07:23:38,1110
1479,,,,416000357,15,0.0,121.869752,24.582423,82.9,30,2024-04-23 07:27:38,1116
1610,,,SHENG FU NO.16,416000357,15,0.0,121.869752,24.582423,82.9,0,2024-04-23 07:31:38,1154
1289,,,,416000357,15,6.1,121.86906,24.585002,291.7,30,2024-04-23 07:35:57,918
1173,,,,416000357,15,0.0,121.866718,24.584935,282.7,30,2024-04-23 07:39:07,883
1279,,,,416000357,15,0.0,121.866718,24.584937,282.7,30,2024-04-23 07:43:37,965
1224,,,,416000357,15,0.0,121.866717,24.584935,282.7,30,2024-04-23 07:48:07,941
1539,,,,416000357,15,0.0,121.866715,24.584935,282.7,30,2024-04-23 07:52:37,1129
1555,,,,416000357,15,0.0,121.866713,24.584935,282.7,30,2024-04-23 07:56:39,1177
1566,,,,416000357,15,0.0,121.866713,24.584933,282.7,30,2024-04-23 07:59:37,1197
1368,,,,416000357,15,0.0,121.86671,24.584933,282.7,30,2024-04-23 08:04:37,1072
1767,,,,416000357,15,0.0,121.866708,24.584932,282.7,30,2024-04-23 08:09:07,1296
1458,,,,416000357,15,0.0,121.866708,24.584932,282.7,30,2024-04-23 08:13:37,1113
1577,,,,416000357,15,0.0,121.866708,24.584932,282.7,30,2024-04-23 08:17:37,1207
1698,,,,416000357,15,0.0,121.86671,24.584932,282.7,30,2024-04-23 08:21:37,1232
1733,,,,416000357,15,0.0,121.866712,24.584932,282.7,30,2024-04-23 08:24:37,1236
1606,,,,416000357,15,0.0,121.866713,24.58493,282.7,30,2024-04-23 08:29:39,1156
1239,,,,416000357,15,0.0,121.866715,24.584928,282.7,30,2024-04-23 08:33:07,964
1689,,,,416000357,15,0.0,121.866717,24.584928,282.7,30,2024-04-23 08:37:37,1254
1739,,,,416000357,15,0.0,121.866717,24.584928,282.7,30,2024-04-23 08:41:07,1292
1485,,,,416000357,15,0.0,121.866715,24.58493,282.7,30,2024-04-23 08:45:37,1135
1361,,,,416000357,15,0.0,121.866713,24.584932,282.7,30,2024-04-23 08:49:37,1066
1517,,,,416000357,15,0.0,121.86671,24.584933,282.7,30,2024-04-23 08:53:39,1125
1452,,,,416000357,15,0.0,121.866708,24.584933,282.7,30,2024-04-23 08:55:37,1057
1278,,,,416000357,15,0.0,121.866705,24.584933,282.7,30,2024-04-23 09:00:37,931
1415,,,,416000357,15,0.0,121.866703,24.584933,282.7,30,2024-04-23 09:05:07,1008
1134,,,,416000357,15,0.0,121.866703,24.584933,282.7,30,2024-04-23 09:10:37,841
1198,,,,416000357,15,0.0,121.866705,24.584935,282.7,30,2024-04-23 09:14:37,906
1473,,,,416000357,15,0.0,121.866703,24.584937,282.7,30,2024-04-23 09:17:39,1093
1399,,,,416000357,15,0.0,121.866702,24.584938,282.7,30,2024-04-23 09:22:37,1052
1474,,,,416000357,15,0.0,121.866703,24.584938,282.7,30,2024-04-23 09:26:37,1111
1413,,,,416000357,15,0.0,121.866703,24.584938,282.7,30,2024-04-23 09:30:37,1081
1619,,,,416000357,15,0.0,121.866708,24.58494,282.7,30,2024-04-23 09:34:37,1186
1429,,,,416000357,15,0.0,121.866708,24.58494,282.7,30,2024-04-23 09:37:37,1041
1550,,,,416000357,15,0.0,121.866712,24.584938,282.7,30,2024-04-23 09:43:37,1098
1327,,,,416000357,15,0.0,121.866712,24.584938,282.7,30,2024-04-23 09:46:37,955
1230,,,,416000357,15,0.0,121.86671,24.58494,282.7,30,2024-04-23 09:51:07,939
1284,,,,416000357,15,0.0,121.86671,24.58494,282.7,30,2024-04-23 09:55:37,956
1341,,,,416000357,15,0.0,121.866712,24.584942,282.7,30,2024-04-23 09:58:37,1013
1628,,,,416000357,15,0.0,121.866713,24.584945,282.7,30,2024-04-23 10:03:37,1200
1688,,,,416000357,15,0.0,121.866713,24.584947,282.7,30,2024-04-23 10:06:39,1221
1509,,,,416000357,15,0.0,121.866713,24.58495,282.7,30,2024-04-23 10:11:37,1088
1527,,,,416000357,15,0.0,121.866708,24.58495,282.7,30,2024-04-23 10:15:37,1138
1324,,,,416000357,15,0.0,121.866703,24.584952,282.7,30,2024-04-23 10:19:37,990
1503,,,SHENG FU NO.16,416000357,15,0.0,121.866703,24.584953,282.7,0,2024-04-23 10:23:07,1091
1456,,,,416000357,15,0.0,121.866702,24.584957,282.7,30,2024-04-23 10:27:37,1072
1684,,,,416000357,15,0.0,121.866698,24.58496,282.7,30,2024-04-23 10:31:37,1197
1405,,,,416000357,15,0.0,121.86669,24.584965,282.7,30,2024-04-23 10:36:39,1066
1671,,,,416000357,15,0.0,121.866683,24.584968,282.7,30,2024-04-23 10:40:39,1201
1384,,,,416000357,15,0.0,121.866677,24.584972,282.7,30,2024-04-23 10:44:39,1044
1411,,,SHENG FU NO.16,416000357,15,0.0,121.866677,24.584975,282.7,0,2024-04-23 10:48:37,1075
1606,,,,416000357,15,0.0,121.866673,24.584977,282.7,30,2024-04-23 10:52:39,1145
1167,,,,416000357,15,0.0,121.866672,24.584978,282.7,30,2024-04-23 10:56:37,864
1087,,,,416000357,15,0.0,121.86667,24.58498,282.7,30,2024-04-23 11:01:09,812
1387,,,,416000357,15,0.0,121.866667,24.58498,282.7,30,2024-04-23 11:04:37,997
1505,,,,416000357,15,0.0,121.866665,24.584982,282.7,30,2024-04-23 11:09:37,1065
1444,,,,416000357,15,0.0,121.866665,24.584982,282.7,30,2024-04-23 11:13:37,1033
1489,,,,416000357,15,0.0,121.866665,24.584982,282.7,30,2024-04-23 11:17:37,1084
1229,,,,416000357,15,0.0,121.866667,24.584982,282.7,30,2024-04-23 11:21:37,894
1157,,,,416000357,15,0.0,121.866667,24.584982,282.7,30,2024-04-23 11:24:37,855
1303,,,,416000357,15,0.0,121.866667,24.584982,282.7,30,2024-04-23 11:26:37,901
1168,,,,416000357,15,0.0,121.866665,24.584982,282.7,30,2024-04-23 11:32:37,870
1354,,,,416000357,15,0.0,121.866667,24.584983,282.7,30,2024-04-23 11:37:37,975
1489,,,,416000357,15,0.0,121.866665,24.584982,282.7,30,2024-04-23 11:41:37,1093
1557,,,SHENG FU NO.16,416000357,15,0.0,121.866665,24.584983,282.7,0,2024-04-23 11:44:37,1123
1789,,,,416000357,15,0.0,121.866667,24.584987,282.7,30,2024-04-23 11:49:09,1281
1259,,,,416000357,15,0.0,121.866668,24.584992,282.7,30,2024-04-23 11:53:07,928
1286,,,,416000357,15,0.0,121.866672,24.584997,282.7,30,2024-04-23 11:58:39,952
1640,,,,416000357,15,0.0,121.866677,24.585,282.7,30,2024-04-23 12:02:37,1191
1393,,,,416000357,15,0.0,121.866677,24.585005,282.7,30,2024-04-23 12:06:37,1030
1410,,,,416000357,15,0.0,121.866682,24.585008,282.7,30,2024-04-23 12:10:37,1047
1470,,,,416000357,15,0.0,121.866683,24.585012,282.7,30,2024-04-23 12:14:37,1086
1306,,,,416000357,15,0.0,121.866685,24.585015,282.7,30,2024-04-23 12:18:37,1010
1356,,,,416000357,15,0.0,121.866688,24.585018,282.7,30,2024-04-23 12:22:39,1020
1285,,,,416000357,15,0.0,121.866688,24.585022,282.7,30,2024-04-23 12:26:37,1007
1393,,,,416000357,15,0.0,121.86669,24.585022,282.7,30,2024-04-23 12:30:07,1075
1484,,,,416000357,15,0.0,121.866693,24.585023,282.7,30,2024-04-23 12:34:39,1112
1527,,,,416000357,15,0.0,121.866693,24.585025,282.7,30,2024-04-23 12:39:37,1107
1465,,,,416000357,15,0.0,121.866695,24.585028,282.7,30,2024-04-23 12:43:37,1107
1572,,,,416000357,15,0.0,121.866695,24.585032,282.7,30,2024-04-23 12:47:37,1161
1458,,,,416000357,15,0.0,121.866697,24.585035,282.7,30,2024-04-23 12:51:37,1091
1518,,,,416000357,15,0.0,121.866698,24.585037,282.7,30,2024-04-23 12:55:07,1100
1684,,,,416000357,15,0.0,121.8667,24.585037,282.7,30,2024-04-23 12:59:37,1200
1393,,,,416000357,15,0.0,121.8667,24.585037,282.7,30,2024-04-23 13:01:39,1023
1689,,,,416000357,15,0.0,121.866702,24.58504,282.7,30,2024-04-23 13:07:07,1165
1289,,,,416000357,15,0.0,121.866703,24.585042,282.7,30,2024-04-23 13:11:07,919
1423,,,,416000357,15,0.0,121.866703,24.585043,282.7,30,2024-04-23 13:15:37,1006
1517,,,,416000357,15,0.0,121.866708,24.585043,282.7,30,2024-04-23 13:20:37,1101
1368,,,,416000357,15,0.0,121.866708,24.585043,282.7,30,2024-04-23 13:24:39,1060
1349,,,,416000357,15,0.0,121.86671,24.585042,282.7,30,2024-04-23 13:28:37,1003
1545,,,,416000357,15,0.0,121.866712,24.58504,282.7,30,2024-04-23 13:32:37,1068
1438,,,,416000357,15,0.0,121.866715,24.585038,282.7,30,2024-04-23 13:36:37,1026
1580,,,,416000357,15,0.0,121.866717,24.585035,282.7,30,2024-04-23 13:40:07,1094
1529,,,,416000357,15,0.0,121.866717,24.585032,282.7,30,2024-04-23 13:44:37,1084
1664,,,,416000357,15,0.0,121.866713,24.58503,282.7,30,2024-04-23 13:48:07,1162
1568,,,,416000357,15,0.0,121.866713,24.585028,282.7,30,2024-04-23 13:53:39,1132
1410,,,,416000357,15,0.0,121.866715,24.585025,282.7,30,2024-04-23 13:57:39,1040
1652,,,,416000357,15,0.0,121.866713,24.585025,282.7,30,2024-04-23 14:01:37,1153
1680,,,,416000357,15,0.0,121.866708,24.585023,282.7,30,2024-04-23 14:05:09,1190
1458,,,,416000357,15,0.0,121.866703,24.585022,282.7,30,2024-04-23 14:09:37,1067
1355,,,,416000357,15,0.0,121.8667,24.585022,282.7,30,2024-04-23 14:13:37,1015
1508,,,,416000357,15,0.0,121.866695,24.585018,282.7,30,2024-04-23 14:17:37,1061
1414,,,,416000357,15,0.0,121.86669,24.585015,282.7,30,2024-04-23 14:21:37,1047
1401,,,,416000357,15,0.0,121.866687,24.585015,282.7,30,2024-04-23 14:25:37,991
1507,,,,416000357,15,0.0,121.866683,24.585015,282.7,30,2024-04-23 14:29:37,1058
1379,,,,416000357,15,0.0,121.86668,24.585015,282.7,30,2024-04-23 14:33:37,1024
1383,,,,416000357,15,0.0,121.86668,24.585015,282.7,30,2024-04-23 14:37:37,998
1501,,,,416000357,15,0.0,121.866678,24.585015,282.7,30,2024-04-23 14:41:37,1063
1416,,,,416000357,15,0.0,121.866678,24.585018,282.7,30,2024-04-23 14:46:39,1038
1857,,,,416000357,15,0.0,121.866677,24.58502,282.7,30,2024-04-23 14:50:37,1304
1506,,,,416000357,15,0.0,121.866678,24.585022,282.7,30,2024-04-23 14:54:37,1114
1572,,,,416000357,15,0.0,121.86668,24.585023,282.7,30,2024-04-23 14:58:37,1133
1578,,,,416000357,15,0.0,121.866683,24.585025,282.7,30,2024-04-23 15:02:37,1136
1802,,,,416000357,15,0.0,121.866685,24.585027,282.7,30,2024-04-23 15:06:37,1241
1683,,,,416000357,15,0.0,121.866618,24.585067,324.0,30,2024-04-23 15:10:07,1189
1569,,,,416000357,15,0.0,121.866708,24.585068,86.9,30,2024-04-23 15:14:37,1126
2037,,,,416000357,15,0.0,121.86671,24.585068,86.9,30,2024-04-23 15:19:37,1415
1532,,,,416000357,15,0.0,121.86671,24.585068,86.9,30,2024-04-23 15:23:37,1116
1466,,,,416000357,15,0.0,121.866713,24.585067,86.9,30,2024-04-23 15:27:37,1058
1587,,,,416000357,15,0.0,121.866715,24.585065,86.9,30,2024-04-23 15:31:37,1157
1733,,,,416000357,15,0.0,121.866717,24.585065,86.9,30,2024-04-23 15:34:37,1231
1616,,,,416000357,15,0.0,121.866717,24.585063,86.9,30,2024-04-23 15:39:37,1168
1343,,,,416000357,15,0.0,121.866715,24.585063,86.9,30,2024-04-23 15:43:07,988
1328,,,,416000357,15,0.0,121.866712,24.585065,86.9,30,2024-04-23 15:47:37,968
1274,,,,416000357,15,0.0,121.86671,24.585065,86.9,30,2024-04-23 15:51:37,935
1355,,,,416000357,15,0.0,121.86671,24.585067,86.9,30,2024-04-23 15:55:37,989
1700,,,,416000357,15,0.0,121.86671,24.585068,86.9,30,2024-04-23 15:59:37,1222
1866,,,,416000357,15,0.0,121.86671,24.58507,86.9,30,2024-04-23 16:03:37,1317
1756,,,,416000357,15,0.0,121.86671,24.585072,86.9,30,2024-04-23 16:08:37,1266
1667,,,,416000357,15,0.0,121.866708,24.585072,86.9,30,2024-04-23 16:12:39,1216
1809,,,,416000357,15,0.0,121.866707,24.585073,86.9,30,2024-04-23 16:16:37,1278
1741,,,,416000357,15,0.0,121.866707,24.585073,86.9,30,2024-04-23 16:19:07,1219
1602,,,,416000357,15,0.0,121.866705,24.585078,86.9,30,2024-04-23 16:24:37,1114
1487,,,,416000357,15,0.0,121.866705,24.58508,86.9,30,2024-04-23 16:28:37,1017
1227,,,,416000357,15,0.0,121.866702,24.58508,86.9,30,2024-04-23 16:32:37,868
1480,,,,416000357,15,0.0,121.866702,24.585078,86.9,30,2024-04-23 16:36:37,1001
1311,,,,416000357,15,0.0,121.866702,24.585078,86.9,30,2024-04-23 16:40:39,937
1297,,,,416000357,15,0.0,121.8667,24.585077,86.9,30,2024-04-23 16:45:37,954
1648,,,,416000357,15,0.0,121.866698,24.585077,86.9,30,2024-04-23 16:49:37,1202
1592,,,,416000357,15,0.0,121.866698,24.585075,86.9,30,2024-04-23 16:53:39,1170
1880,,,,416000357,15,0.0,121.866698,24.585075,86.9,30,2024-04-23 16:57:37,1306
1433,,,,416000357,15,0.0,121.866697,24.585075,86.9,30,2024-04-23 17:01:07,1103
1508,,,,416000357,15,0.0,121.866698,24.585072,86.9,30,2024-04-23 17:05:07,1114
1694,,,,416000357,15,0.0,121.866697,24.58507,86.9,30,2024-04-23 17:09:07,1198
1523,,,,416000357,15,0.0,121.866697,24.585067,86.9,30,2024-04-23 17:13:39,1068
1352,,,,416000357,15,0.0,121.866695,24.585067,86.9,30,2024-04-23 17:17:37,976
1279,,,,416000357,15,0.0,121.866695,24.585065,86.9,30,2024-04-23 17:21:37,930
1103,,,,416000357,15,0.0,121.866693,24.585067,86.9,30,2024-04-23 17:25:37,799
1127,,,,416000357,15,0.0,121.866695,24.585067,86.9,30,2024-04-23 17:29:39,800
1358,,,,416000357,15,0.0,121.866697,24.585067,86.9,30,2024-04-23 17:33:39,951
1410,,,,416000357,15,0.0,121.866697,24.585067,86.9,30,2024-04-23 17:37:37,1008
1384,,,,416000357,15,0.0,121.866698,24.585068,86.9,30,2024-04-23 17:41:07,998
1909,,,,416000357,15,0.0,121.866705,24.585072,86.9,30,2024-04-23 17:46:39,1301
1477,,,,416000357,15,0.0,121.866712,24.585073,86.9,30,2024-04-23 17:50:37,993
1258,,,,416000357,15,0.0,121.86671,24.585073,86.9,30,2024-04-23 17:54:37,902
1425,,,,416000357,15,0.0,121.866708,24.58507,86.9,30,2024-04-23 17:58:37,991
1202,,,,416000357,15,0.0,121.866708,24.585068,86.9,30,2024-04-23 18:02:07,877
1092,,,,416000357,15,0.0,121.866707,24.585065,86.9,30,2024-04-23 18:06:37,778
1371,,,,416000357,15,0.0,121.866705,24.585063,86.9,30,2024-04-23 18:10:37,939
1204,,,,416000357,15,0.0,121.866703,24.585062,86.9,30,2024-04-23 18:14:37,891
1346,,,,416000357,15,0.0,121.866702,24.585062,86.9,30,2024-04-23 18:18:39,982
1529,,BK7770,,416000357,15,0.0,121.866673,24.58503,360.0,30,2024-04-23 18:23:49,1103
1515,,,,416000357,15,0.0,121.8667,24.58506,86.9,30,2024-04-23 18:27:37,1137
1739,,,,416000357,15,0.0,121.866698,24.58506,86.9,30,2024-04-23 18:31:37,1233
1362,,,,416000357,15,0.0,121.866698,24.58506,86.9,30,2024-04-23 18:35:39,1037
1471,,,,416000357,15,0.0,121.866698,24.585062,86.9,30,2024-04-23 18:39:37,1095
1393,,,,416000357,15,0.0,121.866697,24.585065,86.9,30,2024-04-23 18:43:37,1026
1455,,,,416000357,15,0.0,121.866695,24.585067,86.9,30,2024-04-23 18:46:37,1025
1782,,,,416000357,15,0.0,121.866695,24.585072,86.9,30,2024-04-23 18:51:37,1233
1976,,,,416000357,15,0.0,121.866695,24.585073,86.9,30,2024-04-23 18:55:37,1364
1400,,,,416000357,15,0.0,121.866695,24.585077,86.9,30,2024-04-23 18:59:37,1016
1621,,,,416000357,15,0.0,121.866697,24.585078,86.9,30,2024-04-23 19:03:37,1158
1626,,,,416000357,15,0.0,121.866698,24.58508,86.9,30,2024-04-23 19:07:37,1146
1456,,,,416000357,15,0.0,121.8667,24.58508,86.9,30,2024-04-23 19:11:39,1054
1446,,,,416000357,15,0.0,121.866703,24.58508,86.9,30,2024-04-23 19:16:37,1039
1469,,,,416000357,15,0.0,121.866705,24.58508,86.9,30,2024-04-23 19:19:37,1079
1475,,,,416000357,15,0.0,121.866707,24.585078,86.9,30,2024-04-23 19:24:37,1101
1534,,,,416000357,15,0.0,121.866708,24.585075,86.9,30,2024-04-23 19:28:07,1096
1401,,,,416000357,15,0.0,121.86671,24.585073,86.9,30,2024-04-23 19:32:37,1044
1508,,,,416000357,15,0.0,121.866712,24.585068,86.9,30,2024-04-23 19:36:37,1112
2331,,,,416000357,15,0.0,121.866712,24.585063,86.9,30,2024-04-23 19:41:07,1600
1403,,,,416000357,15,0.0,121.866712,24.585058,86.9,30,2024-04-23 19:44:37,1007
1095,,,,416000357,15,0.0,121.866712,24.585053,86.9,30,2024-04-23 19:48:39,772
1386,,,,416000357,15,0.0,121.866715,24.585047,86.9,30,2024-04-23 19:52:37,964
1326,,,,416000357,15,0.0,121.866718,24.585043,86.9,30,2024-04-23 19:56:37,932
988,,,,416000357,15,0.0,121.866718,24.585042,86.9,30,2024-04-23 20:00:37,741
1148,,,,416000357,15,0.0,121.86672,24.585038,86.9,30,2024-04-23 20:05:39,830
1110,,,,416000357,15,0.0,121.86672,24.58504,86.9,30,2024-04-23 20:09:39,825
1222,,,,416000357,15,0.0,121.86672,24.585038,86.9,30,2024-04-23 20:13:39,872
1612,,,,416000357,15,0.0,121.866722,24.585038,86.9,30,2024-04-23 20:17:37,1119
1117,,,,416000357,15,0.0,121.866725,24.585038,86.9,30,2024-04-23 20:21:37,862
1335,,,,416000357,15,0.0,121.866727,24.585042,86.9,30,2024-04-23 20:25:37,910
1432,,,,416000357,15,0.0,121.866728,24.585043,86.9,30,2024-04-23 20:29:37,964
1159,,,,416000357,15,0.0,121.86673,24.585047,86.9,30,2024-04-23 20:31:39,803
1113,,,,416000357,15,0.0,121.866733,24.585052,86.9,30,2024-04-23 20:37:37,796
1394,,,,416000357,15,0.0,121.866737,24.585055,86.9,30,2024-04-23 20:41:39,1005
1463,,,,416000357,15,0.0,121.866738,24.585058,86.9,30,2024-04-23 20:45:37,1057
1573,,,,416000357,15,0.0,121.86674,24.58506,86.9,30,2024-04-23 20:49:37,1124
1385,,,,416000357,15,0.0,121.86674,24.585062,86.9,30,2024-04-23 20:53:37,1013
1459,,,,416000357,15,0.0,121.866742,24.585063,86.9,30,2024-04-23 20:56:37,1062
1555,,,,416000357,15,0.0,121.866742,24.585067,86.9,30,2024-04-23 21:00:37,1098
1492,,,,416000357,15,0.0,121.866743,24.585068,86.9,30,2024-04-23 21:03:39,1043
1386,,,,416000357,15,0.0,121.866743,24.585072,86.9,30,2024-04-23 21:10:37,1004
1356,,,,416000357,15,0.0,121.866743,24.585073,86.9,30,2024-04-23 21:14:37,980
1284,,,,416000357,15,0.0,121.866743,24.585075,86.9,30,2024-04-23 21:18:07,921
1450,,,,416000357,15,0.0,121.866742,24.585077,86.9,30,2024-04-23 21:23:07,1003
1425,,,,416000357,15,0.0,121.866738,24.585077,86.9,30,2024-04-23 21:26:37,957
1338,,,,416000357,15,0.0,121.866733,24.585078,86.9,30,2024-04-23 21:30:39,933
1410,,,,416000357,15,0.0,121.866727,24.585078,86.9,30,2024-04-23 21:34:37,1011
1579,,,,416000357,15,0.0,121.866723,24.585078,86.9,30,2024-04-23 21:38:37,1091
1550,,,,416000357,15,0.0,121.866718,24.585077,86.9,30,2024-04-23 21:43:37,1070
1350,,,,416000357,15,0.0,121.866712,24.585075,86.9,30,2024-04-23 21:47:37,985
1520,,,,416000357,15,0.0,121.866705,24.585072,86.9,30,2024-04-23 21:51:39,1064
1561,,,,416000357,15,0.0,121.866702,24.585068,86.9,30,2024-04-23 21:53:37,1081
1367,,,,416000357,15,0.0,121.866697,24.58506,86.9,30,2024-04-23 21:59:37,996
1520,,,,416000357,15,0.0,121.866692,24.585052,86.9,30,2024-04-23 22:03:37,1057
1607,,,,416000357,15,0.0,121.866692,24.585048,86.9,30,2024-04-23 22:07:39,1117
1600,,,,416000357,15,0.0,121.86669,24.585045,86.9,30,2024-04-23 22:11:37,1084
1328,,,,416000357,15,0.0,121.86669,24.585045,86.9,30,2024-04-23 22:15:37,916
1399,,,,416000357,15,0.0,121.866692,24.585045,86.9,30,2024-04-23 22:19:37,1002
1391,,,,416000357,15,0.0,121.866693,24.585043,86.9,30,2024-04-23 22:22:37,1016
1292,,,,416000357,15,0.0,121.866692,24.585043,86.9,30,2024-04-23 22:27:37,969
1456,,,,416000357,15,0.0,121.86669,24.585043,86.9,30,2024-04-23 22:31:39,1047
1511,,,,416000357,15,0.0,121.866687,24.585045,86.9,30,2024-04-23 22:35:39,1063
1343,,,,416000357,15,0.0,121.866685,24.585045,86.9,30,2024-04-23 22:39:39,1012
1679,,,,416000357,15,0.0,121.866682,24.585048,86.9,30,2024-04-23 22:44:37,1186
1621,,,,416000357,15,0.0,121.866683,24.585048,86.9,30,2024-04-23 22:47:09,1155
1847,,,,416000357,15,0.0,121.866687,24.585048,86.9,30,2024-04-23 22:51:37,1276
1397,,,,416000357,15,0.0,121.866693,24.585048,86.9,30,2024-04-23 22:55:39,1037
1631,,,,416000357,15,0.0,121.866697,24.585052,86.9,30,2024-04-23 23:00:07,1157
1287,,,,416000357,15,0.0,121.8667,24.585055,86.9,30,2024-04-23 23:04:07,954
1526,,,,416000357,15,0.0,121.866703,24.585057,86.9,30,2024-04-23 23:08:37,1062
1673,,,,416000357,15,0.0,121.866707,24.585058,86.9,30,2024-04-23 23:12:37,1160
1375,,BK7770,,416000357,0,8.0,121.869238,24.587747,348.5,30,2024-04-23 23:20:57,969
1106,,,,416000357,0,8.5,121.876533,24.59312,72.1,30,2024-04-23 23:25:01,790
1223,0,BK7770,SHENG FU NO-16,416000357,0,8.2,121.886737,24.593692,91.7,30,2024-04-23 23:28:58,905
1391,,,,416000357,0,8.3,121.897042,24.593432,85.6,30,2024-04-23 23:32:59,977
1287,,,,416000357,0,9.4,121.910153,24.594122,93.1,30,2024-04-23 23:37:57,918
1291,0,BK7770,SHENG FU NO-16,416000357,0,7.2,121.919593,24.596015,72.5,30,2024-04-23 23:41:58,941
1285,,,,416000357,0,7.0,121.927688,24.598515,69.9,30,2024-04-23 23:45:56,947
1456,,,,416000357,0,6.8,121.93572,24.600987,68.4,30,2024-04-23 23:49:57,1035
1355,0,BK7770,SHENG FU NO-16,416000357,0,6.8,121.943592,24.60365,69.4,30,2024-04-23 23:53:57,967
1493,,,,416000357,0,7.1,121.949888,24.605663,75.8,30,2024-04-23 23:57:05,1038
1164,,,,416000357,0,6.7,121.95978,24.607973,75.4,30,2024-04-24 00:01:56,863
1146,0,BK7770,SHENG FU NO-16,416000357,0,6.6,121.966355,24.609722,73.2,30,2024-04-24 00:05:16,817
1404,,,,416000357,0,6.6,121.975275,24.612207,76.1,30,2024-04-24 00:09:52,1013
1467,,,,416000357,0,6.5,121.983322,24.614035,75.9,30,2024-04-24 00:13:58,1058
1342,0,BK7770,SHENG FU NO-16,416000357,0,6.9,121.991382,24.61603,73.7,30,2024-04-24 00:17:59,1000
1364,,,,416000357,0,6.9,121.99751,24.617522,73.7,30,2024-04-24 00:20:59,1045
1633,,,,416000357,0,6.8,122.005605,24.619643,73.0,30,2024-04-24 00:24:57,1165
1404,0,BK7770,SHENG FU NO-16,416000357,0,6.7,122.015665,24.62214,75.7,30,2024-04-24 00:29:58,1023
1490,,,,416000357,0,6.7,122.019512,24.623125,73.9,30,2024-04-24 00:31:54,1033
2027,,,,416000357,0,7.1,122.030428,24.62589,73.8,30,2024-04-24 00:37:13,1408
1786,,,,416000357,0,7.2,122.042882,24.628233,74.7,30,2024-04-24 00:42:59,1253
1625,,,,416000357,0,7.2,122.051395,24.630278,77.1,30,2024-04-24 00:46:56,1159
1490,,,,416000357,0,7.3,122.060085,24.632292,75.1,30,2024-04-24 00:50:56,1071
1350,,,,416000357,0,7.3,122.06887,24.634108,75.9,30,2024-04-24 00:54:57,1013
1734,,,,416000357,0,7.3,122.077703,24.63606,75.6,30,2024-04-24 00:58:57,1214
1285,,,,416000357,0,7.4,122.08424,24.63774,73.0,30,2024-04-24 01:01:57,966
1368,,,,416000357,0,7.3,122.095688,24.640618,76.6,30,2024-04-24 01:07:05,938
1445,,,,416000357,0,7.6,122.104855,24.642442,79.6,30,2024-04-24 01:11:06,1009
1558,,,,416000357,0,7.5,122.116008,24.644398,78.6,30,2024-04-24 01:15:59,1097
1693,,,,416000357,15,8.0,122.125108,24.646118,79.1,30,2024-04-24 01:19:52,1199
1611,0,BK7770,SHENG FU NO-16,416000357,0,7.7,122.134782,24.6478,79.8,30,2024-04-24 01:23:58,1144
1675,,,,416000357,0,7.2,122.14361,24.649413,81.2,30,2024-04-24 01:27:56,1188
1503,,,,416000357,0,6.7,122.152147,24.651267,75.4,30,2024-04-24 01:31:58,1095
1522,0,BK7770,SHENG FU NO-16,416000357,0,6.7,122.160218,24.65302,76.1,30,2024-04-24 01:35:56,1068
1161,,,,416000357,0,6.6,122.166322,24.654462,78.6,30,2024-04-24 01:38:59,830
1658,,,,416000357,0,6.6,122.176462,24.656928,72.5,30,2024-04-24 01:43:58,1134
1451,0,BK7770,SHENG FU NO-16,416000357,0,6.9,122.18433,24.658898,74.4,30,2024-04-24 01:47:56,1049
1741,,,,416000357,0,6.8,122.192457,24.660915,78.8,30,2024-04-24 01:51:59,1213
1316,,,,416000357,0,6.4,122.198672,24.662387,73.6,30,2024-04-24 01:55:06,969
1400,,,,416000357,0,6.2,122.206617,24.664628,72.5,30,2024-04-24 01:59:14,973
1599,,,,416000357,0,6.6,122.215758,24.667285,76.4,30,2024-04-24 02:03:57,1101
1548,0,BK7770,SHENG FU NO-16,416000357,0,6.3,122.219562,24.668235,76.0,30,2024-04-24 02:05:56,1072
1473,0,BK7770,SHENG FU NO-16,416000357,0,6.9,122.231477,24.67112,75.9,30,2024-04-24 02:11:56,1047
1332,,,,416000357,0,6.7,122.239447,24.673385,73.4,30,2024-04-24 02:15:58,969
1395,,,,416000357,0,6.8,122.247412,24.675772,72.1,30,2024-04-24 02:19:56,993
1476,,,,416000357,0,6.7,122.257482,24.678782,70.0,30,2024-04-24 02:24:57,1061
1397,,,,416000357,0,6.9,122.26548,24.681345,70.6,30,2024-04-24 02:28:56,1009
1510,,,,416000357,0,7.2,122.273945,24.684183,67.6,30,2024-04-24 02:33:05,1062
1337,,,,416000357,0,7.1,122.281958,24.687072,66.2,30,2024-04-24 02:36:59,959
1259,,,,416000357,0,7.4,122.290575,24.690565,65.9,30,2024-04-24 02:41:13,909
1614,,,,416000357,0,7.5,122.298408,24.694013,63.1,30,2024-04-24 02:44:59,1113
1609,,,SHENG FU NO.16,416000357,0,7.8,122.306642,24.697723,64.6,0,2024-04-24 02:48:56,1120
1469,,,,416000357,0,7.8,122.315253,24.701642,59.3,30,2024-04-24 02:52:58,1052
1854,,,,416000357,0,7.8,122.32367,24.705827,60.6,30,2024-04-24 02:56:57,1281
1665,,,,416000357,0,8.1,122.332175,24.710013,65.6,30,2024-04-24 03:00:56,1151
1274,,,,416000357,0,8.2,122.343137,24.715413,61.4,30,2024-04-24 03:05:58,907
1343,,,,416000357,0,8.0,122.351635,24.719603,62.3,30,2024-04-24 03:09:51,1003
1847,,,,416000357,0,8.1,122.360527,24.724007,60.5,30,2024-04-24 03:13:55,1294
1603,,,,416000357,0,8.2,122.369358,24.72857,58.7,30,2024-04-24 03:17:58,1120
1299,,,,416000357,0,8.2,122.378062,24.73322,58.6,30,2024-04-24 03:21:57,982
1338,,,,416000357,0,8.5,122.384687,24.736868,59.8,30,2024-04-24 03:24:58,954
1460,,,,416000357,0,8.5,122.395743,24.743018,59.6,30,2024-04-24 03:29:56,1017
1456,,,,416000357,0,8.6,122.404713,24.74794,58.7,30,2024-04-24 03:33:55,1047
1391,,,,416000357,0,8.6,122.413698,24.753005,59.3,30,2024-04-24 03:37:58,1019
1419,,,,416000357,0,8.4,122.42247,24.758068,58.1,30,2024-04-24 03:41:56,1030
1681,,,,416000357,0,8.7,122.431433,24.763308,57.5,30,2024-04-24 03:45:59,1185
1616,,,,416000357,0,8.6,122.438565,24.767482,59.1,30,2024-04-24 03:49:09,1127
1359,,,,416000357,0,8.9,122.44939,24.773842,58.4,30,2024-04-24 03:53:55,961
1277,,,,416000357,0,8.9,122.458622,24.779293,57.7,30,2024-04-24 03:57:57,902
2027,,,,416000357,0,8.9,122.467958,24.78481,58.2,30,2024-04-24 04:01:58,1408
1389,,,,416000357,0,9.2,122.479182,24.79156,57.6,30,2024-04-24 04:06:50,1035
1449,,,,416000357,0,9.0,122.488827,24.797395,55.6,30,2024-04-24 04:10:59,1061
1518,,,,416000357,0,8.7,122.49795,24.802855,57.0,30,2024-04-24 04:14:58,1051
1839,,,,416000357,0,8.9,122.506937,24.808058,55.5,30,2024-04-24 04:18:51,1263
1474,,,,416000357,0,8.9,122.51203,24.810967,59.2,30,2024-04-24 04:21:02,1076
1531,,,,416000357,0,8.9,122.51203,24.810967,59.2,30,2024-04-24 04:21:02,1115
1405,,,,416000357,0,8.9,122.51203,24.810967,59.2,30,2024-04-24 04:21:02,1075
1555,,,,416000357,0,8.3,122.568958,24.827827,75.4,30,2024-04-24 04:43:57,1132
1466,,,,416000357,0,8.4,122.580457,24.830215,76.5,30,2024-04-24 04:48:33,1106
1746,,,,416000357,15,8.1,122.598155,24.834077,73.7,30,2024-04-24 04:55:31,1244
1747,,,,416000357,0,8.6,122.607643,24.836362,75.2,30,2024-04-24 04:59:14,1247
1383,,,,416000357,0,8.6,122.607643,24.836362,75.2,30,2024-04-24 04:59:14,1033
1357,,,,416000357,0,8.5,122.618732,24.838798,81.0,30,2024-04-24 05:03:31,1009
1798,,,,416000357,0,8.5,122.618732,24.838798,81.0,30,2024-04-24 05:03:31,1270
1683,,,,416000357,0,8.5,122.618732,24.838798,81.0,30,2024-04-24 05:03:31,1184
