fid,IMO_Number,Call_Sign,ShipName,MMSI,Navigational_Status,SOG,Longitude,Latitude,COG,Ship_and_Cargo_Type,Record_Time,group
3648,,       ,,412509526,15,0.1,118.036977,24.46548,220.1,30,2024-04-15 22:06:42,2605
3688,,       ,,412509526,15,0.3,118.037122,24.464872,40.4,30,2024-04-15 23:24:31,2612
3364,,       ,,412509526,15,0.6,118.037037,24.464688,60.6,30,2024-04-16 02:12:32,2364
4066,,       ,,412509526,15,0.0,118.037178,24.464628,0.0,30,2024-04-16 06:48:45,2985
4500,,       ,,412509526,15,0.2,118.03695,24.465342,315.2,30,2024-04-16 12:42:38,3233
4446,,       ,,412509526,15,0.2,118.036977,24.465367,226.1,30,2024-04-16 12:54:39,3183
3855,,       ,,412509526,15,0.0,118.037055,24.465447,70.7,30,2024-04-16 16:06:40,2718
3871,,       ,,412509526,15,0.0,118.037298,24.465395,0.0,30,2024-04-16 17:06:42,2699
3485,,       ,,412509526,15,0.1,118.03711,24.465373,0.0,30,2024-04-16 21:18:46,2466
3895,,       ,,412509526,15,0.0,118.03714,24.464598,108.4,30,2024-04-17 09:24:57,2825
3149,,       ,,412509526,15,0.2,118.036858,24.464977,320.4,30,2024-04-17 11:19:01,2249
3473,,       ,,412509526,15,0.3,118.037207,24.465432,291.0,30,2024-04-17 15:55:00,2370
3529,,       ,,412509526,15,0.1,118.03711,24.465373,0.0,30,2024-04-17 18:37:03,2473
3345,,       ,,412509526,15,0.2,118.037343,24.464698,144.0,30,2024-04-17 20:25:04,2353
3597,,       ,,412509526,15,3.1,118.037087,24.464867,296.3,30,2024-04-17 20:49:11,2533
3392,,       ,,412509526,15,6.2,118.039447,24.460872,158.0,30,2024-04-18 09:22:56,2264
3787,,00,,412509526,15,6.8,118.051803,24.444428,148.0,30,2024-04-18 09:35:56,2519
3266,,00,,412509526,15,4.6,118.074973,24.431072,125.2,30,2024-04-18 09:49:20,2134
3540,,00,,412509526,15,5.8,118.079885,24.428317,124.9,30,2024-04-18 09:52:50,2325
3401,,00,,412509526,15,6.6,118.087493,24.424332,120.0,30,2024-04-18 09:57:20,2253
3672,,00,,412509526,15,6.9,118.096628,24.41984,124.2,30,2024-04-18 10:02:20,2411
3384,,00,,412509526,15,6.0,118.101518,24.416822,115.4,30,2024-04-18 10:05:20,2216
3598,,00,,412509526,15,0.4,118.110973,24.412252,147.6,30,2024-04-18 10:14:21,2361
3503,,00,,412509526,15,6.2,118.106335,24.419428,319.0,30,2024-04-18 10:55:02,2282
3342,,00,,412509526,15,5.8,118.101053,24.424072,300.2,30,2024-04-18 10:59:02,2192
3548,,00,,412509526,15,5.6,118.09373,24.427033,286.0,30,2024-04-18 11:03:32,2303
3720,,00,,412509526,15,6.2,118.08845,24.428188,293.7,30,2024-04-18 11:06:32,2402
3624,,00,,412509526,15,6.2,118.082107,24.429863,284.3,30,2024-04-18 11:10:02,2349
3389,,,MIN LONG YU YOU60165,412509526,15,6.4,118.072423,24.434027,294.9,0,2024-04-18 11:15:32,2212
3397,,,MIN LONG YU YOU60165,412509526,15,6.4,118.055198,24.441675,295.9,0,2024-04-18 11:25:12,2206
3295,,00,,412509526,15,6.4,118.04325,24.456733,335.2,30,2024-04-18 11:35:32,2121
3257,,00,,412509526,15,2.4,118.03717,24.464923,132.1,30,2024-04-18 11:46:27,2103
3430,,,MIN LONG YU YOU60165,412509526,15,0.3,118.037007,24.4649,205.3,0,2024-04-18 12:28:15,2186
3033,,,MIN LONG YU YOU60165,412509526,15,0.1,118.0369,24.464923,0.0,0,2024-04-18 17:03:00,1932
3353,,,MIN LONG YU YOU60165,412509526,15,0.0,118.036918,24.46498,286.4,0,2024-04-18 17:13:16,2143
3472,,,MIN LONG YU YOU60165,412509526,15,4.7,118.036902,24.465138,249.2,0,2024-04-18 18:43:17,2276
3024,,,MIN LONG YU YOU60165,412509526,15,5.8,118.037027,24.464775,153.8,0,2024-04-18 19:55:17,1954
3048,,,MIN LONG YU YOU60165,412509526,15,0.0,118.037033,24.464807,226.2,0,2024-04-18 20:31:53,1970
3084,,,MIN LONG YU YOU60165,412509526,15,0.2,118.03696,24.46488,40.4,0,2024-04-19 00:43:19,1966
3278,,,MIN LONG YU YOU60165,412509526,15,0.2,118.036915,24.46492,294.2,0,2024-04-19 01:13:33,2044
3405,,,MIN LONG YU YOU60165,412509526,15,0.3,118.03743,24.46512,0.0,0,2024-04-19 04:43:26,2266
3725,,,MIN LONG YU YOU60165,412509526,15,0.2,118.037198,24.465203,339.1,0,2024-04-19 05:49:24,2554
3871,,,MIN LONG YU YOU60165,412509526,15,0.1,118.037033,24.464837,10.1,0,2024-04-19 11:07:42,2654
3837,,,MIN LONG YU YOU60165,412509526,15,7.4,118.03963,24.460245,132.4,0,2024-04-19 12:20:02,2657
3615,,       ,,412509526,15,0.1,118.037133,24.465395,142.5,30,2024-04-19 13:01:54,2543
3955,,       ,,412509526,15,0.0,118.037107,24.465415,294.0,30,2024-04-19 15:01:41,2727
3527,,       ,,412509526,15,0.2,118.037383,24.465047,316.4,30,2024-04-19 21:19:36,2504
3357,,       ,,412509526,15,1.2,118.037407,24.465007,324.6,30,2024-04-19 21:31:37,2398
3678,,       ,,412509526,15,0.1,118.037408,24.464767,0.0,30,2024-04-19 22:13:35,2635
3662,,       ,,412509526,15,0.2,118.037238,24.464762,105.6,30,2024-04-19 22:49:38,2604
3612,,       ,,412509526,15,0.2,118.037203,24.464752,0.0,30,2024-04-20 00:01:39,2544
3657,,       ,,412509526,15,2.0,118.03706,24.464795,111.7,30,2024-04-20 01:13:38,2615
4121,,       ,,412509526,15,0.5,118.037303,24.464853,335.7,30,2024-04-20 02:01:38,2919
3656,,       ,,412509526,15,0.3,118.037165,24.464862,145.5,30,2024-04-20 02:31:38,2621
3733,,       ,,412509526,15,0.3,118.037055,24.464788,7.6,30,2024-04-20 02:49:39,2696
3735,,       ,,412509526,15,2.5,118.037267,24.465233,253.9,30,2024-04-20 04:13:39,2714
4367,,       ,,412509526,15,0.0,118.0373,24.46513,275.8,30,2024-04-20 04:25:41,3173
3730,,       ,,412509526,15,3.5,118.037135,24.465665,180.2,30,2024-04-20 06:07:40,2754
4098,,       ,,412509526,15,0.0,118.037212,24.464997,90.9,30,2024-04-20 06:49:40,3022
4286,,       ,,412509526,15,0.1,118.037283,24.464652,0.0,30,2024-04-20 11:31:43,3058
3963,,       ,,412509526,15,0.2,118.037565,24.464787,270.3,30,2024-04-20 13:01:43,2793
4058,,       ,,412509526,15,1.6,118.037442,24.464863,284.2,30,2024-04-20 13:25:43,2850
3886,,       ,,412509526,15,0.8,118.03755,24.464802,344.7,30,2024-04-20 14:13:46,2696
3969,,       ,,412509526,15,0.3,118.03763,24.464622,340.7,30,2024-04-20 14:49:46,2768
3844,,       ,,412509526,15,0.3,118.037413,24.465145,0.0,30,2024-04-21 05:01:50,2853
3730,,       ,,412509526,15,0.3,118.037723,24.465445,0.0,30,2024-04-21 15:52:59,2570
3681,,       ,,412509526,15,0.1,118.037145,24.464928,222.8,30,2024-04-22 01:44:06,2649
3782,,       ,,412509526,15,0.1,118.03713,24.465018,0.0,30,2024-04-22 03:44:04,2773
3842,,       ,,412509526,15,0.0,118.037067,24.465422,279.7,30,2024-04-22 10:38:09,2741
3792,,       ,,412509526,15,0.2,118.036877,24.465392,165.5,30,2024-04-22 16:41:15,2663
3540,,       ,,412509526,15,0.1,118.036528,24.465222,0.0,30,2024-04-22 19:02:15,2570
3594,,       ,,412509526,15,3.6,118.03716,24.465453,60.6,30,2024-04-22 20:02:15,2585
3521,,       ,,412509526,15,0.2,118.037453,24.464973,20.2,30,2024-04-22 23:32:18,2498
3743,,       ,,412509526,15,0.2,118.03772,24.464693,0.0,30,2024-04-22 23:50:19,2623
3408,,       ,,412509526,15,0.0,118.037792,24.464402,255.8,30,2024-04-23 01:44:29,2383
3546,,       ,,412509526,15,0.1,118.037283,24.464657,0.0,30,2024-04-23 02:38:20,2512
3638,,       ,,412509526,15,0.0,118.036953,24.46522,20.2,30,2024-04-23 07:26:34,2598
3399,,       ,,412509526,15,2.2,118.037097,24.465415,0.0,30,2024-04-23 08:32:25,2396
3268,,       ,,412509526,15,0.3,118.037585,24.465315,289.0,30,2024-04-23 09:44:28,2257
3728,,       ,,412509526,15,0.0,118.037222,24.465402,0.0,30,2024-04-23 10:56:26,2548
3558,,       ,,412509526,15,0.3,118.037212,24.465403,172.6,30,2024-04-23 11:14:28,2452
3522,,,MIN LONG YU YOU60165,412509526,15,6.9,118.03876,24.461567,159.4,0,2024-04-24 11:12:36,2232
3202,,,MIN LONG YU YOU60165,412509526,15,6.9,118.03876,24.461567,159.4,0,2024-04-24 11:12:36,2035
3242,,,MIN LONG YU YOU60165,412509526,15,6.9,118.03876,24.461567,159.4,0,2024-04-24 11:12:36,2051
2847,,,MIN LONG YU YOU60165,412509526,15,0.9,117.971768,24.406758,257.9,0,2024-04-24 12:17:49,1820
2707,,,MIN LONG YU YOU60165,412509526,15,0.9,117.971768,24.406758,257.9,0,2024-04-24 12:17:49,1739
2819,,,MIN LONG YU YOU60165,412509526,15,0.9,117.971768,24.406758,257.9,0,2024-04-24 12:17:49,1792
2813,,,MIN LONG YU YOU60165,412509526,15,0.0,117.971677,24.406958,15.8,0,2024-04-24 12:33:30,1790
2906,,,MIN LONG YU YOU60165,412509526,15,0.0,117.971677,24.406958,15.8,0,2024-04-24 12:33:30,1874
2918,,,MIN LONG YU YOU60165,412509526,15,0.0,117.971677,24.406958,15.8,0,2024-04-24 12:33:30,1873
2908,,,MIN LONG YU YOU60165,412509526,15,2.2,117.971238,24.407068,106.1,0,2024-04-24 13:02:46,1861
2919,,,MIN LONG YU YOU60165,412509526,15,2.2,117.971238,24.407068,106.1,0,2024-04-24 13:02:46,1853
2962,,,MIN LONG YU YOU60165,412509526,15,2.2,117.971238,24.407068,106.1,0,2024-04-24 13:02:46,1891
2763,,,MIN LONG YU YOU60165,412509526,15,0.2,117.971057,24.407195,226.7,0,2024-04-24 13:14:48,1761
2594,,,MIN LONG YU YOU60165,412509526,15,0.2,117.971057,24.407195,226.7,0,2024-04-24 13:14:48,1667
2986,,,MIN LONG YU YOU60165,412509526,15,0.2,117.971057,24.407195,226.7,0,2024-04-24 13:14:48,1910
2826,,,MIN LONG YU YOU60165,412509526,15,0.4,117.971203,24.407067,0.0,0,2024-04-24 13:26:47,1820
3004,,,MIN LONG YU YOU60165,412509526,15,0.4,117.971203,24.407067,0.0,0,2024-04-24 13:26:47,1933
3083,,,MIN LONG YU YOU60165,412509526,15,0.4,117.971203,24.407067,0.0,0,2024-04-24 13:26:47,2007
3318,,,MIN LONG YU YOU60165,412509526,15,0.0,117.971163,24.407053,317.2,0,2024-04-24 13:44:47,2173
3222,,,MIN LONG YU YOU60165,412509526,15,0.0,117.971163,24.407053,317.2,0,2024-04-24 13:44:47,2117
3117,,,MIN LONG YU YOU60165,412509526,15,0.0,117.971163,24.407053,317.2,0,2024-04-24 13:44:47,2037
3257,,,MIN LONG YU YOU60165,412509526,15,0.0,117.971163,24.407053,317.2,0,2024-04-24 13:44:47,2108
3186,,,MIN LONG YU YOU60165,412509526,15,0.1,117.971167,24.40704,0.0,0,2024-04-24 14:02:48,2053
3248,,,MIN LONG YU YOU60165,412509526,15,0.1,117.971167,24.40704,0.0,0,2024-04-24 14:02:48,2088
3100,,,MIN LONG YU YOU60165,412509526,15,0.1,117.971167,24.40704,0.0,0,2024-04-24 14:02:48,2000
3341,,,MIN LONG YU YOU60165,412509526,15,0.3,117.972112,24.407112,101.2,0,2024-04-24 14:26:50,2119
3595,,,MIN LONG YU YOU60165,412509526,15,0.3,117.972112,24.407112,101.2,0,2024-04-24 14:26:50,2279
3174,,,MIN LONG YU YOU60165,412509526,15,0.3,117.972112,24.407112,101.2,0,2024-04-24 14:26:50,2042
3077,,,MIN LONG YU YOU60165,412509526,15,0.2,117.972343,24.407098,164.1,0,2024-04-24 14:44:48,1961
3352,,,MIN LONG YU YOU60165,412509526,15,0.2,117.972343,24.407098,164.1,0,2024-04-24 14:44:48,2101
3113,,,MIN LONG YU YOU60165,412509526,15,0.2,117.972343,24.407098,164.1,0,2024-04-24 14:44:48,1942
2959,,,MIN LONG YU YOU60165,412509526,15,0.3,117.971182,24.40711,0.0,0,2024-04-24 14:56:58,1860
3007,,,MIN LONG YU YOU60165,412509526,15,0.3,117.971182,24.40711,0.0,0,2024-04-24 14:56:58,1867
2897,,,MIN LONG YU YOU60165,412509526,15,0.3,117.971182,24.40711,0.0,0,2024-04-24 14:56:58,1798
2798,,,MIN LONG YU YOU60165,412509526,15,0.1,117.971335,24.407158,246.7,0,2024-04-24 15:08:51,1730
2640,,,MIN LONG YU YOU60165,412509526,15,0.1,117.971335,24.407158,246.7,0,2024-04-24 15:08:51,1631
2536,,,MIN LONG YU YOU60165,412509526,15,0.1,117.971335,24.407158,246.7,0,2024-04-24 15:08:51,1550
2785,,,MIN LONG YU YOU60165,412509526,15,0.2,117.971357,24.407208,0.0,0,2024-04-24 15:32:52,1678
2848,,,MIN LONG YU YOU60165,412509526,15,0.2,117.971357,24.407208,0.0,0,2024-04-24 15:32:52,1718
2599,,,MIN LONG YU YOU60165,412509526,15,0.2,117.971357,24.407208,0.0,0,2024-04-24 15:32:52,1602
2999,,,MIN LONG YU YOU60165,412509526,15,0.2,117.971343,24.407053,70.7,0,2024-04-24 15:44:49,1855
3158,,,MIN LONG YU YOU60165,412509526,15,0.2,117.971343,24.407053,70.7,0,2024-04-24 15:44:49,1966
2968,,,MIN LONG YU YOU60165,412509526,15,0.2,117.971343,24.407053,70.7,0,2024-04-24 15:44:49,1914
3164,,,MIN LONG YU YOU60165,412509526,15,0.1,117.971248,24.407052,0.0,0,2024-04-24 16:44:51,1948
2820,,,MIN LONG YU YOU60165,412509526,15,0.1,117.971248,24.407052,0.0,0,2024-04-24 16:44:51,1739
2641,,,MIN LONG YU YOU60165,412509526,15,0.1,117.971248,24.407052,0.0,0,2024-04-24 16:44:51,1650
2538,,,MIN LONG YU YOU60165,412509526,15,0.0,117.971228,24.407,249.9,0,2024-04-24 17:02:54,1598
2675,,,MIN LONG YU YOU60165,412509526,15,0.0,117.971228,24.407,249.9,0,2024-04-24 17:02:54,1646
2591,,,MIN LONG YU YOU60165,412509526,15,0.0,117.971228,24.407,249.9,0,2024-04-24 17:02:54,1618
3103,,,MIN LONG YU YOU60165,412509526,15,0.1,117.97122,24.407235,348.7,0,2024-04-24 17:38:50,1961
2658,,,MIN LONG YU YOU60165,412509526,15,0.1,117.97122,24.407235,348.7,0,2024-04-24 17:38:50,1690
2862,,,MIN LONG YU YOU60165,412509526,15,0.1,117.97122,24.407235,348.7,0,2024-04-24 17:38:50,1809
2809,,,MIN LONG YU YOU60165,412509526,15,0.3,117.971253,24.407153,20.2,0,2024-04-24 17:50:55,1787
2958,,,MIN LONG YU YOU60165,412509526,15,0.3,117.971253,24.407153,20.2,0,2024-04-24 17:50:55,1893
3117,,,MIN LONG YU YOU60165,412509526,15,0.3,117.971253,24.407153,20.2,0,2024-04-24 17:50:55,2010
3085,,,MIN LONG YU YOU60165,412509526,15,0.1,117.97127,24.407235,20.2,0,2024-04-24 18:08:56,2005
3251,,,MIN LONG YU YOU60165,412509526,15,0.1,117.97127,24.407235,20.2,0,2024-04-24 18:08:56,2111
3095,,,MIN LONG YU YOU60165,412509526,15,0.1,117.97127,24.407235,20.2,0,2024-04-24 18:08:56,1996
3141,,,MIN LONG YU YOU60165,412509526,15,0.1,117.97127,24.407235,20.2,0,2024-04-24 18:08:56,2032
2871,,,MIN LONG YU YOU60165,412509526,15,0.3,117.971197,24.407237,114.4,0,2024-04-24 18:32:52,1846
2887,,,MIN LONG YU YOU60165,412509526,15,0.3,117.971197,24.407237,114.4,0,2024-04-24 18:32:52,1834
2727,,,MIN LONG YU YOU60165,412509526,15,0.3,117.971197,24.407237,114.4,0,2024-04-24 18:32:52,1773
2961,,,MIN LONG YU YOU60165,412509526,15,0.2,117.971293,24.407308,358.0,0,2024-04-24 18:51:01,1942
2898,,,MIN LONG YU YOU60165,412509526,15,0.2,117.971293,24.407308,358.0,0,2024-04-24 18:51:01,1893
2862,,,MIN LONG YU YOU60165,412509526,15,0.2,117.971293,24.407308,358.0,0,2024-04-24 18:51:01,1892
3061,,,MIN LONG YU YOU60165,412509526,15,0.3,117.97131,24.407367,359.3,0,2024-04-24 19:02:52,1983
2987,,,MIN LONG YU YOU60165,412509526,15,0.3,117.97131,24.407367,359.3,0,2024-04-24 19:02:52,1912
2826,,,MIN LONG YU YOU60165,412509526,15,0.3,117.97131,24.407367,359.3,0,2024-04-24 19:02:52,1848
3417,,,MIN LONG YU YOU60165,412509526,15,0.2,117.971293,24.407235,6.0,0,2024-04-24 19:32:53,2209
3047,,,MIN LONG YU YOU60165,412509526,15,0.2,117.971293,24.407235,6.0,0,2024-04-24 19:32:53,2017
3017,,,MIN LONG YU YOU60165,412509526,15,0.2,117.971293,24.407235,6.0,0,2024-04-24 19:32:53,1969
2979,,,MIN LONG YU YOU60165,412509526,15,0.2,117.971428,24.407735,40.4,0,2024-04-24 19:51:13,1969
3305,,,MIN LONG YU YOU60165,412509526,15,0.2,117.971428,24.407735,40.4,0,2024-04-24 19:51:13,2159
3356,,,MIN LONG YU YOU60165,412509526,15,0.2,117.971428,24.407735,40.4,0,2024-04-24 19:51:13,2176
3250,,,MIN LONG YU YOU60165,412509526,15,0.0,117.971225,24.407042,151.2,0,2024-04-24 20:08:55,2125
3029,,,MIN LONG YU YOU60165,412509526,15,0.0,117.971225,24.407042,151.2,0,2024-04-24 20:08:55,1991
3138,,,MIN LONG YU YOU60165,412509526,15,0.0,117.971225,24.407042,151.2,0,2024-04-24 20:08:55,2056
3143,,,MIN LONG YU YOU60165,412509526,15,0.3,117.971293,24.407023,298.3,0,2024-04-24 20:32:52,2063
3295,,,MIN LONG YU YOU60165,412509526,15,0.3,117.971293,24.407023,298.3,0,2024-04-24 20:32:52,2131
2967,,,MIN LONG YU YOU60165,412509526,15,0.3,117.971293,24.407023,298.3,0,2024-04-24 20:32:52,1962
3346,,,MIN LONG YU YOU60165,412509526,15,0.3,117.971278,24.407028,30.3,0,2024-04-24 20:44:55,2155
3177,,,MIN LONG YU YOU60165,412509526,15,0.3,117.971278,24.407028,30.3,0,2024-04-24 20:44:55,2041
2800,,,MIN LONG YU YOU60165,412509526,15,0.3,117.971278,24.407028,30.3,0,2024-04-24 20:44:55,1841
2899,,,MIN LONG YU YOU60165,412509526,15,0.0,117.971332,24.406973,184.4,0,2024-04-24 21:14:55,1895
3237,,,MIN LONG YU YOU60165,412509526,15,0.0,117.971332,24.406973,184.4,0,2024-04-24 21:14:55,2083
2864,,,MIN LONG YU YOU60165,412509526,15,0.0,117.971332,24.406973,184.4,0,2024-04-24 21:14:55,1864
2947,,,MIN LONG YU YOU60165,412509526,15,0.0,117.97127,24.406962,0.0,0,2024-04-24 21:32:53,1919
2975,,,MIN LONG YU YOU60165,412509526,15,0.0,117.97127,24.406962,0.0,0,2024-04-24 21:32:53,1948
3141,,,MIN LONG YU YOU60165,412509526,15,0.1,117.9712,24.407007,280.8,0,2024-04-24 21:44:53,2063
3188,,,MIN LONG YU YOU60165,412509526,15,0.1,117.9712,24.407007,280.8,0,2024-04-24 21:44:53,2082
3407,,,MIN LONG YU YOU60165,412509526,15,0.1,117.9712,24.407007,280.8,0,2024-04-24 21:44:53,2194
3177,,,MIN LONG YU YOU60165,412509526,15,0.1,117.9712,24.407007,280.8,0,2024-04-24 21:44:53,2040
3128,,,MIN LONG YU YOU60165,412509526,15,0.1,117.971123,24.406962,0.0,0,2024-04-24 22:14:57,2035
3015,,,MIN LONG YU YOU60165,412509526,15,0.1,117.971123,24.406962,0.0,0,2024-04-24 22:14:57,2000
3082,,,MIN LONG YU YOU60165,412509526,15,0.1,117.971123,24.406962,0.0,0,2024-04-24 22:14:57,2003
3106,,,MIN LONG YU YOU60165,412509526,15,2.9,117.971113,24.407057,323.1,0,2024-04-24 22:32:53,2041
3018,,,MIN LONG YU YOU60165,412509526,15,2.9,117.971113,24.407057,323.1,0,2024-04-24 22:32:53,1977
3026,,,MIN LONG YU YOU60165,412509526,15,2.9,117.971113,24.407057,323.1,0,2024-04-24 22:32:53,2004
3014,,,MIN LONG YU YOU60165,412509526,15,0.3,117.971253,24.40702,147.8,0,2024-04-24 22:57:18,1987
3025,,,MIN LONG YU YOU60165,412509526,15,0.3,117.971253,24.40702,147.8,0,2024-04-24 22:57:18,1972
3069,,,MIN LONG YU YOU60165,412509526,15,0.3,117.971253,24.40702,147.8,0,2024-04-24 22:57:18,1990
3079,,,MIN LONG YU YOU60165,412509526,15,0.1,117.971337,24.406973,0.0,0,2024-04-24 23:08:58,2023
2714,,,MIN LONG YU YOU60165,412509526,15,0.1,117.971337,24.406973,0.0,0,2024-04-24 23:08:58,1757
2676,,,MIN LONG YU YOU60165,412509526,15,0.1,117.971337,24.406973,0.0,0,2024-04-24 23:08:58,1738
2523,,,MIN LONG YU YOU60165,412509526,15,0.3,117.97138,24.406935,122.0,0,2024-04-24 23:20:57,1624
2879,,,MIN LONG YU YOU60165,412509526,15,0.3,117.97138,24.406935,122.0,0,2024-04-24 23:20:57,1885
3160,,,MIN LONG YU YOU60165,412509526,15,0.3,117.97138,24.406935,122.0,0,2024-04-24 23:20:57,2047
3056,,,MIN LONG YU YOU60165,412509526,15,2.2,117.971373,24.406908,257.9,0,2024-04-24 23:38:59,2008
3106,,,MIN LONG YU YOU60165,412509526,15,2.2,117.971373,24.406908,257.9,0,2024-04-24 23:38:59,2024
2921,,,MIN LONG YU YOU60165,412509526,15,0.3,117.97144,24.406923,261.3,0,2024-04-24 23:50:56,1920
3026,,,MIN LONG YU YOU60165,412509526,15,0.3,117.97144,24.406923,261.3,0,2024-04-24 23:50:56,2001
3248,,,MIN LONG YU YOU60165,412509526,15,0.3,117.97144,24.406923,261.3,0,2024-04-24 23:50:56,2122
3076,,,MIN LONG YU YOU60165,412509526,15,0.3,117.97144,24.406923,261.3,0,2024-04-24 23:50:56,2042
2984,,,MIN LONG YU YOU60165,412509526,15,2.1,117.971298,24.40693,90.9,0,2024-04-25 00:08:57,1984
3116,,,MIN LONG YU YOU60165,412509526,15,2.1,117.971298,24.40693,90.9,0,2024-04-25 00:08:57,2029
2918,,,MIN LONG YU YOU60165,412509526,15,2.1,117.971298,24.40693,90.9,0,2024-04-25 00:08:57,1876
3145,,,MIN LONG YU YOU60165,412509526,15,1.2,117.971423,24.40701,20.2,0,2024-04-25 00:38:58,2064
3026,,,MIN LONG YU YOU60165,412509526,15,1.2,117.971423,24.40701,20.2,0,2024-04-25 00:38:58,2023
3156,,,MIN LONG YU YOU60165,412509526,15,1.2,117.971423,24.40701,20.2,0,2024-04-25 00:38:58,2097
3169,,,MIN LONG YU YOU60165,412509526,15,0.1,117.971307,24.40685,50.5,0,2024-04-25 00:50:57,2137
3037,,,MIN LONG YU YOU60165,412509526,15,0.1,117.971307,24.40685,50.5,0,2024-04-25 00:50:57,2025
3325,,,MIN LONG YU YOU60165,412509526,15,0.1,117.971307,24.40685,50.5,0,2024-04-25 00:50:57,2210
2602,,,MIN LONG YU YOU60165,412509526,15,0.2,117.97121,24.406972,201.7,0,2024-04-25 01:56:56,1695
2501,,,MIN LONG YU YOU60165,412509526,15,0.2,117.97121,24.406972,201.7,0,2024-04-25 01:56:56,1646
2559,,,MIN LONG YU YOU60165,412509526,15,0.2,117.97121,24.406972,201.7,0,2024-04-25 01:56:56,1675
2488,,,MIN LONG YU YOU60165,412509526,15,0.1,117.97127,24.406965,311.5,0,2024-04-25 02:14:56,1630
2862,,,MIN LONG YU YOU60165,412509526,15,0.1,117.97127,24.406965,311.5,0,2024-04-25 02:14:56,1876
2867,,,MIN LONG YU YOU60165,412509526,15,0.1,117.97127,24.406965,311.5,0,2024-04-25 02:14:56,1876
3129,,,MIN LONG YU YOU60165,412509526,15,0.3,117.971185,24.406985,269.9,0,2024-04-25 02:26:55,2105
3092,,,MIN LONG YU YOU60165,412509526,15,0.3,117.971185,24.406985,269.9,0,2024-04-25 02:26:55,2058
3367,,,MIN LONG YU YOU60165,412509526,15,0.3,117.971185,24.406985,269.9,0,2024-04-25 02:26:55,2252
2960,,,MIN LONG YU YOU60165,412509526,15,0.0,117.971152,24.407043,0.0,0,2024-04-25 03:08:57,1981
2884,,,MIN LONG YU YOU60165,412509526,15,0.0,117.971152,24.407043,0.0,0,2024-04-25 03:08:57,1951
2413,,,MIN LONG YU YOU60165,412509526,15,0.0,117.971152,24.407043,0.0,0,2024-04-25 03:08:57,1613
2929,,,MIN LONG YU YOU60165,412509526,15,1.1,117.971273,24.40696,287.1,0,2024-04-25 04:15:06,1952
2844,,,MIN LONG YU YOU60165,412509526,15,1.1,117.971273,24.40696,287.1,0,2024-04-25 04:15:06,1917
2958,,,MIN LONG YU YOU60165,412509526,15,1.1,117.971273,24.40696,287.1,0,2024-04-25 04:15:06,2000
2779,,,MIN LONG YU YOU60165,412509526,15,1.9,117.971415,24.407022,80.8,0,2024-04-25 04:33:01,1865
2861,,,MIN LONG YU YOU60165,412509526,15,1.9,117.971415,24.407022,80.8,0,2024-04-25 04:33:01,1912
2850,,,MIN LONG YU YOU60165,412509526,15,1.9,117.971415,24.407022,80.8,0,2024-04-25 04:33:01,1945
3211,,,MIN LONG YU YOU60165,412509526,15,0.0,117.971227,24.407012,70.7,0,2024-04-25 04:51:20,2196
3399,,,MIN LONG YU YOU60165,412509526,15,0.0,117.971227,24.407012,70.7,0,2024-04-25 04:51:20,2322
3132,,,MIN LONG YU YOU60165,412509526,15,0.0,117.971227,24.407012,70.7,0,2024-04-25 04:51:20,2139
2851,,,MIN LONG YU YOU60165,412509526,15,0.0,117.971227,24.407012,70.7,0,2024-04-25 04:51:20,1965
2841,,,MIN LONG YU YOU60165,412509526,15,0.0,117.971362,24.406952,265.9,0,2024-04-25 05:09:01,1924
3047,,,MIN LONG YU YOU60165,412509526,15,0.0,117.971362,24.406952,265.9,0,2024-04-25 05:09:01,2097
3046,,,MIN LONG YU YOU60165,412509526,15,0.0,117.971362,24.406952,265.9,0,2024-04-25 05:09:01,2100
3193,,,MIN LONG YU YOU60165,412509526,15,0.0,117.971292,24.406963,338.2,0,2024-04-25 05:32:59,2213
3500,,,MIN LONG YU YOU60165,412509526,15,0.0,117.971292,24.406963,338.2,0,2024-04-25 05:32:59,2426
3442,,,MIN LONG YU YOU60165,412509526,15,0.0,117.971292,24.406963,338.2,0,2024-04-25 05:32:59,2368
3321,,,MIN LONG YU YOU60165,412509526,15,0.0,117.97132,24.406927,292.3,0,2024-04-25 05:45:00,2303
3681,,,MIN LONG YU YOU60165,412509526,15,0.0,117.97132,24.406927,292.3,0,2024-04-25 05:45:00,2542
3629,,,MIN LONG YU YOU60165,412509526,15,0.0,117.97132,24.406927,292.3,0,2024-04-25 05:45:00,2530
3300,,,MIN LONG YU YOU60165,412509526,15,0.2,117.971238,24.406965,0.0,0,2024-04-25 06:02:59,2322
3117,,,MIN LONG YU YOU60165,412509526,15,0.2,117.971238,24.406965,0.0,0,2024-04-25 06:02:59,2160
3150,,,MIN LONG YU YOU60165,412509526,15,0.2,117.971238,24.406965,0.0,0,2024-04-25 06:02:59,2192
3217,,,MIN LONG YU YOU60165,412509526,15,0.1,117.971543,24.40686,313.6,0,2024-04-25 06:27:03,2242
3296,,,MIN LONG YU YOU60165,412509526,15,0.1,117.971543,24.40686,313.6,0,2024-04-25 06:27:03,2288
3218,,,MIN LONG YU YOU60165,412509526,15,0.1,117.971543,24.40686,313.6,0,2024-04-25 06:27:03,2200
3344,,,MIN LONG YU YOU60165,412509526,15,0.2,117.971435,24.406833,209.0,0,2024-04-25 07:03:00,2286
3380,,,MIN LONG YU YOU60165,412509526,15,0.2,117.971435,24.406833,209.0,0,2024-04-25 07:03:00,2278
3546,,,MIN LONG YU YOU60165,412509526,15,0.2,117.971435,24.406833,209.0,0,2024-04-25 07:03:00,2384
3304,,,MIN LONG YU YOU60165,412509526,15,0.1,117.971283,24.407073,171.7,0,2024-04-25 07:39:18,2201
3207,,,MIN LONG YU YOU60165,412509526,15,0.1,117.971283,24.407073,171.7,0,2024-04-25 07:39:18,2126
3226,,,MIN LONG YU YOU60165,412509526,15,0.1,117.971283,24.407073,171.7,0,2024-04-25 07:39:18,2148
3449,,,MIN LONG YU YOU60165,412509526,15,0.0,117.97124,24.406912,0.4,0,2024-04-25 07:57:01,2337
3504,,,MIN LONG YU YOU60165,412509526,15,0.0,117.97124,24.406912,0.4,0,2024-04-25 07:57:01,2338
3182,,,MIN LONG YU YOU60165,412509526,15,0.0,117.97124,24.406912,0.4,0,2024-04-25 07:57:01,2102
2952,,,MIN LONG YU YOU60165,412509526,15,0.2,117.971248,24.406938,358.2,0,2024-04-25 08:09:03,1937
3009,,,MIN LONG YU YOU60165,412509526,15,0.2,117.971248,24.406938,358.2,0,2024-04-25 08:09:03,1975
3285,,,MIN LONG YU YOU60165,412509526,15,0.2,117.971248,24.406938,358.2,0,2024-04-25 08:09:03,2170
3030,,,MIN LONG YU YOU60165,412509526,15,0.1,117.971302,24.406937,30.3,0,2024-04-25 09:33:03,2003
3272,,,MIN LONG YU YOU60165,412509526,15,0.1,117.971302,24.406937,30.3,0,2024-04-25 09:33:03,2122
3103,,,MIN LONG YU YOU60165,412509526,15,0.1,117.971302,24.406937,30.3,0,2024-04-25 09:33:03,2022
2844,,,MIN LONG YU YOU60165,412509526,15,0.2,117.971243,24.406948,199.2,0,2024-04-25 10:09:04,1837
3352,,,MIN LONG YU YOU60165,412509526,15,0.2,117.971243,24.406948,199.2,0,2024-04-25 10:09:04,2164
3239,,,MIN LONG YU YOU60165,412509526,15,0.3,117.971387,24.406752,130.1,0,2024-04-25 10:45:05,2070
3330,,,MIN LONG YU YOU60165,412509526,15,0.3,117.971387,24.406752,130.1,0,2024-04-25 10:45:05,2162
3648,,,MIN LONG YU YOU60165,412509526,15,0.3,117.971387,24.406752,130.1,0,2024-04-25 10:45:05,2379
3476,,,MIN LONG YU YOU60165,412509526,15,0.3,117.971233,24.406772,135.6,0,2024-04-25 11:03:05,2241
3468,,,MIN LONG YU YOU60165,412509526,15,0.3,117.971233,24.406772,135.6,0,2024-04-25 11:03:05,2236
3200,,,MIN LONG YU YOU60165,412509526,15,0.3,117.971233,24.406772,135.6,0,2024-04-25 11:03:05,2050
3055,,,MIN LONG YU YOU60165,412509526,15,0.1,117.971462,24.406657,0.0,0,2024-04-25 11:39:06,1947
3347,,,MIN LONG YU YOU60165,412509526,15,0.1,117.971462,24.406657,0.0,0,2024-04-25 11:39:06,2169
3327,,,MIN LONG YU YOU60165,412509526,15,0.1,117.971462,24.406657,0.0,0,2024-04-25 11:39:06,2176
3707,,,MIN LONG YU YOU60165,412509526,15,0.1,117.971227,24.407012,90.9,0,2024-04-25 12:03:13,2387
3095,,,MIN LONG YU YOU60165,412509526,15,0.1,117.971227,24.407012,90.9,0,2024-04-25 12:03:13,2006
2902,,,MIN LONG YU YOU60165,412509526,15,0.1,117.971227,24.407012,90.9,0,2024-04-25 12:03:13,1893
3469,,,MIN LONG YU YOU60165,412509526,15,0.3,117.97131,24.406998,107.0,0,2024-04-25 12:21:20,2260
3188,,,MIN LONG YU YOU60165,412509526,15,0.3,117.97131,24.406998,107.0,0,2024-04-25 12:21:20,2099
3210,,,MIN LONG YU YOU60165,412509526,15,0.3,117.97131,24.406998,107.0,0,2024-04-25 12:21:20,2119
3380,,,MIN LONG YU YOU60165,412509526,15,0.3,117.971227,24.407008,252.4,0,2024-04-25 12:33:14,2209
3232,,,MIN LONG YU YOU60165,412509526,15,0.3,117.971227,24.407008,252.4,0,2024-04-25 12:33:14,2093
3112,,,MIN LONG YU YOU60165,412509526,15,0.3,117.971227,24.407008,252.4,0,2024-04-25 12:33:14,2023
3251,,,MIN LONG YU YOU60165,412509526,15,0.3,117.97118,24.407028,108.1,0,2024-04-25 13:27:16,2142
2971,,,MIN LONG YU YOU60165,412509526,15,0.3,117.97118,24.407028,108.1,0,2024-04-25 13:27:16,1934
3020,,,MIN LONG YU YOU60165,412509526,15,0.3,117.97118,24.407028,108.1,0,2024-04-25 13:27:16,1957
2984,,,MIN LONG YU YOU60165,412509526,15,0.1,117.971237,24.40702,0.0,0,2024-04-25 13:45:07,1930
3028,,,MIN LONG YU YOU60165,412509526,15,0.1,117.971237,24.40702,0.0,0,2024-04-25 13:45:07,1984
3083,,,MIN LONG YU YOU60165,412509526,15,0.1,117.971237,24.40702,0.0,0,2024-04-25 13:45:07,2036
2961,,,MIN LONG YU YOU60165,412509526,15,0.0,117.971253,24.407027,0.0,0,2024-04-25 14:03:06,1960
3479,,,MIN LONG YU YOU60165,412509526,15,0.0,117.971253,24.407027,0.0,0,2024-04-25 14:03:06,2313
3615,,,MIN LONG YU YOU60165,412509526,15,0.0,117.971253,24.407027,0.0,0,2024-04-25 14:03:06,2418
3602,,,MIN LONG YU YOU60165,412509526,15,0.1,117.971287,24.407032,323.1,0,2024-04-25 14:15:06,2438
3228,,,MIN LONG YU YOU60165,412509526,15,0.1,117.971287,24.407032,323.1,0,2024-04-25 14:15:06,2170
3715,,,MIN LONG YU YOU60165,412509526,15,0.1,117.971287,24.407032,323.1,0,2024-04-25 14:15:06,2448
3434,,,MIN LONG YU YOU60165,412509526,15,0.1,117.971243,24.407057,0.0,0,2024-04-25 14:27:05,2271
3611,,,MIN LONG YU YOU60165,412509526,15,0.1,117.971243,24.407057,0.0,0,2024-04-25 14:27:05,2386
3389,,,MIN LONG YU YOU60165,412509526,15,0.1,117.971243,24.407057,0.0,0,2024-04-25 14:27:05,2281
3166,,,MIN LONG YU YOU60165,412509526,15,0.2,117.971205,24.407055,316.1,0,2024-04-25 14:57:06,2144
3383,,,MIN LONG YU YOU60165,412509526,15,0.2,117.971205,24.407055,316.1,0,2024-04-25 14:57:06,2254
3386,,,MIN LONG YU YOU60165,412509526,15,0.2,117.971205,24.407055,316.1,0,2024-04-25 14:57:06,2252
3256,,,MIN LONG YU YOU60165,412509526,15,0.2,117.971263,24.40691,268.8,0,2024-04-25 15:21:08,2120
3296,,,MIN LONG YU YOU60165,412509526,15,0.2,117.971263,24.40691,268.8,0,2024-04-25 15:21:08,2126
3542,,,MIN LONG YU YOU60165,412509526,15,0.2,117.971263,24.40691,268.8,0,2024-04-25 15:21:08,2330
3485,,,MIN LONG YU YOU60165,412509526,15,0.3,117.971222,24.407013,276.8,0,2024-04-25 16:15:07,2284
3436,,,MIN LONG YU YOU60165,412509526,15,0.3,117.971222,24.407013,276.8,0,2024-04-25 16:15:07,2286
3449,,,MIN LONG YU YOU60165,412509526,15,0.3,117.971222,24.407013,276.8,0,2024-04-25 16:15:07,2299
3353,,,MIN LONG YU YOU60165,412509526,15,0.0,117.971212,24.406998,60.6,0,2024-04-25 16:27:07,2231
3518,,,MIN LONG YU YOU60165,412509526,15,0.0,117.971212,24.406998,60.6,0,2024-04-25 16:27:07,2357
3402,,,MIN LONG YU YOU60165,412509526,15,0.0,117.971212,24.406998,60.6,0,2024-04-25 16:27:07,2287
3557,,,MIN LONG YU YOU60165,412509526,15,3.6,117.971375,24.407027,276.7,0,2024-04-25 16:51:08,2396
3569,,,MIN LONG YU YOU60165,412509526,15,3.6,117.971375,24.407027,276.7,0,2024-04-25 16:51:08,2399
3501,,,MIN LONG YU YOU60165,412509526,15,3.6,117.971375,24.407027,276.7,0,2024-04-25 16:51:08,2344
3358,,,MIN LONG YU YOU60165,412509526,15,0.1,117.971203,24.407062,70.7,0,2024-04-25 17:09:09,2312
3432,,,MIN LONG YU YOU60165,412509526,15,0.1,117.971203,24.407062,70.7,0,2024-04-25 17:09:09,2362
3604,,,MIN LONG YU YOU60165,412509526,15,0.1,117.971203,24.407062,70.7,0,2024-04-25 17:09:09,2434
3565,,,MIN LONG YU YOU60165,412509526,15,0.1,117.971228,24.407055,90.9,0,2024-04-25 17:21:08,2396
3601,,,MIN LONG YU YOU60165,412509526,15,0.1,117.971228,24.407055,90.9,0,2024-04-25 17:21:08,2401
3479,,,MIN LONG YU YOU60165,412509526,15,0.1,117.971228,24.407055,90.9,0,2024-04-25 17:21:08,2346
3268,,,MIN LONG YU YOU60165,412509526,15,3.2,117.971128,24.407045,346.1,0,2024-04-25 17:33:42,2208
3197,,,MIN LONG YU YOU60165,412509526,15,3.2,117.971128,24.407045,346.1,0,2024-04-25 17:33:42,2159
3133,,,MIN LONG YU YOU60165,412509526,15,3.2,117.971128,24.407045,346.1,0,2024-04-25 17:33:42,2104
3318,,,MIN LONG YU YOU60165,412509526,15,7.9,117.970978,24.40687,186.5,0,2024-04-25 18:09:08,2240
3432,,,MIN LONG YU YOU60165,412509526,15,7.9,117.970978,24.40687,186.5,0,2024-04-25 18:09:08,2290
3375,,,MIN LONG YU YOU60165,412509526,15,7.9,117.970978,24.40687,186.5,0,2024-04-25 18:09:08,2320
3229,,,MIN LONG YU YOU60165,412509526,15,1.4,117.971127,24.40665,0.0,0,2024-04-25 18:27:12,2236
3326,,,MIN LONG YU YOU60165,412509526,15,1.4,117.971127,24.40665,0.0,0,2024-04-25 18:27:12,2276
3491,,,MIN LONG YU YOU60165,412509526,15,1.4,117.971127,24.40665,0.0,0,2024-04-25 18:27:12,2379
3607,,,MIN LONG YU YOU60165,412509526,15,1.4,117.971187,24.407008,50.5,0,2024-04-25 18:45:10,2460
3269,,,MIN LONG YU YOU60165,412509526,15,1.4,117.971187,24.407008,50.5,0,2024-04-25 18:45:10,2257
3402,,,MIN LONG YU YOU60165,412509526,15,1.4,117.971187,24.407008,50.5,0,2024-04-25 18:45:10,2328
3604,,,MIN LONG YU YOU60165,412509526,15,0.2,117.971522,24.406962,176.0,0,2024-04-25 19:09:10,2418
3288,,,MIN LONG YU YOU60165,412509526,15,0.2,117.971522,24.406962,176.0,0,2024-04-25 19:09:10,2244
3392,,,MIN LONG YU YOU60165,412509526,15,0.2,117.971522,24.406962,176.0,0,2024-04-25 19:09:10,2342
3446,,,MIN LONG YU YOU60165,412509526,15,0.0,117.971377,24.407245,242.6,0,2024-04-25 19:21:10,2369
3400,,,MIN LONG YU YOU60165,412509526,15,0.0,117.971377,24.407245,242.6,0,2024-04-25 19:21:10,2342
3110,,,MIN LONG YU YOU60165,412509526,15,0.0,117.971377,24.407245,242.6,0,2024-04-25 19:21:10,2132
3178,,,MIN LONG YU YOU60165,412509526,15,0.1,117.971558,24.407137,187.6,0,2024-04-25 19:39:11,2170
2716,,,MIN LONG YU YOU60165,412509526,15,0.1,117.971558,24.407137,187.6,0,2024-04-25 19:39:11,1844
2600,,,MIN LONG YU YOU60165,412509526,15,0.1,117.971558,24.407137,187.6,0,2024-04-25 19:39:11,1771
3282,,,MIN LONG YU YOU60165,412509526,15,0.2,117.971647,24.407118,177.8,0,2024-04-25 19:57:10,2282
3736,,,MIN LONG YU YOU60165,412509526,15,0.2,117.971647,24.407118,177.8,0,2024-04-25 19:57:10,2565
3570,,,MIN LONG YU YOU60165,412509526,15,0.2,117.971647,24.407118,177.8,0,2024-04-25 19:57:10,2465
3143,,,MIN LONG YU YOU60165,412509526,15,3.4,117.971248,24.407035,113.6,0,2024-04-25 20:15:09,2134
3098,,,MIN LONG YU YOU60165,412509526,15,3.4,117.971248,24.407035,113.6,0,2024-04-25 20:15:09,2104
3063,,,MIN LONG YU YOU60165,412509526,15,3.4,117.971248,24.407035,113.6,0,2024-04-25 20:15:09,2098
3206,,,MIN LONG YU YOU60165,412509526,15,0.9,117.97132,24.406995,0.0,0,2024-04-25 20:27:11,2202
3053,,,MIN LONG YU YOU60165,412509526,15,0.9,117.97132,24.406995,0.0,0,2024-04-25 20:27:11,2073
3104,,,MIN LONG YU YOU60165,412509526,15,0.9,117.97132,24.406995,0.0,0,2024-04-25 20:27:11,2086
2901,,,MIN LONG YU YOU60165,412509526,15,0.2,117.971242,24.407065,276.4,0,2024-04-25 21:15:09,1933
2786,,,MIN LONG YU YOU60165,412509526,15,0.2,117.971242,24.407065,276.4,0,2024-04-25 21:15:09,1823
2668,,,MIN LONG YU YOU60165,412509526,15,0.2,117.971242,24.407065,276.4,0,2024-04-25 21:15:09,1776
3084,,,MIN LONG YU YOU60165,412509526,15,0.3,117.971322,24.407003,312.7,0,2024-04-25 21:39:12,2074
2862,,,MIN LONG YU YOU60165,412509526,15,0.3,117.971322,24.407003,312.7,0,2024-04-25 21:39:12,1949
3236,,,MIN LONG YU YOU60165,412509526,15,0.3,117.971322,24.407003,312.7,0,2024-04-25 21:39:12,2174
3208,,,MIN LONG YU YOU60165,412509526,15,1.2,117.971297,24.40702,149.9,0,2024-04-25 21:57:10,2187
3214,,,MIN LONG YU YOU60165,412509526,15,1.2,117.971297,24.40702,149.9,0,2024-04-25 21:57:10,2200
3379,,,MIN LONG YU YOU60165,412509526,15,1.2,117.971297,24.40702,149.9,0,2024-04-25 21:57:10,2314
3106,,,MIN LONG YU YOU60165,412509526,15,0.2,117.971235,24.406975,10.1,0,2024-04-25 22:09:10,2142
3269,,,MIN LONG YU YOU60165,412509526,15,0.2,117.971235,24.406975,10.1,0,2024-04-25 22:09:10,2281
3275,,,MIN LONG YU YOU60165,412509526,15,3.0,117.97123,24.407003,353.2,0,2024-04-25 22:20:19,2288
3558,,,MIN LONG YU YOU60165,412509526,15,3.0,117.97123,24.407003,353.2,0,2024-04-25 22:20:19,2439
3341,,,MIN LONG YU YOU60165,412509526,15,3.0,117.97123,24.407003,353.2,0,2024-04-25 22:20:19,2330
3116,,,MIN LONG YU YOU60165,412509526,15,0.3,117.971252,24.40696,0.0,0,2024-04-25 22:33:10,2179
3323,,,MIN LONG YU YOU60165,412509526,15,0.3,117.971252,24.40696,0.0,0,2024-04-25 22:33:10,2281
3317,,,MIN LONG YU YOU60165,412509526,15,0.3,117.971252,24.40696,0.0,0,2024-04-25 22:33:10,2288
2985,,,MIN LONG YU YOU60165,412509526,15,0.1,117.971233,24.406958,0.0,0,2024-04-25 22:57:10,2057
3129,,,MIN LONG YU YOU60165,412509526,15,0.1,117.971233,24.406958,0.0,0,2024-04-25 22:57:10,2140
3046,,,MIN LONG YU YOU60165,412509526,15,0.1,117.971233,24.406958,0.0,0,2024-04-25 22:57:10,2089
3389,,,MIN LONG YU YOU60165,412509526,15,0.2,117.971378,24.406898,329.9,0,2024-04-25 23:21:24,2341
3444,,,MIN LONG YU YOU60165,412509526,15,0.2,117.971378,24.406898,329.9,0,2024-04-25 23:21:24,2382
3337,,,MIN LONG YU YOU60165,412509526,15,0.2,117.971378,24.406898,329.9,0,2024-04-25 23:21:24,2317
3236,,,MIN LONG YU YOU60165,412509526,15,0.3,117.971398,24.406983,199.3,0,2024-04-25 23:33:12,2241
3488,,,MIN LONG YU YOU60165,412509526,15,0.3,117.971398,24.406983,199.3,0,2024-04-25 23:33:12,2404
3491,,,MIN LONG YU YOU60165,412509526,15,0.3,117.971398,24.406983,199.3,0,2024-04-25 23:33:12,2398
3245,,,MIN LONG YU YOU60165,412509526,15,0.1,117.971377,24.406927,40.4,0,2024-04-25 23:45:14,2239
2676,,,MIN LONG YU YOU60165,412509526,15,0.1,117.971377,24.406927,40.4,0,2024-04-25 23:45:14,1824
2541,,,MIN LONG YU YOU60165,412509526,15,0.1,117.971377,24.406927,40.4,0,2024-04-25 23:45:14,1689
3260,,,MIN LONG YU YOU60165,412509526,15,1.6,117.971442,24.407002,189.2,0,2024-04-26 00:21:13,2211
3294,,,MIN LONG YU YOU60165,412509526,15,1.6,117.971442,24.407002,189.2,0,2024-04-26 00:21:13,2235
3241,,,MIN LONG YU YOU60165,412509526,15,1.6,117.971442,24.407002,189.2,0,2024-04-26 00:21:13,2204
3145,,,MIN LONG YU YOU60165,412509526,15,6.3,117.97134,24.407055,308.2,0,2024-04-26 00:39:16,2149
3031,,,MIN LONG YU YOU60165,412509526,15,6.3,117.97134,24.407055,308.2,0,2024-04-26 00:39:16,2071
3030,,,MIN LONG YU YOU60165,412509526,15,6.3,117.97134,24.407055,308.2,0,2024-04-26 00:39:16,2073
3149,,,MIN LONG YU YOU60165,412509526,15,0.2,117.971342,24.407068,50.5,0,2024-04-26 00:51:13,2149
3212,,,MIN LONG YU YOU60165,412509526,15,0.2,117.971342,24.407068,50.5,0,2024-04-26 00:51:13,2172
3100,,,MIN LONG YU YOU60165,412509526,15,0.2,117.971342,24.407068,50.5,0,2024-04-26 00:51:13,2106
3034,,,MIN LONG YU YOU60165,412509526,15,3.4,117.971313,24.406998,112.7,0,2024-04-26 01:03:21,2082
3043,,,MIN LONG YU YOU60165,412509526,15,3.4,117.971313,24.406998,112.7,0,2024-04-26 01:03:21,2079
3054,,,MIN LONG YU YOU60165,412509526,15,3.4,117.971313,24.406998,112.7,0,2024-04-26 01:03:21,2086
3122,,,MIN LONG YU YOU60165,412509526,15,0.3,117.971307,24.40709,339.1,0,2024-04-26 01:33:12,2142
3140,,,MIN LONG YU YOU60165,412509526,15,0.3,117.971307,24.40709,339.1,0,2024-04-26 01:33:12,2121
3151,,,MIN LONG YU YOU60165,412509526,15,0.3,117.971307,24.40709,339.1,0,2024-04-26 01:33:12,2142
2989,,,MIN LONG YU YOU60165,412509526,15,0.1,117.971322,24.407053,0.0,0,2024-04-26 01:45:13,2033
3059,,,MIN LONG YU YOU60165,412509526,15,0.1,117.971322,24.407053,0.0,0,2024-04-26 01:45:13,2078
3247,,,MIN LONG YU YOU60165,412509526,15,0.1,117.971322,24.407053,0.0,0,2024-04-26 01:45:13,2197
3056,,,MIN LONG YU YOU60165,412509526,15,0.1,117.971378,24.407065,0.0,0,2024-04-26 02:09:19,2092
2929,,,MIN LONG YU YOU60165,412509526,15,0.1,117.971378,24.407065,0.0,0,2024-04-26 02:09:19,2000
2931,,,MIN LONG YU YOU60165,412509526,15,0.1,117.971378,24.407065,0.0,0,2024-04-26 02:09:19,1993
3142,,,MIN LONG YU YOU60165,412509526,15,0.0,117.97133,24.407017,153.1,0,2024-04-26 02:39:14,2135
3153,,,MIN LONG YU YOU60165,412509526,15,0.0,117.97133,24.407017,153.1,0,2024-04-26 02:39:14,2159
3318,,,MIN LONG YU YOU60165,412509526,15,0.0,117.97133,24.407017,153.1,0,2024-04-26 02:39:14,2231
3296,,,MIN LONG YU YOU60165,412509526,15,0.1,117.971353,24.407032,0.0,0,2024-04-26 02:51:14,2223
3053,,,MIN LONG YU YOU60165,412509526,15,0.1,117.971353,24.407032,0.0,0,2024-04-26 02:51:14,2084
3155,,,MIN LONG YU YOU60165,412509526,15,0.1,117.971353,24.407032,0.0,0,2024-04-26 02:51:14,2147
3667,,,MIN LONG YU YOU60165,412509526,15,0.1,117.971365,24.406983,60.6,0,2024-04-26 03:33:14,2534
3737,,,MIN LONG YU YOU60165,412509526,15,0.1,117.971365,24.406983,60.6,0,2024-04-26 03:33:14,2577
3288,,,MIN LONG YU YOU60165,412509526,15,0.1,117.971365,24.406983,60.6,0,2024-04-26 03:33:14,2288
3297,,,MIN LONG YU YOU60165,412509526,15,0.2,117.97139,24.407042,0.0,0,2024-04-26 03:51:16,2301
3674,,,MIN LONG YU YOU60165,412509526,15,0.2,117.97139,24.407042,0.0,0,2024-04-26 03:51:16,2532
3344,,,MIN LONG YU YOU60165,412509526,15,0.2,117.97139,24.407042,0.0,0,2024-04-26 03:51:16,2334
3439,,,MIN LONG YU YOU60165,412509526,15,0.3,117.971457,24.407067,311.0,0,2024-04-26 04:03:15,2371
3277,,,MIN LONG YU YOU60165,412509526,15,0.3,117.971457,24.407067,311.0,0,2024-04-26 04:03:15,2267
3433,,,MIN LONG YU YOU60165,412509526,15,0.3,117.971457,24.407067,311.0,0,2024-04-26 04:03:15,2376
3481,,,MIN LONG YU YOU60165,412509526,15,0.3,117.971435,24.407112,0.0,0,2024-04-26 04:27:20,2459
3627,,,MIN LONG YU YOU60165,412509526,15,0.3,117.971435,24.407112,0.0,0,2024-04-26 04:27:20,2539
3418,,,MIN LONG YU YOU60165,412509526,15,0.3,117.971435,24.407112,0.0,0,2024-04-26 04:27:20,2389
3515,,,MIN LONG YU YOU60165,412509526,15,0.1,117.971543,24.407067,240.6,0,2024-04-26 04:51:17,2433
3496,,,MIN LONG YU YOU60165,412509526,15,0.1,117.971543,24.407067,240.6,0,2024-04-26 04:51:17,2420
3182,,,MIN LONG YU YOU60165,412509526,15,0.1,117.971543,24.407067,240.6,0,2024-04-26 04:51:17,2187
3325,,,MIN LONG YU YOU60165,412509526,15,0.3,117.971643,24.407097,123.7,0,2024-04-26 05:03:18,2285
3105,,,MIN LONG YU YOU60165,412509526,15,0.3,117.971643,24.407097,123.7,0,2024-04-26 05:03:18,2137
3287,,,MIN LONG YU YOU60165,412509526,15,0.3,117.971643,24.407097,123.7,0,2024-04-26 05:03:18,2288
2912,,,MIN LONG YU YOU60165,412509526,15,0.1,117.971493,24.407063,80.8,0,2024-04-26 05:51:17,2043
3085,,,MIN LONG YU YOU60165,412509526,15,0.1,117.971493,24.407063,80.8,0,2024-04-26 05:51:17,2138
3088,,,MIN LONG YU YOU60165,412509526,15,0.1,117.971493,24.407063,80.8,0,2024-04-26 05:51:17,2137
3482,,,MIN LONG YU YOU60165,412509526,15,0.3,117.971212,24.407025,352.0,0,2024-04-26 06:03:17,2410
3609,,,MIN LONG YU YOU60165,412509526,15,0.3,117.971212,24.407025,352.0,0,2024-04-26 06:03:17,2529
3680,,,MIN LONG YU YOU60165,412509526,15,0.3,117.971212,24.407025,352.0,0,2024-04-26 06:03:17,2575
3797,,,MIN LONG YU YOU60165,412509526,15,0.1,117.971355,24.407067,351.5,0,2024-04-26 06:39:16,2641
3705,,,MIN LONG YU YOU60165,412509526,15,0.1,117.971355,24.407067,351.5,0,2024-04-26 06:39:16,2580
3747,,,MIN LONG YU YOU60165,412509526,15,0.2,117.971283,24.406917,10.1,0,2024-04-26 06:57:17,2618
3681,,,MIN LONG YU YOU60165,412509526,15,0.2,117.971283,24.406917,10.1,0,2024-04-26 06:57:17,2582
3631,,,MIN LONG YU YOU60165,412509526,15,0.2,117.971283,24.406917,10.1,0,2024-04-26 06:57:17,2494
3665,,,MIN LONG YU YOU60165,412509526,15,0.1,117.971253,24.406942,60.6,0,2024-04-26 07:15:19,2514
3564,,,MIN LONG YU YOU60165,412509526,15,0.1,117.971253,24.406942,60.6,0,2024-04-26 07:15:19,2488
3404,,,MIN LONG YU YOU60165,412509526,15,0.1,117.971253,24.406942,60.6,0,2024-04-26 07:15:19,2371
3279,,,MIN LONG YU YOU60165,412509526,15,5.5,117.971237,24.406948,291.2,0,2024-04-26 08:09:17,2232
3842,,,MIN LONG YU YOU60165,412509526,15,5.5,117.971237,24.406948,291.2,0,2024-04-26 08:09:17,2598
3530,,,MIN LONG YU YOU60165,412509526,15,5.5,117.971237,24.406948,291.2,0,2024-04-26 08:09:17,2395
3630,,,MIN LONG YU YOU60165,412509526,15,0.3,117.971227,24.406975,122.7,0,2024-04-26 08:27:17,2467
3536,,,MIN LONG YU YOU60165,412509526,15,0.3,117.971227,24.406975,122.7,0,2024-04-26 08:27:17,2405
3590,,,MIN LONG YU YOU60165,412509526,15,0.3,117.971227,24.406975,122.7,0,2024-04-26 08:27:17,2444
3474,,,MIN LONG YU YOU60165,412509526,15,0.0,117.97137,24.406935,30.3,0,2024-04-26 08:39:20,2379
3641,,,MIN LONG YU YOU60165,412509526,15,0.0,117.97137,24.406935,30.3,0,2024-04-26 08:39:20,2463
3208,,,MIN LONG YU YOU60165,412509526,15,0.0,117.97137,24.406935,30.3,0,2024-04-26 08:39:20,2187
3621,,,MIN LONG YU YOU60165,412509526,15,0.2,117.971398,24.406902,0.0,0,2024-04-26 09:27:20,2474
3526,,,MIN LONG YU YOU60165,412509526,15,0.2,117.971398,24.406902,0.0,0,2024-04-26 09:27:20,2400
3556,,,MIN LONG YU YOU60165,412509526,15,0.2,117.971398,24.406902,0.0,0,2024-04-26 09:27:20,2420
3668,,,MIN LONG YU YOU60165,412509526,15,0.3,117.971367,24.407437,0.0,0,2024-04-26 09:57:20,2480
3665,,,MIN LONG YU YOU60165,412509526,15,0.3,117.971367,24.407437,0.0,0,2024-04-26 09:57:20,2498
3577,,,MIN LONG YU YOU60165,412509526,15,0.3,117.971367,24.407437,0.0,0,2024-04-26 09:57:20,2423
3681,,,MIN LONG YU YOU60165,412509526,15,0.3,117.97116,24.407448,70.7,0,2024-04-26 10:21:24,2482
3388,,,MIN LONG YU YOU60165,412509526,15,0.3,117.97116,24.407448,70.7,0,2024-04-26 10:21:24,2309
3475,,,MIN LONG YU YOU60165,412509526,15,0.3,117.97116,24.407448,70.7,0,2024-04-26 10:21:24,2371
3500,,,MIN LONG YU YOU60165,412509526,15,0.1,117.971222,24.407033,343.2,0,2024-04-26 10:33:20,2388
3454,,,MIN LONG YU YOU60165,412509526,15,0.1,117.971222,24.407033,343.2,0,2024-04-26 10:33:20,2347
3459,,,MIN LONG YU YOU60165,412509526,15,0.1,117.971222,24.407033,343.2,0,2024-04-26 10:33:20,2367
3773,,,MIN LONG YU YOU60165,412509526,15,0.0,117.971253,24.406997,205.1,0,2024-04-26 10:45:30,2518
3444,,,MIN LONG YU YOU60165,412509526,15,0.0,117.971253,24.406997,205.1,0,2024-04-26 10:45:30,2330
3554,,,MIN LONG YU YOU60165,412509526,15,0.0,117.971253,24.406997,205.1,0,2024-04-26 10:45:30,2371
3442,,,MIN LONG YU YOU60165,412509526,15,0.3,117.971248,24.407063,310.0,0,2024-04-26 11:15:21,2334
3498,,,MIN LONG YU YOU60165,412509526,15,0.3,117.971248,24.407063,310.0,0,2024-04-26 11:15:21,2377
3485,,,MIN LONG YU YOU60165,412509526,15,0.3,117.971248,24.407063,310.0,0,2024-04-26 11:15:21,2365
3394,,,MIN LONG YU YOU60165,412509526,15,0.2,117.97122,24.407103,0.0,0,2024-04-26 12:21:21,2298
3283,,,MIN LONG YU YOU60165,412509526,15,0.2,117.97122,24.407103,0.0,0,2024-04-26 12:21:21,2242
3270,,,MIN LONG YU YOU60165,412509526,15,0.2,117.97122,24.407103,0.0,0,2024-04-26 12:21:21,2224
3382,,,MIN LONG YU YOU60165,412509526,15,0.3,117.971212,24.406998,50.5,0,2024-04-26 12:39:24,2271
3597,,,MIN LONG YU YOU60165,412509526,15,0.3,117.971212,24.406998,50.5,0,2024-04-26 12:39:24,2398
3435,,,MIN LONG YU YOU60165,412509526,15,0.3,117.971212,24.406998,50.5,0,2024-04-26 12:39:24,2284
3605,,,MIN LONG YU YOU60165,412509526,15,0.7,117.971207,24.406915,328.4,0,2024-04-26 13:03:22,2420
3498,,,MIN LONG YU YOU60165,412509526,15,0.7,117.971207,24.406915,328.4,0,2024-04-26 13:03:22,2353
3541,,,MIN LONG YU YOU60165,412509526,15,0.7,117.971207,24.406915,328.4,0,2024-04-26 13:03:22,2403
3471,,,MIN LONG YU YOU60165,412509526,15,0.0,117.971167,24.406975,0.0,0,2024-04-26 13:21:22,2344
3505,,,MIN LONG YU YOU60165,412509526,15,0.0,117.971167,24.406975,0.0,0,2024-04-26 13:21:22,2354
3456,,,MIN LONG YU YOU60165,412509526,15,0.0,117.971167,24.406975,0.0,0,2024-04-26 13:21:22,2340
3449,,,MIN LONG YU YOU60165,412509526,15,0.1,117.97118,24.407057,0.0,0,2024-04-26 13:39:23,2308
3453,,,MIN LONG YU YOU60165,412509526,15,0.1,117.97118,24.407057,0.0,0,2024-04-26 13:39:23,2326
3653,,,MIN LONG YU YOU60165,412509526,15,0.1,117.97118,24.407057,0.0,0,2024-04-26 13:39:23,2420
3221,,,MIN LONG YU YOU60165,412509526,15,0.8,117.971243,24.407023,273.3,0,2024-04-26 13:57:24,2152
3261,,,MIN LONG YU YOU60165,412509526,15,0.8,117.971243,24.407023,273.3,0,2024-04-26 13:57:24,2150
3156,,,MIN LONG YU YOU60165,412509526,15,0.8,117.971243,24.407023,273.3,0,2024-04-26 13:57:24,2076
3283,,,MIN LONG YU YOU60165,412509526,15,0.0,117.971398,24.406965,60.6,0,2024-04-26 14:15:37,2186
3328,,,MIN LONG YU YOU60165,412509526,15,0.0,117.971398,24.406965,60.6,0,2024-04-26 14:15:37,2184
3384,,,MIN LONG YU YOU60165,412509526,15,0.0,117.971398,24.406965,60.6,0,2024-04-26 14:15:37,2225
3472,,,MIN LONG YU YOU60165,412509526,15,0.1,117.971278,24.406988,90.9,0,2024-04-26 14:27:42,2289
3674,,,MIN LONG YU YOU60165,412509526,15,0.1,117.971278,24.406988,90.9,0,2024-04-26 14:27:42,2424
3280,,,MIN LONG YU YOU60165,412509526,15,0.1,117.971278,24.406988,90.9,0,2024-04-26 14:27:42,2188
3283,,,MIN LONG YU YOU60165,412509526,15,0.0,117.971288,24.406992,298.6,0,2024-04-26 14:39:40,2165
3436,,,MIN LONG YU YOU60165,412509526,15,0.0,117.971288,24.406992,298.6,0,2024-04-26 14:39:40,2258
3263,,,MIN LONG YU YOU60165,412509526,15,0.0,117.971288,24.406992,298.6,0,2024-04-26 14:39:40,2165
3427,,,MIN LONG YU YOU60165,412509526,15,0.0,117.971322,24.406925,238.2,0,2024-04-26 14:57:44,2283
3324,,,MIN LONG YU YOU60165,412509526,15,0.0,117.971322,24.406925,238.2,0,2024-04-26 14:57:44,2209
3217,,,MIN LONG YU YOU60165,412509526,15,0.0,117.971322,24.406925,238.2,0,2024-04-26 14:57:44,2144
3311,,,MIN LONG YU YOU60165,412509526,15,0.0,117.971213,24.406972,0.0,0,2024-04-26 15:09:21,2180
3341,,,MIN LONG YU YOU60165,412509526,15,0.0,117.971213,24.406972,0.0,0,2024-04-26 15:09:21,2158
3326,,,MIN LONG YU YOU60165,412509526,15,0.0,117.971213,24.406972,0.0,0,2024-04-26 15:09:21,2168
3426,,,MIN LONG YU YOU60165,412509526,15,0.0,117.971245,24.406963,0.0,0,2024-04-26 15:27:25,2247
3143,,,MIN LONG YU YOU60165,412509526,15,0.0,117.971245,24.406963,0.0,0,2024-04-26 15:27:25,2072
3316,,,MIN LONG YU YOU60165,412509526,15,0.0,117.971245,24.406963,0.0,0,2024-04-26 15:27:25,2185
3261,,,MIN LONG YU YOU60165,412509526,15,0.0,117.971263,24.407035,60.6,0,2024-04-26 15:39:32,2154
3348,,,MIN LONG YU YOU60165,412509526,15,0.0,117.971263,24.407035,60.6,0,2024-04-26 15:39:32,2217
3493,,,MIN LONG YU YOU60165,412509526,15,0.0,117.971263,24.407035,60.6,0,2024-04-26 15:39:32,2299
3471,,,MIN LONG YU YOU60165,412509526,15,0.0,117.971283,24.407045,50.5,0,2024-04-26 15:51:31,2292
3460,,,MIN LONG YU YOU60165,412509526,15,0.0,117.971283,24.407045,50.5,0,2024-04-26 15:51:31,2279
3326,,,MIN LONG YU YOU60165,412509526,15,0.0,117.971283,24.407045,50.5,0,2024-04-26 15:51:31,2214
3383,,,MIN LONG YU YOU60165,412509526,15,0.1,117.971253,24.407023,0.0,0,2024-04-26 16:03:34,2228
3276,,,MIN LONG YU YOU60165,412509526,15,0.1,117.971253,24.407023,0.0,0,2024-04-26 16:03:34,2165
3424,,,MIN LONG YU YOU60165,412509526,15,0.1,117.971253,24.407023,0.0,0,2024-04-26 16:03:34,2271
3130,,,MIN LONG YU YOU60165,412509526,15,0.0,117.971268,24.40701,0.0,0,2024-04-26 16:21:38,2080
3333,,,MIN LONG YU YOU60165,412509526,15,0.0,117.971268,24.40701,0.0,0,2024-04-26 16:21:38,2160
3125,,,MIN LONG YU YOU60165,412509526,15,0.0,117.971268,24.40701,0.0,0,2024-04-26 16:21:38,2055
3175,,,MIN LONG YU YOU60165,412509526,15,0.0,117.971268,24.407038,0.0,0,2024-04-26 16:33:35,2068
2929,,,MIN LONG YU YOU60165,412509526,15,0.0,117.971268,24.407038,0.0,0,2024-04-26 16:33:35,1916
2893,,,MIN LONG YU YOU60165,412509526,15,0.0,117.971268,24.407038,0.0,0,2024-04-26 16:33:35,1896
2946,,,MIN LONG YU YOU60165,412509526,15,0.2,117.971175,24.406977,142.7,0,2024-04-26 16:51:31,1955
3068,,,MIN LONG YU YOU60165,412509526,15,0.2,117.971175,24.406977,142.7,0,2024-04-26 16:51:31,2036
3083,,,MIN LONG YU YOU60165,412509526,15,0.2,117.971175,24.406977,142.7,0,2024-04-26 16:51:31,2038
3358,,,MIN LONG YU YOU60165,412509526,15,0.0,117.971282,24.407015,50.5,0,2024-04-26 17:16:13,2292
3436,,,MIN LONG YU YOU60165,412509526,15,0.0,117.971282,24.407015,50.5,0,2024-04-26 17:16:13,2311
3481,,,MIN LONG YU YOU60165,412509526,15,0.0,117.971282,24.407015,50.5,0,2024-04-26 17:16:13,2363
3225,,,MIN LONG YU YOU60165,412509526,15,0.0,117.971205,24.407003,0.0,0,2024-04-26 17:27:33,2213
3494,,,MIN LONG YU YOU60165,412509526,15,0.0,117.971205,24.407003,0.0,0,2024-04-26 17:27:33,2339
3283,,,MIN LONG YU YOU60165,412509526,15,0.0,117.971205,24.407003,0.0,0,2024-04-26 17:27:33,2211
3444,,,MIN LONG YU YOU60165,412509526,15,0.1,117.971187,24.406957,0.0,0,2024-04-26 17:45:28,2325
3550,,,MIN LONG YU YOU60165,412509526,15,0.1,117.971187,24.406957,0.0,0,2024-04-26 17:45:28,2414
3731,,,MIN LONG YU YOU60165,412509526,15,0.1,117.971248,24.406988,0.0,0,2024-04-26 17:57:24,2509
3724,,,MIN LONG YU YOU60165,412509526,15,0.1,117.971248,24.406988,0.0,0,2024-04-26 17:57:24,2525
3553,,,MIN LONG YU YOU60165,412509526,15,0.1,117.971248,24.406988,0.0,0,2024-04-26 17:57:24,2383
3369,,,MIN LONG YU YOU60165,412509526,15,0.0,117.971188,24.406943,0.0,0,2024-04-26 18:21:29,2291
3484,,,MIN LONG YU YOU60165,412509526,15,0.0,117.971188,24.406943,0.0,0,2024-04-26 18:21:29,2373
3177,,,MIN LONG YU YOU60165,412509526,15,0.0,117.971188,24.406943,0.0,0,2024-04-26 18:21:29,2184
3444,,,MIN LONG YU YOU60165,412509526,15,0.0,117.971215,24.406965,0.0,0,2024-04-26 18:33:35,2345
3290,,,MIN LONG YU YOU60165,412509526,15,0.0,117.971215,24.406965,0.0,0,2024-04-26 18:33:35,2249
3300,,,MIN LONG YU YOU60165,412509526,15,0.0,117.971215,24.406965,0.0,0,2024-04-26 18:33:35,2244
3307,,,MIN LONG YU YOU60165,412509526,15,0.0,117.971345,24.406945,222.6,0,2024-04-26 19:57:24,2191
3235,,,MIN LONG YU YOU60165,412509526,15,0.0,117.971345,24.406945,222.6,0,2024-04-26 19:57:24,2150
3182,,,MIN LONG YU YOU60165,412509526,15,0.0,117.971345,24.406945,222.6,0,2024-04-26 19:57:24,2122
3169,,,MIN LONG YU YOU60165,412509526,15,0.3,117.971018,24.407043,20.2,0,2024-04-26 21:09:33,2096
3246,,,MIN LONG YU YOU60165,412509526,15,0.3,117.971018,24.407043,20.2,0,2024-04-26 21:09:33,2143
3051,,,MIN LONG YU YOU60165,412509526,15,0.3,117.971018,24.407043,20.2,0,2024-04-26 21:09:33,1997
3117,,,MIN LONG YU YOU60165,412509526,15,0.0,117.971085,24.407025,0.0,0,2024-04-26 21:21:29,2071
2938,,,MIN LONG YU YOU60165,412509526,15,0.0,117.971085,24.407025,0.0,0,2024-04-26 21:21:29,1951
3019,,,MIN LONG YU YOU60165,412509526,15,0.0,117.971085,24.407025,0.0,0,2024-04-26 21:21:29,1997
3196,,,MIN LONG YU YOU60165,412509526,15,0.0,117.971053,24.407065,0.0,0,2024-04-26 21:33:39,2092
2975,,,MIN LONG YU YOU60165,412509526,15,0.0,117.971053,24.407065,0.0,0,2024-04-26 21:33:39,1969
3065,,,MIN LONG YU YOU60165,412509526,15,0.0,117.971053,24.407065,0.0,0,2024-04-26 21:33:39,2014
3009,,,MIN LONG YU YOU60165,412509526,15,0.0,117.971027,24.406953,0.0,0,2024-04-26 21:51:43,1980
3067,,,MIN LONG YU YOU60165,412509526,15,0.0,117.971027,24.406953,0.0,0,2024-04-26 21:51:43,2015
2907,,,MIN LONG YU YOU60165,412509526,15,0.0,117.971027,24.406953,0.0,0,2024-04-26 21:51:43,1911
2949,,,MIN LONG YU YOU60165,412509526,15,0.3,117.971185,24.407045,50.5,0,2024-04-26 22:04:18,1921
2771,,,MIN LONG YU YOU60165,412509526,15,0.3,117.971185,24.407045,50.5,0,2024-04-26 22:04:18,1795
2716,,,MIN LONG YU YOU60165,412509526,15,0.3,117.971185,24.407045,50.5,0,2024-04-26 22:04:18,1772
3173,,,MIN LONG YU YOU60165,412509526,15,0.3,117.97109,24.407077,150.0,0,2024-04-26 22:21:49,2075
3247,,,MIN LONG YU YOU60165,412509526,15,0.3,117.97109,24.407077,150.0,0,2024-04-26 22:21:49,2156
3239,,,MIN LONG YU YOU60165,412509526,15,0.3,117.97109,24.407077,150.0,0,2024-04-26 22:21:49,2136
3253,,,MIN LONG YU YOU60165,412509526,15,0.1,117.971242,24.406947,0.0,0,2024-04-26 23:09:27,2174
3026,,,MIN LONG YU YOU60165,412509526,15,0.1,117.971242,24.406947,0.0,0,2024-04-26 23:09:27,2044
3320,,,MIN LONG YU YOU60165,412509526,15,0.1,117.971242,24.406947,0.0,0,2024-04-26 23:09:27,2217
3293,,,MIN LONG YU YOU60165,412509526,15,0.2,117.971237,24.40699,118.2,0,2024-04-26 23:39:28,2205
3101,,,MIN LONG YU YOU60165,412509526,15,0.2,117.971237,24.40699,118.2,0,2024-04-26 23:39:28,2083
3036,,,MIN LONG YU YOU60165,412509526,15,0.2,117.971237,24.40699,118.2,0,2024-04-26 23:39:28,2048
3086,,,MIN LONG YU YOU60165,412509526,15,0.1,117.971205,24.406997,40.4,0,2024-04-26 23:51:32,2076
3159,,,MIN LONG YU YOU60165,412509526,15,0.1,117.971205,24.406997,40.4,0,2024-04-26 23:51:32,2131
3424,,,MIN LONG YU YOU60165,412509526,15,0.1,117.971205,24.406997,40.4,0,2024-04-26 23:51:32,2282
3184,,,MIN LONG YU YOU60165,412509526,15,0.1,117.971253,24.40703,0.0,0,2024-04-27 00:21:29,2114
3358,,,MIN LONG YU YOU60165,412509526,15,0.1,117.971253,24.40703,0.0,0,2024-04-27 00:21:29,2212
3093,,,MIN LONG YU YOU60165,412509526,15,0.1,117.971253,24.40703,0.0,0,2024-04-27 00:21:29,2085
3185,,,MIN LONG YU YOU60165,412509526,15,0.1,117.971155,24.407007,40.4,0,2024-04-27 00:39:29,2113
3111,,,MIN LONG YU YOU60165,412509526,15,0.1,117.971155,24.407007,40.4,0,2024-04-27 00:39:29,2070
3232,,,MIN LONG YU YOU60165,412509526,15,0.1,117.971155,24.407007,40.4,0,2024-04-27 00:39:29,2140
3020,,,MIN LONG YU YOU60165,412509526,15,0.2,117.97106,24.406997,111.6,0,2024-04-27 00:51:29,2005
3120,,,MIN LONG YU YOU60165,412509526,15,0.2,117.97106,24.406997,111.6,0,2024-04-27 00:51:29,2069
3014,,,MIN LONG YU YOU60165,412509526,15,0.2,117.97106,24.406997,111.6,0,2024-04-27 00:51:29,1992
3172,,,MIN LONG YU YOU60165,412509526,15,0.2,117.972333,24.407455,249.3,0,2024-04-27 01:03:30,2098
3171,,,MIN LONG YU YOU60165,412509526,15,0.2,117.972333,24.407455,249.3,0,2024-04-27 01:03:30,2092
3042,,,MIN LONG YU YOU60165,412509526,15,0.2,117.972333,24.407455,249.3,0,2024-04-27 01:03:30,2015
2868,,,MIN LONG YU YOU60165,412509526,15,0.3,117.971217,24.407137,283.6,0,2024-04-27 01:21:29,1918
3031,,,MIN LONG YU YOU60165,412509526,15,0.3,117.971217,24.407137,283.6,0,2024-04-27 01:21:29,2052
3089,,,MIN LONG YU YOU60165,412509526,15,0.3,117.971283,24.406895,50.5,0,2024-04-27 01:33:30,2098
3249,,,MIN LONG YU YOU60165,412509526,15,0.3,117.971283,24.406895,50.5,0,2024-04-27 01:33:30,2191
3374,,,MIN LONG YU YOU60165,412509526,15,0.3,117.971283,24.406895,50.5,0,2024-04-27 01:33:30,2255
3039,,,MIN LONG YU YOU60165,412509526,15,0.3,117.971283,24.406895,50.5,0,2024-04-27 01:33:30,2048
3032,,,MIN LONG YU YOU60165,412509526,15,0.2,117.971252,24.406962,0.0,0,2024-04-27 02:09:30,2044
3596,,,MIN LONG YU YOU60165,412509526,15,0.2,117.971252,24.406962,0.0,0,2024-04-27 02:09:30,2367
3240,,,MIN LONG YU YOU60165,412509526,15,0.2,117.971252,24.406962,0.0,0,2024-04-27 02:09:30,2157
3195,,,MIN LONG YU YOU60165,412509526,15,0.1,117.971245,24.40698,0.0,0,2024-04-27 02:33:29,2166
3420,,,MIN LONG YU YOU60165,412509526,15,0.1,117.971245,24.40698,0.0,0,2024-04-27 02:33:29,2304
3160,,,MIN LONG YU YOU60165,412509526,15,0.1,117.971245,24.40698,0.0,0,2024-04-27 02:33:29,2161
3110,,,MIN LONG YU YOU60165,412509526,15,0.5,117.9712,24.407,330.1,0,2024-04-27 02:51:31,2141
3157,,,MIN LONG YU YOU60165,412509526,15,0.5,117.9712,24.407,330.1,0,2024-04-27 02:51:31,2184
3274,,,MIN LONG YU YOU60165,412509526,15,0.5,117.9712,24.407,330.1,0,2024-04-27 02:51:31,2230
3228,,,MIN LONG YU YOU60165,412509526,15,0.2,117.971155,24.407007,298.6,0,2024-04-27 03:57:31,2216
3292,,,MIN LONG YU YOU60165,412509526,15,0.2,117.971155,24.407007,298.6,0,2024-04-27 03:57:31,2270
3288,,,MIN LONG YU YOU60165,412509526,15,0.2,117.971155,24.407007,298.6,0,2024-04-27 03:57:31,2289
3497,,,MIN LONG YU YOU60165,412509526,15,0.2,117.971167,24.406997,271.7,0,2024-04-27 04:21:32,2424
3178,,,MIN LONG YU YOU60165,412509526,15,0.2,117.971167,24.406997,271.7,0,2024-04-27 04:21:32,2221
3239,,,MIN LONG YU YOU60165,412509526,15,0.2,117.971167,24.406997,271.7,0,2024-04-27 04:21:32,2272
3664,,,MIN LONG YU YOU60165,412509526,15,0.3,117.971423,24.406985,286.0,0,2024-04-27 04:33:33,2538
3551,,,MIN LONG YU YOU60165,412509526,15,0.3,117.971423,24.406985,286.0,0,2024-04-27 04:33:33,2450
3346,,,MIN LONG YU YOU60165,412509526,15,0.3,117.971423,24.406985,286.0,0,2024-04-27 04:33:33,2307
3295,,,MIN LONG YU YOU60165,412509526,15,0.3,117.971312,24.406993,290.6,0,2024-04-27 05:03:31,2293
3297,,,MIN LONG YU YOU60165,412509526,15,0.3,117.971312,24.406993,290.6,0,2024-04-27 05:03:31,2287
3236,,,MIN LONG YU YOU60165,412509526,15,0.3,117.971312,24.406993,290.6,0,2024-04-27 05:03:31,2249
3239,,,MIN LONG YU YOU60165,412509526,15,0.0,117.971333,24.40694,269.3,0,2024-04-27 05:33:35,2280
3400,,,MIN LONG YU YOU60165,412509526,15,0.0,117.971333,24.40694,269.3,0,2024-04-27 05:33:35,2372
3496,,,MIN LONG YU YOU60165,412509526,15,0.0,117.971333,24.40694,269.3,0,2024-04-27 05:33:35,2444
3348,,,MIN LONG YU YOU60165,412509526,15,0.1,117.971357,24.406993,293.9,0,2024-04-27 05:45:39,2340
3355,,,MIN LONG YU YOU60165,412509526,15,0.1,117.971357,24.406993,293.9,0,2024-04-27 05:45:39,2363
3318,,,MIN LONG YU YOU60165,412509526,15,0.1,117.971357,24.406993,293.9,0,2024-04-27 05:45:39,2332
3732,,,MIN LONG YU YOU60165,412509526,15,0.1,117.971282,24.406813,10.1,0,2024-04-27 05:57:36,2612
3491,,,MIN LONG YU YOU60165,412509526,15,0.1,117.971282,24.406813,10.1,0,2024-04-27 05:57:36,2450
3192,,,MIN LONG YU YOU60165,412509526,15,0.1,117.971282,24.406813,10.1,0,2024-04-27 05:57:36,2225
3113,,,MIN LONG YU YOU60165,412509526,15,0.0,117.971563,24.406848,0.0,0,2024-04-27 06:09:38,2170
3424,,,MIN LONG YU YOU60165,412509526,15,0.0,117.971563,24.406848,0.0,0,2024-04-27 06:09:38,2392
3562,,,MIN LONG YU YOU60165,412509526,15,0.0,117.971563,24.406848,0.0,0,2024-04-27 06:09:38,2482
3670,,,MIN LONG YU YOU60165,412509526,15,0.0,117.972098,24.406425,0.0,0,2024-04-27 06:27:37,2551
3627,,,MIN LONG YU YOU60165,412509526,15,0.0,117.972098,24.406425,0.0,0,2024-04-27 06:27:37,2519
3411,,,MIN LONG YU YOU60165,412509526,15,0.0,117.972098,24.406425,0.0,0,2024-04-27 06:27:37,2391
3481,,,MIN LONG YU YOU60165,412509526,15,0.0,117.971283,24.406927,20.2,0,2024-04-27 06:51:41,2420
3590,,,MIN LONG YU YOU60165,412509526,15,0.0,117.971283,24.406927,20.2,0,2024-04-27 06:51:41,2509
3480,,,MIN LONG YU YOU60165,412509526,15,0.0,117.971233,24.406952,0.0,0,2024-04-27 07:03:34,2431
3491,,,MIN LONG YU YOU60165,412509526,15,0.0,117.971233,24.406952,0.0,0,2024-04-27 07:03:34,2439
3537,,,MIN LONG YU YOU60165,412509526,15,0.0,117.971233,24.406952,0.0,0,2024-04-27 07:03:34,2446
3473,,,MIN LONG YU YOU60165,412509526,15,0.0,117.971228,24.406982,0.0,0,2024-04-27 07:15:38,2403
3803,,,MIN LONG YU YOU60165,412509526,15,0.0,117.971228,24.406982,0.0,0,2024-04-27 07:15:38,2640
3566,,,MIN LONG YU YOU60165,412509526,15,0.0,117.971228,24.406982,0.0,0,2024-04-27 07:15:38,2487
3691,,,MIN LONG YU YOU60165,412509526,15,0.1,117.971268,24.406983,316.3,0,2024-04-27 07:33:35,2580
3715,,,MIN LONG YU YOU60165,412509526,15,0.1,117.971268,24.406983,316.3,0,2024-04-27 07:33:35,2576
3703,,,MIN LONG YU YOU60165,412509526,15,0.1,117.971268,24.406983,316.3,0,2024-04-27 07:33:35,2577
3648,,,MIN LONG YU YOU60165,412509526,15,0.1,117.971307,24.406983,325.9,0,2024-04-27 07:51:43,2516
3577,,,MIN LONG YU YOU60165,412509526,15,0.1,117.971307,24.406983,325.9,0,2024-04-27 07:51:43,2476
4030,,,MIN LONG YU YOU60165,412509526,15,0.1,117.971307,24.406983,325.9,0,2024-04-27 07:51:43,2753
3698,,,MIN LONG YU YOU60165,412509526,15,0.2,117.971298,24.40685,186.7,0,2024-04-27 08:21:37,2554
3632,,,MIN LONG YU YOU60165,412509526,15,0.2,117.971298,24.40685,186.7,0,2024-04-27 08:21:37,2512
3740,,,MIN LONG YU YOU60165,412509526,15,0.2,117.971298,24.40685,186.7,0,2024-04-27 08:21:37,2580
3763,,,MIN LONG YU YOU60165,412509526,15,0.3,117.971192,24.407028,2.9,0,2024-04-27 08:45:45,2578
3753,,,MIN LONG YU YOU60165,412509526,15,0.3,117.971192,24.407028,2.9,0,2024-04-27 08:45:45,2568
3540,,,MIN LONG YU YOU60165,412509526,15,0.3,117.971192,24.407028,2.9,0,2024-04-27 08:45:45,2448
3694,,,MIN LONG YU YOU60165,412509526,15,0.3,117.971262,24.406955,158.6,0,2024-04-27 09:21:36,2538
3818,,,MIN LONG YU YOU60165,412509526,15,0.3,117.971262,24.406955,158.6,0,2024-04-27 09:21:36,2613
3784,,,MIN LONG YU YOU60165,412509526,15,0.3,117.971262,24.406955,158.6,0,2024-04-27 09:21:36,2569
3498,,,MIN LONG YU YOU60165,412509526,15,0.2,117.971243,24.40697,173.8,0,2024-04-27 09:52:36,2381
3625,,,MIN LONG YU YOU60165,412509526,15,0.2,117.971243,24.40697,173.8,0,2024-04-27 09:52:36,2461
3904,,,MIN LONG YU YOU60165,412509526,15,0.2,117.971267,24.406983,198.6,0,2024-04-27 10:03:36,2646
3625,,,MIN LONG YU YOU60165,412509526,15,0.2,117.971267,24.406983,198.6,0,2024-04-27 10:03:36,2478
3578,,,MIN LONG YU YOU60165,412509526,15,0.2,117.971267,24.406983,198.6,0,2024-04-27 10:03:36,2429
3505,,,MIN LONG YU YOU60165,412509526,15,0.2,117.971267,24.406983,198.6,0,2024-04-27 10:03:36,2355
3914,,,MIN LONG YU YOU60165,412509526,15,0.2,117.97128,24.407038,0.0,0,2024-04-27 10:45:40,2679
3811,,,MIN LONG YU YOU60165,412509526,15,0.2,117.97128,24.407038,0.0,0,2024-04-27 10:45:40,2610
3590,,,MIN LONG YU YOU60165,412509526,15,0.2,117.97128,24.407038,0.0,0,2024-04-27 10:45:40,2471
3573,,,MIN LONG YU YOU60165,412509526,15,1.3,117.971275,24.406992,90.9,0,2024-04-27 11:03:36,2441
3555,,,MIN LONG YU YOU60165,412509526,15,1.3,117.971275,24.406992,90.9,0,2024-04-27 11:03:36,2442
3569,,,MIN LONG YU YOU60165,412509526,15,1.3,117.971275,24.406992,90.9,0,2024-04-27 11:03:36,2447
3896,,,MIN LONG YU YOU60165,412509526,15,0.0,117.971295,24.407023,0.0,0,2024-04-27 11:15:40,2607
3519,,,MIN LONG YU YOU60165,412509526,15,0.0,117.971295,24.407023,0.0,0,2024-04-27 11:15:40,2372
3453,,,MIN LONG YU YOU60165,412509526,15,0.0,117.971295,24.407023,0.0,0,2024-04-27 11:15:40,2322
3344,,,MIN LONG YU YOU60165,412509526,15,0.4,117.971302,24.407027,0.0,0,2024-04-27 11:33:36,2249
3724,,,MIN LONG YU YOU60165,412509526,15,0.4,117.971302,24.407027,0.0,0,2024-04-27 11:33:36,2515
3658,,,MIN LONG YU YOU60165,412509526,15,0.4,117.971302,24.407027,0.0,0,2024-04-27 11:33:36,2451
3347,,,MIN LONG YU YOU60165,412509526,15,0.4,117.971302,24.407027,0.0,0,2024-04-27 11:33:36,2251
3528,,,MIN LONG YU YOU60165,412509526,15,0.2,117.971282,24.407,60.6,0,2024-04-27 11:51:36,2391
3408,,,MIN LONG YU YOU60165,412509526,15,0.2,117.971282,24.407,60.6,0,2024-04-27 11:51:36,2332
3471,,,MIN LONG YU YOU60165,412509526,15,0.2,117.971282,24.407,60.6,0,2024-04-27 11:51:36,2342
3628,,,MIN LONG YU YOU60165,412509526,15,0.1,117.971303,24.40705,60.6,0,2024-04-27 12:03:36,2449
3609,,,MIN LONG YU YOU60165,412509526,15,0.1,117.971303,24.40705,60.6,0,2024-04-27 12:03:36,2432
3569,,,MIN LONG YU YOU60165,412509526,15,0.1,117.971303,24.40705,60.6,0,2024-04-27 12:03:36,2391
3474,,,MIN LONG YU YOU60165,412509526,15,0.5,117.97134,24.407003,90.9,0,2024-04-27 13:15:42,2317
3555,,,MIN LONG YU YOU60165,412509526,15,0.5,117.97134,24.407003,90.9,0,2024-04-27 13:15:42,2375
3343,,,MIN LONG YU YOU60165,412509526,15,0.5,117.97134,24.407003,90.9,0,2024-04-27 13:15:42,2212
3289,,,MIN LONG YU YOU60165,412509526,15,1.6,117.971385,24.406998,286.3,0,2024-04-27 13:45:37,2170
3279,,,MIN LONG YU YOU60165,412509526,15,1.6,117.971385,24.406998,286.3,0,2024-04-27 13:45:37,2194
3661,,,MIN LONG YU YOU60165,412509526,15,1.6,117.971385,24.406998,286.3,0,2024-04-27 13:45:37,2435
3603,,,MIN LONG YU YOU60165,412509526,15,0.0,117.971582,24.406937,109.2,0,2024-04-27 14:15:58,2376
3650,,,MIN LONG YU YOU60165,412509526,15,0.0,117.971582,24.406937,109.2,0,2024-04-27 14:15:58,2398
3329,,,MIN LONG YU YOU60165,412509526,15,0.0,117.971582,24.406937,109.2,0,2024-04-27 14:15:58,2212
3345,,,MIN LONG YU YOU60165,412509526,15,0.0,117.971198,24.407088,0.0,0,2024-04-27 14:33:50,2207
3382,,,MIN LONG YU YOU60165,412509526,15,0.0,117.971198,24.407088,0.0,0,2024-04-27 14:33:50,2236
3277,,,MIN LONG YU YOU60165,412509526,15,0.0,117.971198,24.407088,0.0,0,2024-04-27 14:33:50,2143
3029,,,MIN LONG YU YOU60165,412509526,15,0.1,117.971267,24.40704,0.0,0,2024-04-27 16:09:39,1967
3067,,,MIN LONG YU YOU60165,412509526,15,0.1,117.971267,24.40704,0.0,0,2024-04-27 16:09:39,2018
3225,,,MIN LONG YU YOU60165,412509526,15,0.1,117.971267,24.40704,0.0,0,2024-04-27 16:09:39,2118
3369,,,MIN LONG YU YOU60165,412509526,15,0.0,117.971252,24.406965,101.7,0,2024-04-27 16:27:46,2248
3432,,,MIN LONG YU YOU60165,412509526,15,0.0,117.971252,24.406965,101.7,0,2024-04-27 16:27:46,2302
3592,,,MIN LONG YU YOU60165,412509526,15,0.0,117.971252,24.406965,101.7,0,2024-04-27 16:27:46,2397
3211,,,MIN LONG YU YOU60165,412509526,15,0.0,117.971208,24.406978,0.0,0,2024-04-27 17:03:38,2176
3498,,,MIN LONG YU YOU60165,412509526,15,0.0,117.971208,24.406978,0.0,0,2024-04-27 17:03:38,2343
3330,,,MIN LONG YU YOU60165,412509526,15,0.0,117.971208,24.406978,0.0,0,2024-04-27 17:03:38,2259
3333,,,MIN LONG YU YOU60165,412509526,15,0.0,117.971303,24.406987,60.6,0,2024-04-27 17:21:40,2282
3339,,,MIN LONG YU YOU60165,412509526,15,0.0,117.971303,24.406987,60.6,0,2024-04-27 17:21:40,2269
3321,,,MIN LONG YU YOU60165,412509526,15,0.0,117.971303,24.406987,60.6,0,2024-04-27 17:21:40,2243
3344,,,MIN LONG YU YOU60165,412509526,15,0.2,117.971335,24.40709,0.0,0,2024-04-27 17:51:40,2312
3368,,,MIN LONG YU YOU60165,412509526,15,0.2,117.971335,24.40709,0.0,0,2024-04-27 17:51:40,2339
3338,,,MIN LONG YU YOU60165,412509526,15,0.2,117.971335,24.40709,0.0,0,2024-04-27 17:51:40,2315
3481,,,MIN LONG YU YOU60165,412509526,15,0.2,117.971393,24.40709,183.9,0,2024-04-27 18:15:44,2404
3344,,,MIN LONG YU YOU60165,412509526,15,0.2,117.971393,24.40709,183.9,0,2024-04-27 18:15:44,2311
3324,,,MIN LONG YU YOU60165,412509526,15,0.2,117.971393,24.40709,183.9,0,2024-04-27 18:15:44,2310
3719,,,MIN LONG YU YOU60165,412509526,15,0.3,117.971505,24.40723,121.3,0,2024-04-27 18:27:58,2571
3342,,,MIN LONG YU YOU60165,412509526,15,0.3,117.971505,24.40723,121.3,0,2024-04-27 18:27:58,2321
3665,,,MIN LONG YU YOU60165,412509526,15,0.3,117.971505,24.40723,121.3,0,2024-04-27 18:27:58,2513
3165,,,MIN LONG YU YOU60165,412509526,15,1.1,117.971357,24.407083,40.4,0,2024-04-27 18:45:45,2205
3473,,,MIN LONG YU YOU60165,412509526,15,1.1,117.971357,24.407083,40.4,0,2024-04-27 18:45:45,2411
3332,,,MIN LONG YU YOU60165,412509526,15,1.1,117.971357,24.407083,40.4,0,2024-04-27 18:45:45,2311
3371,,,MIN LONG YU YOU60165,412509526,15,0.2,117.971323,24.407057,90.9,0,2024-04-27 19:03:42,2319
3288,,,MIN LONG YU YOU60165,412509526,15,0.2,117.971323,24.407057,90.9,0,2024-04-27 19:03:42,2254
3247,,,MIN LONG YU YOU60165,412509526,15,0.2,117.971323,24.407057,90.9,0,2024-04-27 19:03:42,2242
3485,,,MIN LONG YU YOU60165,412509526,15,0.3,117.97131,24.406995,60.6,0,2024-04-27 19:15:45,2412
3372,,,MIN LONG YU YOU60165,412509526,15,0.3,117.97131,24.406995,60.6,0,2024-04-27 19:15:45,2328
3528,,,MIN LONG YU YOU60165,412509526,15,0.3,117.97131,24.406995,60.6,0,2024-04-27 19:15:45,2393
3241,,,MIN LONG YU YOU60165,412509526,15,0.2,117.97122,24.407055,60.6,0,2024-04-27 20:15:42,2208
3486,,,MIN LONG YU YOU60165,412509526,15,0.2,117.97122,24.407055,60.6,0,2024-04-27 20:15:42,2369
3271,,,MIN LONG YU YOU60165,412509526,15,0.2,117.97122,24.407055,60.6,0,2024-04-27 20:15:42,2260
3479,,,MIN LONG YU YOU60165,412509526,15,3.5,117.97126,24.407045,359.3,0,2024-04-27 20:27:42,2393
3289,,,MIN LONG YU YOU60165,412509526,15,3.5,117.97126,24.407045,359.3,0,2024-04-27 20:27:42,2278
3718,,,MIN LONG YU YOU60165,412509526,15,3.5,117.97126,24.407045,359.3,0,2024-04-27 20:27:42,2560
3775,,,MIN LONG YU YOU60165,412509526,15,0.7,117.971288,24.407057,106.4,0,2024-04-27 20:45:46,2592
3435,,,MIN LONG YU YOU60165,412509526,15,0.7,117.971288,24.407057,106.4,0,2024-04-27 20:45:46,2387
3402,,,MIN LONG YU YOU60165,412509526,15,0.7,117.971288,24.407057,106.4,0,2024-04-27 20:45:46,2364
3269,,,MIN LONG YU YOU60165,412509526,15,0.1,117.971297,24.40707,141.5,0,2024-04-27 20:57:43,2253
3473,,,MIN LONG YU YOU60165,412509526,15,0.1,117.971297,24.40707,141.5,0,2024-04-27 20:57:43,2372
3362,,,MIN LONG YU YOU60165,412509526,15,0.1,117.971297,24.40707,141.5,0,2024-04-27 20:57:43,2317
3226,,,MIN LONG YU YOU60165,412509526,15,0.0,117.97127,24.407055,315.2,0,2024-04-27 21:21:43,2206
3157,,,MIN LONG YU YOU60165,412509526,15,0.0,117.97127,24.407055,315.2,0,2024-04-27 21:21:43,2163
3226,,,MIN LONG YU YOU60165,412509526,15,0.0,117.97127,24.407055,315.2,0,2024-04-27 21:21:43,2199
3378,,,MIN LONG YU YOU60165,412509526,15,0.2,117.971242,24.406935,190.1,0,2024-04-27 21:45:48,2336
3267,,,MIN LONG YU YOU60165,412509526,15,0.2,117.971242,24.406935,190.1,0,2024-04-27 21:45:48,2261
3282,,,MIN LONG YU YOU60165,412509526,15,0.2,117.971242,24.406935,190.1,0,2024-04-27 21:45:48,2266
3360,,,MIN LONG YU YOU60165,412509526,15,0.1,117.971218,24.407013,0.0,0,2024-04-27 22:21:45,2307
3154,,,MIN LONG YU YOU60165,412509526,15,0.1,117.971218,24.407013,0.0,0,2024-04-27 22:21:45,2152
3263,,,MIN LONG YU YOU60165,412509526,15,0.1,117.971218,24.407013,0.0,0,2024-04-27 22:21:45,2227
3268,,,MIN LONG YU YOU60165,412509526,15,1.1,117.971357,24.40706,114.1,0,2024-04-27 22:51:43,2230
3436,,,MIN LONG YU YOU60165,412509526,15,1.1,117.971357,24.40706,114.1,0,2024-04-27 22:51:43,2348
3391,,,MIN LONG YU YOU60165,412509526,15,1.1,117.971357,24.40706,114.1,0,2024-04-27 22:51:43,2335
3288,,,MIN LONG YU YOU60165,412509526,15,0.1,117.97129,24.406933,40.4,0,2024-04-27 23:33:44,2234
3479,,,MIN LONG YU YOU60165,412509526,15,0.1,117.97129,24.406933,40.4,0,2024-04-27 23:33:44,2382
3327,,,MIN LONG YU YOU60165,412509526,15,0.1,117.97129,24.406933,40.4,0,2024-04-27 23:33:44,2301
3415,,,MIN LONG YU YOU60165,412509526,15,0.3,117.971432,24.407087,0.0,0,2024-04-27 23:57:45,2365
3300,,,MIN LONG YU YOU60165,412509526,15,0.3,117.971432,24.407087,0.0,0,2024-04-27 23:57:45,2263
3358,,,MIN LONG YU YOU60165,412509526,15,0.3,117.971432,24.407087,0.0,0,2024-04-27 23:57:45,2312
3416,,,MIN LONG YU YOU60165,412509526,15,1.1,117.971428,24.40708,90.9,0,2024-04-28 00:33:45,2332
3251,,,MIN LONG YU YOU60165,412509526,15,1.1,117.971428,24.40708,90.9,0,2024-04-28 00:33:45,2253
3548,,,MIN LONG YU YOU60165,412509526,15,1.1,117.971428,24.40708,90.9,0,2024-04-28 00:33:45,2426
3170,,,MIN LONG YU YOU60165,412509526,15,0.0,117.971442,24.407,0.0,0,2024-04-28 00:51:57,2222
3138,,,MIN LONG YU YOU60165,412509526,15,0.0,117.971442,24.407,0.0,0,2024-04-28 00:51:57,2190
3360,,,MIN LONG YU YOU60165,412509526,15,0.0,117.971442,24.407,0.0,0,2024-04-28 00:51:57,2306
3316,,,MIN LONG YU YOU60165,412509526,15,0.1,117.972058,24.406985,0.0,0,2024-04-28 01:03:58,2277
3147,,,MIN LONG YU YOU60165,412509526,15,0.1,117.972058,24.406985,0.0,0,2024-04-28 01:03:58,2153
3141,,,MIN LONG YU YOU60165,412509526,15,0.1,117.972058,24.406985,0.0,0,2024-04-28 01:03:58,2189
3188,,,MIN LONG YU YOU60165,412509526,15,1.3,117.971293,24.40691,269.9,0,2024-04-28 01:21:45,2220
3162,,,MIN LONG YU YOU60165,412509526,15,1.3,117.971293,24.40691,269.9,0,2024-04-28 01:21:45,2196
3223,,,MIN LONG YU YOU60165,412509526,15,1.3,117.971293,24.40691,269.9,0,2024-04-28 01:21:45,2236
3266,,,MIN LONG YU YOU60165,412509526,15,0.4,117.971247,24.40701,0.0,0,2024-04-28 01:39:45,2262
3280,,,MIN LONG YU YOU60165,412509526,15,0.4,117.971247,24.40701,0.0,0,2024-04-28 01:39:45,2259
3299,,,MIN LONG YU YOU60165,412509526,15,0.4,117.971247,24.40701,0.0,0,2024-04-28 01:39:45,2255
3036,,,MIN LONG YU YOU60165,412509526,15,0.3,117.971208,24.407115,117.2,0,2024-04-28 02:39:46,2080
2884,,,MIN LONG YU YOU60165,412509526,15,0.3,117.971208,24.407115,117.2,0,2024-04-28 02:39:46,1985
3018,,,MIN LONG YU YOU60165,412509526,15,0.3,117.971208,24.407115,117.2,0,2024-04-28 02:39:46,2071
3254,,,MIN LONG YU YOU60165,412509526,15,0.2,117.971327,24.407083,107.6,0,2024-04-28 03:03:45,2235
3291,,,MIN LONG YU YOU60165,412509526,15,0.2,117.971327,24.407083,107.6,0,2024-04-28 03:03:45,2267
2925,,,MIN LONG YU YOU60165,412509526,15,0.2,117.971327,24.407083,107.6,0,2024-04-28 03:03:45,2036
2922,,,MIN LONG YU YOU60165,412509526,15,1.5,117.97139,24.407192,0.0,0,2024-04-28 03:33:47,2038
3662,,,MIN LONG YU YOU60165,412509526,15,1.5,117.97139,24.407192,0.0,0,2024-04-28 03:33:47,2549
3285,,,MIN LONG YU YOU60165,412509526,15,1.5,117.97139,24.407192,0.0,0,2024-04-28 03:33:47,2330
3354,,,MIN LONG YU YOU60165,412509526,15,1.0,117.97137,24.407277,30.3,0,2024-04-28 03:45:50,2366
3415,,,MIN LONG YU YOU60165,412509526,15,1.0,117.97137,24.407277,30.3,0,2024-04-28 03:45:50,2410
3783,,,MIN LONG YU YOU60165,412509526,15,1.0,117.97137,24.407277,30.3,0,2024-04-28 03:45:50,2632
3563,,,MIN LONG YU YOU60165,412509526,15,0.2,117.97139,24.407132,50.5,0,2024-04-28 04:03:54,2500
3242,,,MIN LONG YU YOU60165,412509526,15,0.2,117.97139,24.407132,50.5,0,2024-04-28 04:03:54,2291
3613,,,MIN LONG YU YOU60165,412509526,15,0.2,117.97139,24.407132,50.5,0,2024-04-28 04:03:54,2527
3412,,,MIN LONG YU YOU60165,412509526,15,0.3,117.971275,24.407135,226.8,0,2024-04-28 04:15:50,2414
3507,,,MIN LONG YU YOU60165,412509526,15,0.3,117.971275,24.407135,226.8,0,2024-04-28 04:15:50,2481
3620,,,MIN LONG YU YOU60165,412509526,15,0.3,117.971275,24.407135,226.8,0,2024-04-28 04:15:50,2535
3404,,,MIN LONG YU YOU60165,412509526,15,0.2,117.971305,24.407152,0.0,0,2024-04-28 04:27:49,2400
3478,,,MIN LONG YU YOU60165,412509526,15,0.2,117.971305,24.407152,0.0,0,2024-04-28 04:27:49,2451
3669,,,MIN LONG YU YOU60165,412509526,15,0.2,117.971305,24.407152,0.0,0,2024-04-28 04:27:49,2588
3847,,,MIN LONG YU YOU60165,412509526,15,0.0,117.97126,24.407153,283.2,0,2024-04-28 04:45:52,2659
3561,,,MIN LONG YU YOU60165,412509526,15,0.0,117.97126,24.407153,283.2,0,2024-04-28 04:45:52,2501
3576,,,MIN LONG YU YOU60165,412509526,15,0.0,117.97126,24.407153,283.2,0,2024-04-28 04:45:52,2527
3625,,,MIN LONG YU YOU60165,412509526,15,0.1,117.971317,24.407167,321.5,0,2024-04-28 05:03:49,2575
3598,,,MIN LONG YU YOU60165,412509526,15,0.1,117.971317,24.407167,321.5,0,2024-04-28 05:03:49,2560
3908,,,MIN LONG YU YOU60165,412509526,15,0.1,117.971317,24.407167,321.5,0,2024-04-28 05:03:49,2736
3353,,,MIN LONG YU YOU60165,412509526,15,0.3,117.971137,24.40715,70.7,0,2024-04-28 05:27:49,2362
3604,,,MIN LONG YU YOU60165,412509526,15,0.3,117.971137,24.40715,70.7,0,2024-04-28 05:27:49,2557
3403,,,MIN LONG YU YOU60165,412509526,15,0.3,117.971137,24.40715,70.7,0,2024-04-28 05:27:49,2417
3729,,,MIN LONG YU YOU60165,412509526,15,2.3,117.971213,24.407122,70.7,0,2024-04-28 05:39:49,2632
3615,,,MIN LONG YU YOU60165,412509526,15,2.3,117.971213,24.407122,70.7,0,2024-04-28 05:39:49,2573
3465,,,MIN LONG YU YOU60165,412509526,15,2.3,117.971213,24.407122,70.7,0,2024-04-28 05:39:49,2456
3521,,,MIN LONG YU YOU60165,412509526,15,1.6,117.971208,24.407082,60.6,0,2024-04-28 05:51:49,2494
3517,,,MIN LONG YU YOU60165,412509526,15,1.6,117.971208,24.407082,60.6,0,2024-04-28 05:51:49,2501
3518,,,MIN LONG YU YOU60165,412509526,15,1.6,117.971208,24.407082,60.6,0,2024-04-28 05:51:49,2510
3422,,,MIN LONG YU YOU60165,412509526,15,0.0,117.971192,24.407128,293.6,0,2024-04-28 06:03:52,2428
3731,,,MIN LONG YU YOU60165,412509526,15,0.0,117.971192,24.407128,293.6,0,2024-04-28 06:03:52,2633
3415,,,MIN LONG YU YOU60165,412509526,15,0.0,117.971192,24.407128,293.6,0,2024-04-28 06:03:52,2404
3567,,,MIN LONG YU YOU60165,412509526,15,0.3,117.971437,24.40712,255.4,0,2024-04-28 06:27:50,2505
3624,,,MIN LONG YU YOU60165,412509526,15,0.3,117.971437,24.40712,255.4,0,2024-04-28 06:27:50,2546
3594,,,MIN LONG YU YOU60165,412509526,15,0.3,117.971437,24.40712,255.4,0,2024-04-28 06:27:50,2539
3746,,,MIN LONG YU YOU60165,412509526,15,0.1,117.971513,24.407195,70.7,0,2024-04-28 06:51:51,2650
3643,,,MIN LONG YU YOU60165,412509526,15,0.1,117.971513,24.407195,70.7,0,2024-04-28 06:51:51,2569
3556,,,MIN LONG YU YOU60165,412509526,15,0.1,117.971513,24.407195,70.7,0,2024-04-28 06:51:51,2493
4083,,,MIN LONG YU YOU60165,412509526,15,0.3,117.971438,24.407127,323.6,0,2024-04-28 07:03:51,2821
3475,,,MIN LONG YU YOU60165,412509526,15,0.3,117.971438,24.407127,323.6,0,2024-04-28 07:03:51,2438
3733,,,MIN LONG YU YOU60165,412509526,15,0.3,117.971438,24.407127,323.6,0,2024-04-28 07:03:51,2623
3837,,,MIN LONG YU YOU60165,412509526,15,4.6,117.971533,24.407142,341.2,0,2024-04-28 07:27:49,2719
3865,,,MIN LONG YU YOU60165,412509526,15,4.6,117.971533,24.407142,341.2,0,2024-04-28 07:27:49,2733
3781,,,MIN LONG YU YOU60165,412509526,15,4.6,117.971533,24.407142,341.2,0,2024-04-28 07:27:49,2682
3872,,,MIN LONG YU YOU60165,412509526,15,0.2,117.9715,24.407103,293.8,0,2024-04-28 07:45:50,2742
3769,,,MIN LONG YU YOU60165,412509526,15,0.2,117.9715,24.407103,293.8,0,2024-04-28 07:45:50,2668
3710,,,MIN LONG YU YOU60165,412509526,15,0.2,117.9715,24.407103,293.8,0,2024-04-28 07:45:50,2610
3770,,,MIN LONG YU YOU60165,412509526,15,0.1,117.971433,24.407083,0.0,0,2024-04-28 08:03:51,2665
3663,,,MIN LONG YU YOU60165,412509526,15,0.1,117.971433,24.407083,0.0,0,2024-04-28 08:03:51,2560
3776,,,MIN LONG YU YOU60165,412509526,15,0.1,117.971433,24.407083,0.0,0,2024-04-28 08:03:51,2646
3829,,,MIN LONG YU YOU60165,412509526,15,0.1,117.971415,24.407053,40.4,0,2024-04-28 08:21:51,2683
3719,,,MIN LONG YU YOU60165,412509526,15,0.1,117.971415,24.407053,40.4,0,2024-04-28 08:21:51,2613
4037,,,MIN LONG YU YOU60165,412509526,15,0.1,117.971415,24.407053,40.4,0,2024-04-28 08:21:51,2828
3861,,,MIN LONG YU YOU60165,412509526,15,0.0,117.971462,24.407107,0.0,0,2024-04-28 08:39:53,2702
3760,,,MIN LONG YU YOU60165,412509526,15,0.0,117.971462,24.407107,0.0,0,2024-04-28 08:39:53,2612
3758,,,MIN LONG YU YOU60165,412509526,15,0.0,117.971462,24.407107,0.0,0,2024-04-28 08:39:53,2641
3764,,,MIN LONG YU YOU60165,412509526,15,0.0,117.971423,24.407125,341.0,0,2024-04-28 09:21:52,2591
3859,,,MIN LONG YU YOU60165,412509526,15,0.0,117.971423,24.407125,341.0,0,2024-04-28 09:21:52,2647
3704,,,MIN LONG YU YOU60165,412509526,15,0.0,117.971423,24.407125,341.0,0,2024-04-28 09:21:52,2536
3742,,,MIN LONG YU YOU60165,412509526,15,0.1,117.971398,24.407062,0.0,0,2024-04-28 09:33:52,2551
3723,,,MIN LONG YU YOU60165,412509526,15,0.1,117.971398,24.407062,0.0,0,2024-04-28 09:33:52,2532
3381,,,MIN LONG YU YOU60165,412509526,15,0.1,117.971398,24.407062,0.0,0,2024-04-28 09:33:52,2302
3420,,,MIN LONG YU YOU60165,412509526,15,1.0,117.97143,24.407012,10.1,0,2024-04-28 09:45:52,2333
3331,,,MIN LONG YU YOU60165,412509526,15,1.0,117.97143,24.407012,10.1,0,2024-04-28 09:45:52,2271
3277,,,MIN LONG YU YOU60165,412509526,15,1.0,117.97143,24.407012,10.1,0,2024-04-28 09:45:52,2233
3772,,,MIN LONG YU YOU60165,412509526,15,0.2,117.97148,24.40712,205.9,0,2024-04-28 09:57:53,2564
3672,,,MIN LONG YU YOU60165,412509526,15,0.2,117.97148,24.40712,205.9,0,2024-04-28 09:57:53,2493
3643,,,MIN LONG YU YOU60165,412509526,15,0.2,117.97148,24.40712,205.9,0,2024-04-28 09:57:53,2469
3631,,,MIN LONG YU YOU60165,412509526,15,0.2,117.97139,24.407127,0.0,0,2024-04-28 10:09:53,2476
3841,,,MIN LONG YU YOU60165,412509526,15,0.2,117.97139,24.407127,0.0,0,2024-04-28 10:09:53,2598
3829,,,MIN LONG YU YOU60165,412509526,15,0.2,117.97139,24.407127,0.0,0,2024-04-28 10:09:53,2579
3963,,,MIN LONG YU YOU60165,412509526,15,4.8,117.97107,24.406912,241.3,0,2024-04-28 10:51:53,2687
3649,,,MIN LONG YU YOU60165,412509526,15,4.8,117.97107,24.406912,241.3,0,2024-04-28 10:51:53,2490
3520,,,MIN LONG YU YOU60165,412509526,15,4.8,117.97107,24.406912,241.3,0,2024-04-28 10:51:53,2385
3207,,,MIN LONG YU YOU60165,412509526,15,0.1,117.971077,24.406862,293.9,0,2024-04-28 11:09:54,2156
3460,,,MIN LONG YU YOU60165,412509526,15,0.1,117.971077,24.406862,293.9,0,2024-04-28 11:09:54,2335
3573,,,MIN LONG YU YOU60165,412509526,15,0.1,117.971077,24.406862,293.9,0,2024-04-28 11:09:54,2422
3740,,,MIN LONG YU YOU60165,412509526,15,0.1,117.971138,24.406817,0.0,0,2024-04-28 11:27:54,2528
3719,,,MIN LONG YU YOU60165,412509526,15,0.1,117.971138,24.406817,0.0,0,2024-04-28 11:27:54,2504
3529,,,MIN LONG YU YOU60165,412509526,15,0.1,117.971138,24.406817,0.0,0,2024-04-28 11:27:54,2402
3750,,,MIN LONG YU YOU60165,412509526,15,0.2,117.971067,24.406833,0.0,0,2024-04-28 11:39:56,2543
3704,,,MIN LONG YU YOU60165,412509526,15,0.2,117.971067,24.406833,0.0,0,2024-04-28 11:39:56,2509
3740,,,MIN LONG YU YOU60165,412509526,15,0.2,117.971067,24.406833,0.0,0,2024-04-28 11:39:56,2530
3622,,,MIN LONG YU YOU60165,412509526,15,0.1,117.971517,24.407078,0.0,0,2024-04-28 11:51:54,2442
3526,,,MIN LONG YU YOU60165,412509526,15,0.1,117.971517,24.407078,0.0,0,2024-04-28 11:51:54,2374
3626,,,MIN LONG YU YOU60165,412509526,15,0.1,117.971517,24.407078,0.0,0,2024-04-28 11:51:54,2429
3618,,,MIN LONG YU YOU60165,412509526,15,0.2,117.971747,24.407188,0.0,0,2024-04-28 12:15:54,2417
3612,,,MIN LONG YU YOU60165,412509526,15,0.2,117.971747,24.407188,0.0,0,2024-04-28 12:15:54,2436
3723,,,MIN LONG YU YOU60165,412509526,15,0.2,117.971765,24.407095,0.0,0,2024-04-28 12:33:55,2469
3617,,,MIN LONG YU YOU60165,412509526,15,0.2,117.971765,24.407095,0.0,0,2024-04-28 12:33:55,2402
3532,,,MIN LONG YU YOU60165,412509526,15,0.2,117.971765,24.407095,0.0,0,2024-04-28 12:33:55,2368
3629,,,MIN LONG YU YOU60165,412509526,15,0.1,117.971628,24.407287,0.0,0,2024-04-28 12:51:54,2406
3559,,,MIN LONG YU YOU60165,412509526,15,0.1,117.971628,24.407287,0.0,0,2024-04-28 12:51:54,2374
3671,,,MIN LONG YU YOU60165,412509526,15,0.1,117.971628,24.407287,0.0,0,2024-04-28 12:51:54,2433
3669,,,MIN LONG YU YOU60165,412509526,15,2.8,117.971745,24.406993,0.0,0,2024-04-28 13:03:54,2442
3561,,,MIN LONG YU YOU60165,412509526,15,2.8,117.971745,24.406993,0.0,0,2024-04-28 13:03:54,2388
3467,,,MIN LONG YU YOU60165,412509526,15,2.8,117.971745,24.406993,0.0,0,2024-04-28 13:03:54,2334
3716,,,MIN LONG YU YOU60165,412509526,15,0.1,117.971608,24.40716,0.0,0,2024-04-28 13:15:55,2479
3781,,,MIN LONG YU YOU60165,412509526,15,0.1,117.971608,24.40716,0.0,0,2024-04-28 13:15:55,2519
3783,,,MIN LONG YU YOU60165,412509526,15,0.1,117.971608,24.40716,0.0,0,2024-04-28 13:15:55,2524
3314,,,MIN LONG YU YOU60165,412509526,15,0.3,117.97146,24.407105,0.0,0,2024-04-28 13:57:56,2196
3202,,,MIN LONG YU YOU60165,412509526,15,0.3,117.97146,24.407105,0.0,0,2024-04-28 13:57:56,2113
3581,,,MIN LONG YU YOU60165,412509526,15,0.3,117.97146,24.407105,0.0,0,2024-04-28 13:57:56,2344
3266,,,MIN LONG YU YOU60165,412509526,15,0.1,117.97153,24.406982,251.9,0,2024-04-28 14:15:56,2159
3461,,,MIN LONG YU YOU60165,412509526,15,0.1,117.97153,24.406982,251.9,0,2024-04-28 14:15:56,2254
3283,,,MIN LONG YU YOU60165,412509526,15,0.1,117.97153,24.406982,251.9,0,2024-04-28 14:15:56,2180
3383,,,MIN LONG YU YOU60165,412509526,15,0.0,117.971357,24.407087,288.2,0,2024-04-28 14:45:56,2262
3148,,,MIN LONG YU YOU60165,412509526,15,0.0,117.971357,24.407087,288.2,0,2024-04-28 14:45:56,2116
3346,,,MIN LONG YU YOU60165,412509526,15,0.0,117.971357,24.407087,288.2,0,2024-04-28 14:45:56,2227
3199,,,MIN LONG YU YOU60165,412509526,15,0.0,117.971357,24.407087,288.2,0,2024-04-28 14:45:56,2150
3473,,,MIN LONG YU YOU60165,412509526,15,0.1,117.971348,24.40706,158.2,0,2024-04-28 15:03:55,2301
3259,,,MIN LONG YU YOU60165,412509526,15,0.1,117.971348,24.40706,158.2,0,2024-04-28 15:03:55,2166
3201,,,MIN LONG YU YOU60165,412509526,15,0.1,117.971348,24.40706,158.2,0,2024-04-28 15:03:55,2137
3134,,,MIN LONG YU YOU60165,412509526,15,2.7,117.971557,24.407317,2.0,0,2024-04-28 15:51:55,2053
3143,,,MIN LONG YU YOU60165,412509526,15,2.7,117.971557,24.407317,2.0,0,2024-04-28 15:51:55,2080
3339,,,MIN LONG YU YOU60165,412509526,15,2.7,117.971557,24.407317,2.0,0,2024-04-28 15:51:55,2200
3401,,,MIN LONG YU YOU60165,412509526,15,1.9,117.971463,24.407103,236.1,0,2024-04-28 16:10:02,2236
3399,,,MIN LONG YU YOU60165,412509526,15,1.9,117.971463,24.407103,236.1,0,2024-04-28 16:10:02,2254
3459,,,MIN LONG YU YOU60165,412509526,15,1.9,117.971463,24.407103,236.1,0,2024-04-28 16:10:02,2293
3022,,,MIN LONG YU YOU60165,412509526,15,0.0,117.97135,24.406967,317.9,0,2024-04-28 17:04:03,2021
3309,,,MIN LONG YU YOU60165,412509526,15,0.0,117.97135,24.406967,317.9,0,2024-04-28 17:04:03,2217
3150,,,MIN LONG YU YOU60165,412509526,15,0.0,117.97135,24.406967,317.9,0,2024-04-28 17:04:03,2116
3175,,,MIN LONG YU YOU60165,412509526,15,0.0,117.971263,24.407122,0.0,0,2024-04-28 17:21:57,2101
3064,,,MIN LONG YU YOU60165,412509526,15,0.0,117.971263,24.407122,0.0,0,2024-04-28 17:21:57,2025
3229,,,MIN LONG YU YOU60165,412509526,15,0.0,117.971263,24.407122,0.0,0,2024-04-28 17:21:57,2128
3055,,,MIN LONG YU YOU60165,412509526,15,0.1,117.971295,24.407083,0.0,0,2024-04-28 17:34:02,2011
3109,,,MIN LONG YU YOU60165,412509526,15,0.1,117.971295,24.407083,0.0,0,2024-04-28 17:34:02,2046
2844,,,MIN LONG YU YOU60165,412509526,15,0.1,117.971295,24.407083,0.0,0,2024-04-28 17:34:02,1886
2894,,,MIN LONG YU YOU60165,412509526,15,0.0,117.971292,24.40711,0.0,0,2024-04-28 17:51:57,1900
2990,,,MIN LONG YU YOU60165,412509526,15,0.0,117.971292,24.40711,0.0,0,2024-04-28 17:51:57,1958
3009,,,MIN LONG YU YOU60165,412509526,15,0.0,117.971292,24.40711,0.0,0,2024-04-28 17:51:57,1985
3406,,,MIN LONG YU YOU60165,412509526,15,0.2,117.971308,24.407083,136.9,0,2024-04-28 18:45:57,2279
3083,,,MIN LONG YU YOU60165,412509526,15,0.2,117.971308,24.407083,136.9,0,2024-04-28 18:45:57,2080
3078,,,MIN LONG YU YOU60165,412509526,15,0.2,117.971308,24.407083,136.9,0,2024-04-28 18:45:57,2068
3273,,,MIN LONG YU YOU60165,412509526,15,2.1,117.971388,24.406997,0.0,0,2024-04-28 19:22:04,2159
3273,,,MIN LONG YU YOU60165,412509526,15,2.1,117.971388,24.406997,0.0,0,2024-04-28 19:22:04,2157
3175,,,MIN LONG YU YOU60165,412509526,15,2.1,117.971388,24.406997,0.0,0,2024-04-28 19:22:04,2099
2941,,,MIN LONG YU YOU60165,412509526,15,3.6,117.971397,24.407092,276.1,0,2024-04-28 19:45:57,1952
2829,,,MIN LONG YU YOU60165,412509526,15,3.6,117.971397,24.407092,276.1,0,2024-04-28 19:45:57,1862
3091,,,MIN LONG YU YOU60165,412509526,15,3.6,117.971397,24.407092,276.1,0,2024-04-28 19:45:57,2025
3093,,,MIN LONG YU YOU60165,412509526,15,3.2,117.97161,24.40707,291.9,0,2024-04-28 20:04:01,2029
3115,,,MIN LONG YU YOU60165,412509526,15,3.2,117.97161,24.40707,291.9,0,2024-04-28 20:04:01,2026
2936,,,MIN LONG YU YOU60165,412509526,15,3.2,117.97161,24.40707,291.9,0,2024-04-28 20:04:01,1907
3209,,,MIN LONG YU YOU60165,412509526,15,0.7,117.971702,24.407002,50.5,0,2024-04-28 20:15:58,2066
3004,,,MIN LONG YU YOU60165,412509526,15,0.7,117.971702,24.407002,50.5,0,2024-04-28 20:15:58,1956
3003,,,MIN LONG YU YOU60165,412509526,15,0.7,117.971702,24.407002,50.5,0,2024-04-28 20:15:58,1976
2934,,,MIN LONG YU YOU60165,412509526,15,0.7,117.971702,24.407002,50.5,0,2024-04-28 20:15:58,1930
3060,,,MIN LONG YU YOU60165,412509526,15,0.1,117.971703,24.40692,0.0,0,2024-04-28 20:40:00,2014
2668,,,MIN LONG YU YOU60165,412509526,15,0.1,117.971703,24.40692,0.0,0,2024-04-28 20:40:00,1782
2900,,,MIN LONG YU YOU60165,412509526,15,0.1,117.971703,24.40692,0.0,0,2024-04-28 20:40:00,1936
3100,,,MIN LONG YU YOU60165,412509526,15,4.1,117.971703,24.407193,282.0,0,2024-04-28 21:09:59,2018
2667,,,MIN LONG YU YOU60165,412509526,15,4.1,117.971703,24.407193,282.0,0,2024-04-28 21:09:59,1751
2888,,,MIN LONG YU YOU60165,412509526,15,4.1,117.971703,24.407193,282.0,0,2024-04-28 21:09:59,1912
2821,,,MIN LONG YU YOU60165,412509526,15,0.1,117.971818,24.407228,30.3,0,2024-04-28 21:21:58,1853
2875,,,MIN LONG YU YOU60165,412509526,15,0.1,117.971818,24.407228,30.3,0,2024-04-28 21:21:58,1894
2987,,,MIN LONG YU YOU60165,412509526,15,0.1,117.971818,24.407228,30.3,0,2024-04-28 21:21:58,1971
3156,,,MIN LONG YU YOU60165,412509526,15,1.6,117.971748,24.4071,60.6,0,2024-04-28 21:34:03,2077
2791,,,MIN LONG YU YOU60165,412509526,15,1.6,117.971748,24.4071,60.6,0,2024-04-28 21:34:03,1857
2880,,,MIN LONG YU YOU60165,412509526,15,1.6,117.971748,24.4071,60.6,0,2024-04-28 21:34:03,1922
3089,,,MIN LONG YU YOU60165,412509526,15,0.1,117.971732,24.407,60.6,0,2024-04-28 21:46:00,2030
2728,,,MIN LONG YU YOU60165,412509526,15,0.1,117.971732,24.407,60.6,0,2024-04-28 21:46:00,1797
2817,,,MIN LONG YU YOU60165,412509526,15,0.1,117.971732,24.407,60.6,0,2024-04-28 21:46:00,1860
3152,,,MIN LONG YU YOU60165,412509526,15,0.2,117.971348,24.407098,352.9,0,2024-04-28 22:28:00,2076
2952,,,MIN LONG YU YOU60165,412509526,15,0.2,117.971348,24.407098,352.9,0,2024-04-28 22:28:00,1958
2973,,,MIN LONG YU YOU60165,412509526,15,0.2,117.971348,24.407098,352.9,0,2024-04-28 22:28:00,1957
2875,,,MIN LONG YU YOU60165,412509526,15,0.2,117.971305,24.406973,80.8,0,2024-04-28 22:46:02,1885
2848,,,MIN LONG YU YOU60165,412509526,15,0.2,117.971305,24.406973,80.8,0,2024-04-28 22:46:02,1851
2708,,,MIN LONG YU YOU60165,412509526,15,0.2,117.971305,24.406973,80.8,0,2024-04-28 22:46:02,1785
3166,,,MIN LONG YU YOU60165,412509526,15,1.1,117.9711,24.407018,270.1,0,2024-04-28 23:10:03,2088
2951,,,MIN LONG YU YOU60165,412509526,15,1.1,117.9711,24.407018,270.1,0,2024-04-28 23:10:03,1972
3279,,,MIN LONG YU YOU60165,412509526,15,1.1,117.9711,24.407018,270.1,0,2024-04-28 23:10:03,2172
2985,,,MIN LONG YU YOU60165,412509526,15,0.1,117.971153,24.407055,122.4,0,2024-04-28 23:22:01,1996
3015,,,MIN LONG YU YOU60165,412509526,15,0.1,117.971153,24.407055,122.4,0,2024-04-28 23:22:01,2031
2908,,,MIN LONG YU YOU60165,412509526,15,0.1,117.971153,24.407055,122.4,0,2024-04-28 23:22:01,1955
3222,,,MIN LONG YU YOU60165,412509526,15,0.3,117.971092,24.40708,120.1,0,2024-04-28 23:34:06,2129
3057,,,MIN LONG YU YOU60165,412509526,15,0.3,117.971092,24.40708,120.1,0,2024-04-28 23:34:06,2011
2984,,,MIN LONG YU YOU60165,412509526,15,0.3,117.971092,24.40708,120.1,0,2024-04-28 23:34:06,1998
3002,,,MIN LONG YU YOU60165,412509526,15,0.1,117.971045,24.407078,121.7,0,2024-04-28 23:46:01,1997
2785,,,MIN LONG YU YOU60165,412509526,15,0.1,117.971045,24.407078,121.7,0,2024-04-28 23:46:01,1890
2829,,,MIN LONG YU YOU60165,412509526,15,0.1,117.971045,24.407078,121.7,0,2024-04-28 23:46:01,1886
2963,,,MIN LONG YU YOU60165,412509526,15,0.2,117.970927,24.407028,103.7,0,2024-04-29 00:10:04,1997
3123,,,MIN LONG YU YOU60165,412509526,15,0.2,117.970927,24.407028,103.7,0,2024-04-29 00:10:04,2110
3056,,,MIN LONG YU YOU60165,412509526,15,0.2,117.970927,24.407028,103.7,0,2024-04-29 00:10:04,2059
3074,,,MIN LONG YU YOU60165,412509526,15,0.3,117.970975,24.40707,306.5,0,2024-04-29 00:22:02,2051
2916,,,MIN LONG YU YOU60165,412509526,15,0.3,117.970975,24.40707,306.5,0,2024-04-29 00:22:02,1957
3011,,,MIN LONG YU YOU60165,412509526,15,0.3,117.970975,24.40707,306.5,0,2024-04-29 00:22:02,2026
3131,,,MIN LONG YU YOU60165,412509526,15,0.0,117.970645,24.407288,168.7,0,2024-04-29 00:34:06,2101
3093,,,MIN LONG YU YOU60165,412509526,15,0.0,117.970645,24.407288,168.7,0,2024-04-29 00:34:06,2071
3097,,,MIN LONG YU YOU60165,412509526,15,0.0,117.970645,24.407288,168.7,0,2024-04-29 00:34:06,2074
3023,,,MIN LONG YU YOU60165,412509526,15,0.2,117.970922,24.40792,0.0,0,2024-04-29 00:52:06,2030
3062,,,MIN LONG YU YOU60165,412509526,15,0.2,117.970922,24.40792,0.0,0,2024-04-29 00:52:06,2050
3163,,,MIN LONG YU YOU60165,412509526,15,0.2,117.970922,24.40792,0.0,0,2024-04-29 00:52:06,2110
2945,,,MIN LONG YU YOU60165,412509526,15,0.3,117.971255,24.40704,213.6,0,2024-04-29 01:04:07,1976
2842,,,MIN LONG YU YOU60165,412509526,15,0.3,117.971255,24.40704,213.6,0,2024-04-29 01:04:07,1928
3053,,,MIN LONG YU YOU60165,412509526,15,0.3,117.971255,24.40704,213.6,0,2024-04-29 01:04:07,2057
2964,,,MIN LONG YU YOU60165,412509526,15,0.0,117.971378,24.407087,0.0,0,2024-04-29 01:16:03,2022
3163,,,MIN LONG YU YOU60165,412509526,15,0.0,117.971378,24.407087,0.0,0,2024-04-29 01:16:03,2135
2852,,,MIN LONG YU YOU60165,412509526,15,0.0,117.971378,24.407087,0.0,0,2024-04-29 01:16:03,1946
2982,,,MIN LONG YU YOU60165,412509526,15,0.1,117.971128,24.407078,0.0,0,2024-04-29 01:28:42,2010
3452,,,MIN LONG YU YOU60165,412509526,15,0.1,117.971128,24.407078,0.0,0,2024-04-29 01:28:42,2272
3075,,,MIN LONG YU YOU60165,412509526,15,0.1,117.971128,24.407078,0.0,0,2024-04-29 01:28:42,2079
3009,,,MIN LONG YU YOU60165,412509526,15,0.2,117.972113,24.405975,0.0,0,2024-04-29 01:40:03,2050
3390,,,MIN LONG YU YOU60165,412509526,15,0.2,117.972113,24.405975,0.0,0,2024-04-29 01:40:03,2278
2960,,,MIN LONG YU YOU60165,412509526,15,0.2,117.972113,24.405975,0.0,0,2024-04-29 01:40:03,2009
2907,,,MIN LONG YU YOU60165,412509526,15,0.3,117.971068,24.407185,193.8,0,2024-04-29 01:52:04,1989
3169,,,MIN LONG YU YOU60165,412509526,15,0.3,117.971068,24.407185,193.8,0,2024-04-29 01:52:04,2132
3273,,,MIN LONG YU YOU60165,412509526,15,0.3,117.971068,24.407185,193.8,0,2024-04-29 01:52:04,2201
2974,,,MIN LONG YU YOU60165,412509526,15,0.1,117.971197,24.40737,0.0,0,2024-04-29 02:04:06,2050
3066,,,MIN LONG YU YOU60165,412509526,15,0.1,117.971197,24.40737,0.0,0,2024-04-29 02:04:06,2076
3175,,,MIN LONG YU YOU60165,412509526,15,0.1,117.971197,24.40737,0.0,0,2024-04-29 02:04:06,2157
2969,,,MIN LONG YU YOU60165,412509526,15,0.1,117.971257,24.407027,0.0,0,2024-04-29 02:52:03,2018
3306,,,MIN LONG YU YOU60165,412509526,15,0.1,117.971257,24.407027,0.0,0,2024-04-29 02:52:03,2220
3224,,,MIN LONG YU YOU60165,412509526,15,0.1,117.971257,24.407027,0.0,0,2024-04-29 02:52:03,2159
3252,,,MIN LONG YU YOU60165,412509526,15,2.6,117.971295,24.407002,0.0,0,2024-04-29 04:16:04,2252
3523,,,MIN LONG YU YOU60165,412509526,15,2.6,117.971295,24.407002,0.0,0,2024-04-29 04:16:04,2415
3203,,,MIN LONG YU YOU60165,412509526,15,2.6,117.971295,24.407002,0.0,0,2024-04-29 04:16:04,2224
3146,,,MIN LONG YU YOU60165,412509526,15,2.6,117.971295,24.407002,0.0,0,2024-04-29 04:16:04,2186
3384,,,MIN LONG YU YOU60165,412509526,15,0.0,117.971357,24.40696,0.0,0,2024-04-29 04:52:03,2386
3587,,,MIN LONG YU YOU60165,412509526,15,0.0,117.971357,24.40696,0.0,0,2024-04-29 04:52:03,2510
3275,,,MIN LONG YU YOU60165,412509526,15,0.0,117.971357,24.40696,0.0,0,2024-04-29 04:52:03,2352
3320,,,MIN LONG YU YOU60165,412509526,15,0.3,117.971428,24.40702,2.2,0,2024-04-29 05:04:04,2381
3160,,,MIN LONG YU YOU60165,412509526,15,0.3,117.971428,24.40702,2.2,0,2024-04-29 05:04:04,2270
3376,,,MIN LONG YU YOU60165,412509526,15,0.3,117.971428,24.40702,2.2,0,2024-04-29 05:04:04,2387
3710,,,MIN LONG YU YOU60165,412509526,15,0.0,117.971383,24.406982,70.7,0,2024-04-29 05:22:05,2597
3374,,,MIN LONG YU YOU60165,412509526,15,0.0,117.971383,24.406982,70.7,0,2024-04-29 05:22:05,2382
3282,,,MIN LONG YU YOU60165,412509526,15,0.0,117.971383,24.406982,70.7,0,2024-04-29 05:22:05,2354
3664,,,MIN LONG YU YOU60165,412509526,15,1.1,117.971728,24.407173,50.5,0,2024-04-29 05:46:06,2604
3400,,,MIN LONG YU YOU60165,412509526,15,1.1,117.971728,24.407173,50.5,0,2024-04-29 05:46:06,2416
3366,,,MIN LONG YU YOU60165,412509526,15,1.1,117.971728,24.407173,50.5,0,2024-04-29 05:46:06,2384
3347,,,MIN LONG YU YOU60165,412509526,15,0.2,117.971137,24.406908,60.6,0,2024-04-29 05:58:16,2383
3343,,,MIN LONG YU YOU60165,412509526,15,0.2,117.971137,24.406908,60.6,0,2024-04-29 05:58:16,2390
3347,,,MIN LONG YU YOU60165,412509526,15,0.2,117.971137,24.406908,60.6,0,2024-04-29 05:58:16,2387
3674,,,MIN LONG YU YOU60165,412509526,15,0.3,117.971625,24.406933,222.8,0,2024-04-29 06:10:06,2582
3383,,,MIN LONG YU YOU60165,412509526,15,0.3,117.971625,24.406933,222.8,0,2024-04-29 06:10:06,2403
3289,,,MIN LONG YU YOU60165,412509526,15,0.3,117.971625,24.406933,222.8,0,2024-04-29 06:10:06,2336
3530,,,MIN LONG YU YOU60165,412509526,15,0.1,117.97162,24.406852,104.7,0,2024-04-29 06:28:06,2516
3494,,,MIN LONG YU YOU60165,412509526,15,0.1,117.97162,24.406852,104.7,0,2024-04-29 06:28:06,2476
3379,,,MIN LONG YU YOU60165,412509526,15,0.1,117.97162,24.406852,104.7,0,2024-04-29 06:28:06,2400
3589,,,MIN LONG YU YOU60165,412509526,15,0.2,117.971515,24.406867,1.6,0,2024-04-29 06:46:06,2510
3386,,,MIN LONG YU YOU60165,412509526,15,0.2,117.971515,24.406867,1.6,0,2024-04-29 06:46:06,2374
3397,,,MIN LONG YU YOU60165,412509526,15,0.2,117.971515,24.406867,1.6,0,2024-04-29 06:46:06,2386
3502,,,MIN LONG YU YOU60165,412509526,15,0.1,117.97137,24.406855,0.0,0,2024-04-29 07:04:05,2469
3593,,,MIN LONG YU YOU60165,412509526,15,0.1,117.97137,24.406855,0.0,0,2024-04-29 07:04:05,2514
3397,,,MIN LONG YU YOU60165,412509526,15,0.1,117.97137,24.406855,0.0,0,2024-04-29 07:04:05,2374
3303,,,MIN LONG YU YOU60165,412509526,15,0.3,117.971253,24.407037,344.5,0,2024-04-29 07:34:10,2299
3250,,,MIN LONG YU YOU60165,412509526,15,0.3,117.971253,24.407037,344.5,0,2024-04-29 07:34:10,2246
3342,,,MIN LONG YU YOU60165,412509526,15,0.3,117.971253,24.407037,344.5,0,2024-04-29 07:34:10,2324
3539,,,MIN LONG YU YOU60165,412509526,15,0.2,117.971345,24.40691,0.0,0,2024-04-29 07:52:09,2448
3271,,,MIN LONG YU YOU60165,412509526,15,0.2,117.971345,24.40691,0.0,0,2024-04-29 07:52:09,2275
3437,,,MIN LONG YU YOU60165,412509526,15,0.2,117.971345,24.40691,0.0,0,2024-04-29 07:52:09,2386
3388,,,MIN LONG YU YOU60165,412509526,15,0.1,117.971257,24.406938,0.0,0,2024-04-29 08:04:06,2374
3664,,,MIN LONG YU YOU60165,412509526,15,0.1,117.971257,24.406938,0.0,0,2024-04-29 08:04:06,2539
3464,,,MIN LONG YU YOU60165,412509526,15,0.1,117.971257,24.406938,0.0,0,2024-04-29 08:04:06,2419
3543,,,MIN LONG YU YOU60165,412509526,15,0.0,117.971223,24.407,356.7,0,2024-04-29 08:16:07,2469
3385,,,MIN LONG YU YOU60165,412509526,15,0.0,117.971223,24.407,356.7,0,2024-04-29 08:16:07,2368
3427,,,MIN LONG YU YOU60165,412509526,15,0.0,117.971223,24.407,356.7,0,2024-04-29 08:16:07,2387
3330,,,MIN LONG YU YOU60165,412509526,15,0.2,117.971248,24.406992,323.8,0,2024-04-29 08:28:06,2292
3276,,,MIN LONG YU YOU60165,412509526,15,0.2,117.971248,24.406992,323.8,0,2024-04-29 08:28:06,2261
3324,,,MIN LONG YU YOU60165,412509526,15,0.2,117.971248,24.406992,323.8,0,2024-04-29 08:28:06,2278
3446,,,MIN LONG YU YOU60165,412509526,15,0.0,117.97121,24.406957,273.2,0,2024-04-29 09:22:07,2353
3418,,,MIN LONG YU YOU60165,412509526,15,0.0,117.97121,24.406957,273.2,0,2024-04-29 09:22:07,2311
3243,,,MIN LONG YU YOU60165,412509526,15,0.0,117.97121,24.406957,273.2,0,2024-04-29 09:22:07,2195
3345,,,MIN LONG YU YOU60165,412509526,15,0.1,117.971243,24.407017,0.0,0,2024-04-29 09:34:08,2314
3662,,,MIN LONG YU YOU60165,412509526,15,0.1,117.971243,24.407017,0.0,0,2024-04-29 09:34:08,2530
3557,,,MIN LONG YU YOU60165,412509526,15,0.1,117.971243,24.407017,0.0,0,2024-04-29 09:34:08,2457
3501,,,MIN LONG YU YOU60165,412509526,15,4.7,117.971217,24.40698,8.6,0,2024-04-29 09:52:07,2389
3729,,,MIN LONG YU YOU60165,412509526,15,4.7,117.971217,24.40698,8.6,0,2024-04-29 09:52:07,2547
3829,,,MIN LONG YU YOU60165,412509526,15,4.7,117.971217,24.40698,8.6,0,2024-04-29 09:52:07,2638
3732,,,MIN LONG YU YOU60165,412509526,15,7.6,117.971225,24.407012,157.4,0,2024-04-29 10:16:10,2595
3621,,,MIN LONG YU YOU60165,412509526,15,7.6,117.971225,24.407012,157.4,0,2024-04-29 10:16:10,2502
3603,,,MIN LONG YU YOU60165,412509526,15,7.6,117.971225,24.407012,157.4,0,2024-04-29 10:16:10,2468
3657,,,MIN LONG YU YOU60165,412509526,15,7.6,117.971225,24.407012,157.4,0,2024-04-29 10:16:10,2500
3550,,,MIN LONG YU YOU60165,412509526,15,0.1,117.971217,24.406998,226.8,0,2024-04-29 10:58:22,2387
3442,,,MIN LONG YU YOU60165,412509526,15,0.1,117.971217,24.406998,226.8,0,2024-04-29 10:58:22,2321
3699,,,MIN LONG YU YOU60165,412509526,15,0.1,117.971217,24.406998,226.8,0,2024-04-29 10:58:22,2509
3510,,,MIN LONG YU YOU60165,412509526,15,0.0,117.971258,24.407003,164.5,0,2024-04-29 11:22:09,2352
3418,,,MIN LONG YU YOU60165,412509526,15,0.0,117.971258,24.407003,164.5,0,2024-04-29 11:22:09,2308
3522,,,MIN LONG YU YOU60165,412509526,15,0.0,117.971258,24.407003,164.5,0,2024-04-29 11:22:09,2362
3415,,,MIN LONG YU YOU60165,412509526,15,0.3,117.971213,24.406988,302.6,0,2024-04-29 11:34:08,2285
3643,,,MIN LONG YU YOU60165,412509526,15,0.3,117.971213,24.406988,302.6,0,2024-04-29 11:34:08,2416
3541,,,MIN LONG YU YOU60165,412509526,15,0.3,117.971213,24.406988,302.6,0,2024-04-29 11:34:08,2375
3298,,,MIN LONG YU YOU60165,412509526,15,0.0,117.971255,24.407087,20.2,0,2024-04-29 12:10:11,2187
3367,,,MIN LONG YU YOU60165,412509526,15,0.0,117.971255,24.407087,20.2,0,2024-04-29 12:10:11,2258
3425,,,MIN LONG YU YOU60165,412509526,15,0.0,117.971255,24.407087,20.2,0,2024-04-29 12:10:11,2275
3511,,,MIN LONG YU YOU60165,412509526,15,0.0,117.971255,24.407087,20.2,0,2024-04-29 12:10:11,2317
3242,,,MIN LONG YU YOU60165,412509526,15,0.2,117.971233,24.40702,0.0,0,2024-04-29 12:40:08,2163
3418,,,MIN LONG YU YOU60165,412509526,15,0.2,117.971233,24.40702,0.0,0,2024-04-29 12:40:08,2252
3517,,,MIN LONG YU YOU60165,412509526,15,0.2,117.971233,24.40702,0.0,0,2024-04-29 12:40:08,2301
3416,,,MIN LONG YU YOU60165,412509526,15,1.4,117.971347,24.406915,287.1,0,2024-04-29 12:58:08,2243
3207,,,MIN LONG YU YOU60165,412509526,15,1.4,117.971347,24.406915,287.1,0,2024-04-29 12:58:08,2120
3248,,,MIN LONG YU YOU60165,412509526,15,1.4,117.971347,24.406915,287.1,0,2024-04-29 12:58:08,2134
3086,,,MIN LONG YU YOU60165,412509526,15,0.4,117.971403,24.40691,0.0,0,2024-04-29 13:22:12,2034
3288,,,MIN LONG YU YOU60165,412509526,15,0.4,117.971403,24.40691,0.0,0,2024-04-29 13:22:12,2152
3184,,,MIN LONG YU YOU60165,412509526,15,0.4,117.971403,24.40691,0.0,0,2024-04-29 13:22:12,2098
3300,,,MIN LONG YU YOU60165,412509526,15,0.3,117.971405,24.406908,0.0,0,2024-04-29 13:34:08,2160
3133,,,MIN LONG YU YOU60165,412509526,15,0.3,117.971405,24.406908,0.0,0,2024-04-29 13:34:08,2063
3293,,,MIN LONG YU YOU60165,412509526,15,0.3,117.971405,24.406908,0.0,0,2024-04-29 13:34:08,2156
3194,,,MIN LONG YU YOU60165,412509526,15,0.0,117.971185,24.407017,0.0,0,2024-04-29 13:52:09,2082
3136,,,MIN LONG YU YOU60165,412509526,15,0.0,117.971185,24.407017,0.0,0,2024-04-29 13:52:09,2050
3185,,,MIN LONG YU YOU60165,412509526,15,0.0,117.971185,24.407017,0.0,0,2024-04-29 13:52:09,2084
3189,,,MIN LONG YU YOU60165,412509526,15,3.0,117.971528,24.406885,243.5,0,2024-04-29 14:04:09,2067
3325,,,MIN LONG YU YOU60165,412509526,15,3.0,117.971528,24.406885,243.5,0,2024-04-29 14:04:09,2150
3339,,,MIN LONG YU YOU60165,412509526,15,3.0,117.971528,24.406885,243.5,0,2024-04-29 14:04:09,2170
3351,,,MIN LONG YU YOU60165,412509526,15,0.0,117.971463,24.406812,0.0,0,2024-04-29 14:46:15,2140
3244,,,MIN LONG YU YOU60165,412509526,15,0.0,117.971463,24.406812,0.0,0,2024-04-29 14:46:15,2087
3109,,,MIN LONG YU YOU60165,412509526,15,0.0,117.971463,24.406812,0.0,0,2024-04-29 14:46:15,1994
