fid,IMO_Number,Call_Sign,ShipName,MMSI,Navigational_Status,SOG,Longitude,Latitude,COG,Ship_and_Cargo_Type,Record_Time,group
2845,,,994162027         8V,994162027,15,0.3,121.916867,24.431763,100.8,0,2024-04-15 21:46:45,2022
2826,,,994162027         8V,994162027,15,0.4,121.917052,24.432287,100.8,0,2024-04-15 21:49:49,2006
2827,,,994162027         8V,994162027,15,0.8,121.917325,24.433125,39.2,0,2024-04-15 21:54:55,1999
2829,,,994162027         6V,994162027,15,0.3,121.917563,24.433788,100.8,0,2024-04-15 21:58:59,2018
2897,,,994162027         8V,994162027,15,1.4,121.917633,24.434038,352.5,0,2024-04-15 22:00:01,2076
2849,,,994162027         7V,994162027,15,0.9,121.918003,24.435032,13.9,0,2024-04-15 22:06:14,2024
2792,,,994162027         8V,994162027,15,0.7,121.918302,24.43565,100.8,0,2024-04-15 22:10:21,2013
2873,,,994162027         8V,994162027,15,0.2,121.91854,24.436373,100.8,0,2024-04-15 22:14:27,2030
2955,,,994162027         7V,994162027,15,0.5,121.918845,24.437093,100.8,0,2024-04-15 22:18:34,2122
2871,,,994162027         7V,994162027,15,0.3,121.919228,24.437922,100.8,0,2024-04-15 22:23:44,2052
2865,,,994162027         7V,994162027,15,0.5,121.91938,24.438197,100.8,0,2024-04-15 22:25:48,2026
2742,,,994162027         8V,994162027,15,0.2,121.919813,24.43915,100.8,0,2024-04-15 22:30:54,1920
2763,,,994162027         8V,994162027,15,0.8,121.920087,24.43961,14.8,0,2024-04-15 22:33:57,1953
2805,,,994162027         7V,994162027,15,0.5,121.920888,24.441118,353.0,0,2024-04-15 22:43:11,2010
2720,,,994162027         7V,994162027,15,1.2,121.921312,24.441818,36.6,0,2024-04-15 22:47:15,1939
2807,,,994162027         7V,994162027,15,1.0,121.921685,24.44153,100.8,0,2024-04-15 22:48:18,1985
2854,,,994162027         8V,994162027,15,3.4,121.923085,24.430702,171.5,0,2024-04-15 23:04:48,2037
2965,,,994162027         8V,994162027,15,0.6,121.923557,24.425425,224.3,0,2024-04-15 23:12:58,2116
2728,,,994162027         8V,994162027,15,1.3,121.924495,24.419467,175.0,0,2024-04-15 23:23:11,1920
2797,,,994162027         8V,994162027,15,2.9,121.924807,24.41722,174.8,0,2024-04-15 23:27:16,1962
2758,,,994162027         8V,994162027,15,0.3,121.924835,24.415993,100.8,0,2024-04-15 23:29:19,1930
2838,,,994162027         8V,994162027,15,0.7,121.924243,24.393427,235.7,0,2024-04-16 00:10:03,1980
2739,,,994162027         8V,994162027,15,7.7,121.92032,24.437308,2.5,0,2024-04-16 00:50:46,1948
2782,,,994162027         7V,994162027,15,0.5,121.920642,24.442702,323.7,0,2024-04-16 00:54:51,1959
2768,,,994162027         7V,994162027,15,1.3,121.921185,24.443315,336.4,0,2024-04-16 00:58:57,1930
2721,,,994162027         7V,994162027,15,1.0,121.921548,24.443723,71.8,0,2024-04-16 01:02:01,1904
2538,,,994162027         7V,994162027,15,1.1,121.921865,24.44417,3.6,0,2024-04-16 01:05:04,1771
2636,,,994162027         7V,994162027,15,0.3,121.922223,24.444792,100.8,0,2024-04-16 01:09:09,1865
2627,,,994162027         7V,994162027,15,0.2,121.922652,24.445562,100.8,0,2024-04-16 01:15:16,1859
2615,,,994162027         7V,994162027,15,0.4,121.923285,24.4467,100.8,0,2024-04-16 01:23:25,1840
2673,,,994162027         7V,994162027,15,0.1,121.92347,24.44703,100.8,0,2024-04-16 01:26:29,1874
2578,,,994162027         7V,994162027,15,0.4,121.923843,24.447743,100.8,0,2024-04-16 01:31:36,1803
2577,,,994162027         7V,994162027,15,0.3,121.924477,24.448722,100.8,0,2024-04-16 01:39:44,1820
2505,,,994162027         7V,994162027,15,0.5,121.924697,24.449088,100.8,0,2024-04-16 01:42:47,1757
2470,,,994162027         7V,994162027,15,1.3,121.924785,24.449198,60.2,0,2024-04-16 01:43:48,1754
2715,,,994162027         7V,994162027,15,0.3,121.925328,24.449998,100.8,0,2024-04-16 01:50:59,1917
2629,,,994162027         7V,994162027,15,0.3,121.925513,24.450258,100.8,0,2024-04-16 01:53:02,1876
2661,,,994162027         7V,994162027,15,0.7,121.925903,24.450828,100.8,0,2024-04-16 01:58:11,1868
2376,,,994162027         7V,994162027,15,0.8,121.926215,24.451308,68.9,0,2024-04-16 02:02:36,1670
2533,,,994162027         6V,994162027,15,1.2,121.926543,24.451723,66.5,0,2024-04-16 02:06:40,1776
2494,,,994162027         7V,994162027,15,1.0,121.926977,24.452235,245.3,0,2024-04-16 02:12:47,1757
2637,,,994162027         7V,994162027,15,0.7,121.927253,24.452483,242.6,0,2024-04-16 02:16:52,1844
2516,,,994162027         7V,994162027,15,0.8,121.927503,24.45262,100.8,0,2024-04-16 02:19:56,1752
2298,,,994162027         7V,994162027,15,0.7,121.928265,24.452863,71.5,0,2024-04-16 02:28:05,1596
2235,,,994162027         7V,994162027,15,0.9,121.928608,24.452903,49.3,0,2024-04-16 02:31:09,1557
2553,,,994162027         7V,994162027,15,2.3,121.92897,24.45584,16.3,0,2024-04-16 02:37:22,1771
2462,,,994162027         7V,994162027,15,2.8,121.92937,24.458138,354.5,0,2024-04-16 02:40:25,1723
2463,,,994162027         7V,994162027,15,8.8,121.935287,24.470962,4.8,0,2024-04-16 02:49:36,1710
2454,,,994162027         7V,994162027,15,4.8,121.935525,24.472277,317.1,0,2024-04-16 02:51:40,1713
2546,,,994162027         7V,994162027,15,3.4,121.937835,24.474315,84.8,0,2024-04-16 02:53:43,1787
2664,,,994162027         8V,994162027,15,7.2,121.936878,24.470095,198.7,0,2024-04-16 02:58:49,1869
2680,,,994162027         8V,994162027,15,6.4,121.933267,24.460102,198.1,0,2024-04-16 03:03:56,1922
2643,,,994162027         7V,994162027,15,4.5,121.931043,24.454245,208.6,0,2024-04-16 03:07:00,1890
2675,,,994162027         7V,994162027,15,0.8,121.931545,24.454962,352.1,0,2024-04-16 03:13:08,1905
2506,,,994162027         7V,994162027,15,0.7,121.931887,24.455338,33.0,0,2024-04-16 03:16:12,1766
2666,,,994162027         7V,994162027,15,1.1,121.932125,24.455752,10.4,0,2024-04-16 03:20:19,1872
2665,,,994162027         7V,994162027,15,0.5,121.932312,24.456195,100.8,0,2024-04-16 03:25:29,1867
2786,,,994162027         7V,994162027,15,0.7,121.932438,24.456452,100.8,0,2024-04-16 03:28:35,1935
2319,,,994162027         7V,994162027,15,0.7,121.93258,24.456855,342.7,0,2024-04-16 03:33:43,1601
2166,,,994162027         7V,994162027,15,0.4,121.932743,24.457153,100.8,0,2024-04-16 03:37:49,1498
2338,,,994162027         7V,994162027,15,0.4,121.932887,24.457497,100.8,0,2024-04-16 03:42:54,1644
2388,,,994162027         7V,994162027,15,0.2,121.932917,24.457708,100.8,0,2024-04-16 03:45:59,1654
2357,,,994162027         7V,994162027,15,1.0,121.933035,24.45796,82.5,0,2024-04-16 03:50:05,1649
2378,,,994162027         6V,994162027,15,1.0,121.933145,24.45818,359.2,0,2024-04-16 03:53:09,1681
2284,,,994162027         7V,994162027,15,0.6,121.933363,24.458682,339.8,0,2024-04-16 03:58:14,1612
2226,,,994162027         7V,994162027,15,0.9,121.933412,24.45892,41.0,0,2024-04-16 04:01:18,1556
2071,,,994162027         7V,994162027,15,1.0,121.933525,24.459248,135.3,0,2024-04-16 04:06:26,1436
2123,,,994162027         7V,994162027,15,0.9,121.933552,24.459468,316.6,0,2024-04-16 04:10:32,1491
2129,,,994162027         7V,994162027,15,0.8,121.933553,24.459698,181.4,0,2024-04-16 04:15:38,1478
2185,,,994162027         7V,994162027,15,0.6,121.933565,24.459838,100.8,0,2024-04-16 04:19:43,1527
2144,,,994162027         7V,994162027,15,0.6,121.933652,24.460078,100.8,0,2024-04-16 04:23:49,1504
2158,,,994162027         7V,994162027,15,0.4,121.933737,24.46049,100.8,0,2024-04-16 04:26:54,1513
2075,,,994162027         7V,994162027,15,1.0,121.933873,24.460828,318.3,0,2024-04-16 04:29:57,1472
1964,,,994162027         7V,994162027,15,1.2,121.93423,24.461448,51.0,0,2024-04-16 04:34:02,1380
2015,,,994162027         7V,994162027,15,0.4,121.934417,24.461688,100.8,0,2024-04-16 04:36:05,1420
3095,,,994162027         7V,994162027,15,0.7,121.925735,24.484917,53.4,0,2024-04-16 15:49:30,2187
3014,,,994162027         7V,994162027,15,0.5,121.926047,24.485133,50.4,0,2024-04-16 15:50:45,2084
2995,,,994162027         6V,994162027,15,0.9,121.927305,24.485825,82.6,0,2024-04-16 15:57:50,2134
3135,,,994162027         6V,994162027,15,0.8,121.9278,24.486147,52.3,0,2024-04-16 16:00:53,2187
2958,,,994162027         6V,994162027,15,0.7,121.928152,24.486412,21.3,0,2024-04-16 16:02:54,2050
3200,,,994162027         7V,994162027,15,1.5,121.929077,24.487032,68.0,0,2024-04-16 16:07:59,2234
2938,,,994162027         7V,994162027,15,0.9,121.929915,24.487692,41.4,0,2024-04-16 16:13:03,2050
3322,,,994162027         6V,994162027,15,0.5,121.93062,24.488323,57.6,0,2024-04-16 16:18:04,2337
2951,,,994162027         6V,994162027,15,0.8,121.931118,24.488823,46.3,0,2024-04-16 16:22:03,2066
3024,,,994162027         6V,994162027,15,0.6,121.931742,24.489388,65.2,0,2024-04-16 16:26:22,2115
2910,,,994162027         7V,994162027,15,0.8,121.932293,24.489863,8.0,0,2024-04-16 16:30:24,1997
2721,,,994162027         7V,994162027,15,0.9,121.932697,24.490237,60.2,0,2024-04-16 16:33:28,1903
2745,,,994162027         7V,994162027,15,0.8,121.93323,24.490812,28.6,0,2024-04-16 16:38:34,1877
2824,,,994162027         7V,994162027,15,1.2,121.933717,24.49142,55.9,0,2024-04-16 16:43:40,1947
2881,,,994162027         7V,994162027,15,0.9,121.933938,24.491705,46.7,0,2024-04-16 16:45:42,1999
2895,,,994162027         7V,994162027,15,1.2,121.934692,24.492382,31.7,0,2024-04-16 16:51:48,1993
2866,,,994162027         7V,994162027,15,7.8,121.939832,24.491188,120.6,0,2024-04-16 16:55:53,1983
3017,,,994162027         6V,994162027,15,0.7,121.942563,24.490708,81.7,0,2024-04-16 16:59:58,2098
2763,,,994162027         7V,994162027,15,4.9,121.943382,24.490868,95.4,0,2024-04-16 17:03:02,1944
2830,,,994162027         7V,994162027,15,4.9,121.947162,24.491973,104.2,0,2024-04-16 17:06:05,1968
2816,,,994162027         7V,994162027,15,8.0,121.954158,24.49122,24.9,0,2024-04-16 17:10:11,1956
2784,,,994162027         7V,994162027,15,7.7,121.954135,24.484452,187.1,0,2024-04-16 17:14:18,1903
2970,,,994162027         7V,994162027,15,7.4,121.954045,24.474583,180.0,0,2024-04-16 17:19:23,2070
2916,,,994162027         7V,994162027,15,7.6,121.954058,24.470345,182.7,0,2024-04-16 17:21:26,2030
2821,,,994162027         7V,994162027,15,7.5,121.953963,24.45983,176.0,0,2024-04-16 17:26:30,1986
2832,,,994162027         7V,994162027,15,0.4,121.954077,24.452892,359.8,0,2024-04-16 17:31:35,1960
2898,,,994162027         7V,994162027,15,0.7,121.954095,24.452788,312.6,0,2024-04-16 17:36:41,2030
2818,,,994162027         7V,994162027,15,0.5,121.953987,24.452617,218.1,0,2024-04-16 17:39:44,1984
2633,,,994162027         7V,994162027,15,0.3,121.953632,24.45229,270.4,0,2024-04-16 17:44:51,1860
2686,,,994162027         7V,994162027,15,0.1,121.953338,24.452095,270.4,0,2024-04-16 17:48:54,1872
2758,,,994162027         7V,994162027,15,0.4,121.953078,24.451847,214.5,0,2024-04-16 17:52:58,1935
2877,,,994162027         7V,994162027,15,0.2,121.952913,24.451672,270.4,0,2024-04-16 17:56:01,2026
2886,,,994162027         7V,994162027,15,0.6,121.952715,24.451505,279.7,0,2024-04-16 17:59:06,2035
2838,,,994162027         7V,994162027,15,0.7,121.95237,24.451253,270.4,0,2024-04-16 18:04:14,1988
2825,,,994162027         7V,994162027,15,0.2,121.95213,24.450935,270.4,0,2024-04-16 18:08:25,1989
2761,,,994162027         7V,994162027,15,0.2,121.95201,24.450762,270.4,0,2024-04-16 18:10:30,1954
2920,,,994162027         7V,994162027,15,0.2,121.951605,24.450635,270.4,0,2024-04-16 18:16:48,2061
3063,,,994162027         7V,994162027,15,0.7,121.951237,24.450405,270.4,0,2024-04-16 18:21:54,2174
2805,,,994162027         7V,994162027,15,0.7,121.951065,24.450332,270.4,0,2024-04-16 18:23:59,1991
2702,,,994162027         7V,994162027,15,0.1,121.950808,24.450247,270.4,0,2024-04-16 18:27:02,1900
2762,,,994162027         7V,994162027,15,0.6,121.95034,24.450052,170.0,0,2024-04-16 18:33:11,1960
2824,,,994162027         7V,994162027,15,1.0,121.950085,24.44991,194.9,0,2024-04-16 18:36:17,1995
2928,,,994162027         7V,994162027,15,0.6,121.949738,24.449782,270.4,0,2024-04-16 18:41:34,2084
2793,,,994162027         7V,994162027,15,0.6,121.949468,24.449792,270.4,0,2024-04-16 18:45:46,2008
2963,,,994162027         6V,994162027,15,0.8,121.949238,24.449665,270.4,0,2024-04-16 18:49:56,2115
2892,,,994162027         6V,994162027,15,0.0,121.949088,24.449582,270.4,0,2024-04-16 18:53:05,2086
2880,,,994162027         7V,994162027,15,0.3,121.948893,24.449487,270.4,0,2024-04-16 18:57:15,2049
2812,,,994162027         7V,994162027,15,0.5,121.948645,24.449357,270.4,0,2024-04-16 19:02:31,1978
2588,,,994162027         7V,994162027,15,0.2,121.948447,24.449313,270.4,0,2024-04-16 19:06:39,1821
2752,,,994162027         7V,994162027,15,0.3,121.948408,24.449318,270.4,0,2024-04-16 19:07:41,1934
2828,,,994162027         7V,994162027,15,0.7,121.948145,24.44925,287.6,0,2024-04-16 19:14:56,2005
2744,,,994162027         7V,994162027,15,0.5,121.948038,24.44919,270.4,0,2024-04-16 19:18:02,1925
2743,,,994162027         7V,994162027,15,2.1,121.94794,24.449083,100.7,0,2024-04-16 19:22:10,1949
2891,,,994162027         7V,994162027,15,1.8,121.947807,24.448823,217.9,0,2024-04-16 19:26:19,2051
2860,,,994162027         7V,994162027,15,0.7,121.947522,24.448342,270.4,0,2024-04-16 19:31:30,2081
2797,,,994162027         7V,994162027,15,1.4,121.94731,24.448075,219.7,0,2024-04-16 19:34:36,2021
3240,,,994162027         7V,994162027,15,1.7,121.947095,24.447623,224.1,0,2024-04-16 19:37:43,2342
2806,,,994162027         7V,994162027,15,3.4,121.946758,24.448098,346.0,0,2024-04-16 19:42:55,2014
2819,,,994162027         7V,994162027,15,3.1,121.946675,24.449907,351.9,0,2024-04-16 19:44:59,2020
2810,,,994162027         7V,994162027,15,1.4,121.946532,24.45463,52.4,0,2024-04-16 19:51:11,2009
2893,,,994162027         7V,994162027,15,3.1,121.946577,24.457502,4.0,0,2024-04-16 19:55:30,2079
2745,,,994162027         6V,994162027,15,3.2,121.946635,24.459502,345.2,0,2024-04-16 19:57:35,1971
2751,,,994162027         6V,994162027,15,0.8,121.946498,24.46116,109.0,0,2024-04-16 20:00:04,1953
2914,,,994162027         7V,994162027,15,3.1,121.94659,24.466532,14.2,0,2024-04-16 20:06:13,2094
2869,,,994162027         7V,994162027,15,3.7,121.946687,24.469765,3.9,0,2024-04-16 20:11:22,2045
2794,,,994162027         7V,994162027,15,0.4,121.9467,24.474167,270.4,0,2024-04-16 20:19:32,1982
2617,,,994162027         7V,994162027,15,2.0,121.946467,24.475245,6.2,0,2024-04-16 20:22:36,1849
2631,,,994162027         7V,994162027,15,2.6,121.94666,24.47872,22.5,0,2024-04-16 20:28:45,1886
2700,,,994162027         6V,994162027,15,8.4,121.946812,24.478215,199.2,0,2024-04-16 20:30:48,1924
2614,,,994162027         6V,994162027,15,8.5,121.943845,24.468277,209.2,0,2024-04-16 20:34:55,1869
2629,,,994162027         7V,994162027,15,9.1,121.9421,24.458358,181.4,0,2024-04-16 20:39:00,1875
2692,,,994162027         7V,994162027,15,8.4,121.939013,24.4461,190.5,0,2024-04-16 20:44:07,1911
2722,,,994162027         7V,994162027,15,8.3,121.937743,24.441187,174.0,0,2024-04-16 20:46:10,1947
2596,,,994162027         7V,994162027,15,8.6,121.934823,24.426348,202.3,0,2024-04-16 20:52:19,1841
2743,,,994162027         7V,994162027,15,9.2,121.932595,24.414195,191.9,0,2024-04-16 20:57:25,1963
2904,,,994162027         7V,994162027,15,8.6,121.932815,24.409175,185.3,0,2024-04-16 20:59:27,2051
2692,,,994162027         7V,994162027,15,6.4,121.93271,24.445267,8.8,0,2024-04-16 21:23:54,1901
2659,,,994162027         6V,994162027,15,7.0,121.93303,24.455303,355.7,0,2024-04-16 21:29:01,1883
2628,,,994162027         6V,994162027,15,7.5,121.932838,24.457333,352.7,0,2024-04-16 21:30:03,1855
2571,,,994162027         6V,994162027,15,0.3,121.932917,24.458155,270.4,0,2024-04-16 21:36:12,1807
2548,,,994162027         7V,994162027,15,0.3,121.93292,24.458505,270.4,0,2024-04-16 21:41:19,1812
2798,,,994162027         7V,994162027,15,0.7,121.932875,24.458665,270.4,0,2024-04-16 21:44:24,2016
2775,,,994162027         7V,994162027,15,1.5,121.932963,24.45888,36.1,0,2024-04-16 21:48:30,2007
2777,,,994162027         7V,994162027,15,0.3,121.933122,24.459227,270.4,0,2024-04-16 21:54:38,2003
2791,,,994162027         7V,994162027,15,0.1,121.933155,24.459312,270.4,0,2024-04-16 21:55:40,1989
2908,,,994162027         6V,994162027,15,0.6,121.933382,24.459847,270.4,0,2024-04-16 22:02:56,2087
2778,,,994162027         6V,994162027,15,1.1,121.93352,24.46005,228.6,0,2024-04-16 22:06:02,1996
2702,,,994162027         7V,994162027,15,0.9,121.933575,24.460278,270.4,0,2024-04-16 22:10:11,1932
2741,,,994162027         6V,994162027,15,0.6,121.933667,24.460535,270.4,0,2024-04-16 22:15:21,1939
2841,,,994162027         6V,994162027,15,1.0,121.933852,24.46073,270.4,0,2024-04-16 22:18:27,2038
2911,,,994162027         6V,994162027,15,1.3,121.93403,24.46098,286.9,0,2024-04-16 22:23:37,2089
2836,,,994162027         6V,994162027,15,2.2,121.934268,24.461245,16.0,0,2024-04-16 22:27:47,2033
2750,,,994162027         6V,994162027,15,0.4,121.934282,24.46133,270.4,0,2024-04-16 22:29:52,1965
2748,,,994162027         6V,994162027,15,1.4,121.935235,24.462427,305.8,0,2024-04-16 22:51:31,1995
2958,,,994162027         6V,994162027,15,1.2,121.93549,24.462597,90.9,0,2024-04-16 22:55:36,2136
2751,,,994162027         6V,994162027,15,0.2,121.935777,24.46276,270.4,0,2024-04-16 22:59:41,1997
2804,,,994162027         6V,994162027,15,1.0,121.936027,24.46284,77.2,0,2024-04-16 23:02:45,2043
2768,,,994162027         6V,994162027,15,2.5,121.938408,24.472078,338.3,0,2024-04-16 23:39:29,1980
2741,,,994162027         6V,994162027,15,3.9,121.937588,24.477755,336.2,0,2024-04-16 23:46:39,1978
2851,,,994162027         6V,994162027,15,2.9,121.937018,24.479703,315.4,0,2024-04-16 23:50:44,2049
2821,,,994162027         6V,994162027,15,3.1,121.935527,24.482382,5.8,0,2024-04-16 23:54:50,2037
2855,,,994162027         5V,994162027,15,1.9,121.935672,24.483955,21.7,0,2024-04-16 23:56:52,2052
2972,,,994162027         5V,994162027,15,9.1,121.933147,24.476132,208.5,0,2024-04-17 00:01:58,2158
2861,,,994162027         6V,994162027,15,7.4,121.931867,24.474392,184.1,0,2024-04-17 00:06:03,2077
2863,,,994162027         6V,994162027,15,1.6,121.93168,24.467337,157.5,0,2024-04-17 00:11:10,2057
2897,,,994162027         6V,994162027,15,6.6,121.931758,24.462718,181.8,0,2024-04-17 00:14:13,2085
2756,,,994162027         6V,994162027,15,6.4,121.93179,24.458933,177.5,0,2024-04-17 00:16:15,1967
2719,,,994162027         6V,994162027,15,6.9,121.93328,24.44538,180.1,0,2024-04-17 00:23:24,1928
2733,,,994162027         6V,994162027,15,7.8,121.933372,24.439445,179.6,0,2024-04-17 00:26:27,1942
2829,,,994162027         6V,994162027,15,6.6,121.93448,24.431587,174.1,0,2024-04-17 00:30:31,1999
2753,,,994162027         6V,994162027,15,0.1,121.935023,24.43103,270.4,0,2024-04-17 00:34:35,1957
2507,,,994162027         6V,994162027,15,0.5,121.935627,24.431388,270.4,0,2024-04-17 00:39:41,1780
2387,,,994162027         6V,994162027,15,1.1,121.93606,24.431693,42.1,0,2024-04-17 00:43:46,1678
2355,,,994162027         6V,994162027,15,1.5,121.93636,24.43189,58.0,0,2024-04-17 00:46:50,1651
2448,,,994162027         6V,994162027,15,0.5,121.9368,24.432147,270.4,0,2024-04-17 00:50:55,1711
2591,,,994162027         6V,994162027,15,1.1,121.937187,24.43237,222.2,0,2024-04-17 00:54:59,1837
2851,,,994162027         6V,994162027,15,1.3,121.937692,24.432687,19.0,0,2024-04-17 01:00:06,2029
2644,,,994162027         6V,994162027,15,0.9,121.937875,24.432825,354.7,0,2024-04-17 01:02:09,1878
2662,,,994162027         6V,994162027,15,0.5,121.938422,24.433168,46.7,0,2024-04-17 01:08:17,1874
2767,,,994162027         6V,994162027,15,0.3,121.93874,24.433388,270.4,0,2024-04-17 01:12:22,1962
2754,,,994162027         6V,994162027,15,0.6,121.939037,24.433603,314.3,0,2024-04-17 01:16:27,1954
2841,,,994162027         6V,994162027,15,0.1,121.93938,24.433822,270.4,0,2024-04-17 01:20:31,2023
2823,,,994162027         6V,994162027,15,1.2,121.939437,24.43388,52.9,0,2024-04-17 01:21:31,2026
2838,,,994162027         6V,994162027,15,0.4,121.940045,24.434448,270.4,0,2024-04-17 01:29:39,2019
2754,,,994162027         6V,994162027,15,1.3,121.9404,24.434763,4.0,0,2024-04-17 01:33:44,1984
2813,,,994162027         6V,994162027,15,0.5,121.94069,24.43512,270.4,0,2024-04-17 01:37:48,2035
2746,,,994162027         6V,994162027,15,0.6,121.940913,24.435432,270.4,0,2024-04-17 01:40:51,1992
2841,,,994162027         6V,994162027,15,0.6,121.941133,24.435727,270.4,0,2024-04-17 01:43:56,2047
2819,,,994162027         6V,994162027,15,0.5,121.941467,24.436155,270.4,0,2024-04-17 01:49:04,2043
2860,,,994162027         6V,994162027,15,0.1,121.941718,24.436595,270.4,0,2024-04-17 01:53:09,2071
2812,,,994162027         6V,994162027,15,1.3,121.94197,24.43696,355.4,0,2024-04-17 01:57:13,2022
2708,,,994162027         6V,994162027,15,0.3,121.942102,24.437212,270.4,0,2024-04-17 01:59:16,1943
2694,,,994162027         6V,994162027,15,0.7,121.94226,24.437522,270.4,0,2024-04-17 02:02:35,1905
2837,,,994162027         6V,994162027,15,3.1,121.9435,24.428178,170.9,0,2024-04-17 02:18:06,2051
2873,,,994162027         6V,994162027,15,3.5,121.943465,24.425675,192.0,0,2024-04-17 02:21:11,2066
2821,,,994162027         6V,994162027,15,3.1,121.943268,24.42422,194.7,0,2024-04-17 02:23:14,2051
2819,,,994162027         6V,994162027,15,7.8,121.941423,24.452367,183.9,0,2024-04-17 02:42:38,2036
2779,,,994162027         6V,994162027,15,6.2,121.94102,24.443542,184.4,0,2024-04-17 02:47:45,1993
2775,,,994162027         6V,994162027,15,6.6,121.940835,24.435947,180.6,0,2024-04-17 02:51:49,2020
2686,,,994162027         6V,994162027,15,1.7,121.940998,24.43038,174.9,0,2024-04-17 02:54:52,1922
2720,,,994162027         6V,994162027,15,6.4,121.940693,24.425312,183.8,0,2024-04-17 02:57:55,1938
2804,,,994162027         6V,994162027,15,0.3,121.940802,24.420487,270.4,0,2024-04-17 03:05:05,2005
2897,,,994162027         6V,994162027,15,0.5,121.940977,24.420585,270.4,0,2024-04-17 03:11:12,2086
2902,,,994162027         6V,994162027,15,0.7,121.941058,24.420628,203.2,0,2024-04-17 03:15:17,2087
2722,,,994162027         6V,994162027,15,0.5,121.941147,24.42062,52.7,0,2024-04-17 03:18:22,1952
2706,,,994162027         4V,994162027,15,0.2,121.941165,24.420627,270.4,0,2024-04-17 03:20:24,1951
2696,,,994162027         6V,994162027,15,0.8,121.941247,24.420558,88.3,0,2024-04-17 03:26:36,1959
2705,,,994162027         6V,994162027,15,1.0,121.941335,24.420472,239.2,0,2024-04-17 03:30:42,1953
2876,,,994162027         6V,994162027,15,0.9,121.94146,24.420478,348.5,0,2024-04-17 03:33:46,2079
2440,,,994162027         6V,994162027,15,1.0,121.94156,24.420433,85.3,0,2024-04-17 03:36:52,1727
2777,,,994162027         6V,994162027,15,0.8,121.941522,24.42039,270.4,0,2024-04-17 03:40:58,1984
2613,,,994162027         5V,994162027,15,0.3,121.941678,24.420385,270.4,0,2024-04-17 03:46:06,1868
2854,,,994162027         6V,994162027,15,0.4,121.941865,24.42032,270.4,0,2024-04-17 03:52:13,2074
2751,,,994162027         6V,994162027,15,0.6,121.941953,24.420305,279.0,0,2024-04-17 03:56:20,2001
2742,,,994162027         5V,994162027,15,0.5,121.942085,24.42028,270.4,0,2024-04-17 04:00:24,1998
2714,,,994162027         6V,994162027,15,0.4,121.94215,24.42016,270.4,0,2024-04-17 04:04:30,1975
2733,,,994162027         6V,994162027,15,0.3,121.942162,24.419872,270.4,0,2024-04-17 04:08:37,1974
2815,,,994162027         5V,994162027,15,1.0,121.94213,24.41958,297.1,0,2024-04-17 04:12:44,2035
3020,,,994162027         5V,994162027,15,0.4,121.941977,24.419027,270.4,0,2024-04-17 04:17:52,2215
2759,,,994162027         4V,994162027,15,0.7,121.94189,24.418985,270.4,0,2024-04-17 04:18:54,1996
2699,,,994162027         5V,994162027,15,1.1,121.933267,24.476783,47.1,0,2024-04-17 15:45:34,1828
2604,,,994162027         5V,994162027,15,1.2,121.934055,24.4775,55.9,0,2024-04-17 15:48:32,1764
2676,,,994162027         5V,994162027,15,1.6,121.935068,24.47841,63.2,0,2024-04-17 15:52:45,1808
2779,,,994162027         5V,994162027,15,1.3,121.9362,24.479452,15.1,0,2024-04-17 15:57:50,1880
2742,,,994162027         5V,994162027,15,1.3,121.936988,24.480063,65.2,0,2024-04-17 16:00:54,1866
2829,,,994162027         5V,994162027,15,1.3,121.938395,24.481182,39.1,0,2024-04-17 16:07:00,1918
2723,,,994162027         5V,994162027,15,1.0,121.93865,24.481335,38.3,0,2024-04-17 16:08:00,1835
2642,,,994162027         5V,994162027,15,1.2,121.940607,24.48246,58.1,0,2024-04-17 16:16:07,1754
2345,,,994162027         5V,994162027,15,1.1,121.942508,24.484125,56.4,0,2024-04-17 16:25:12,1556
2581,,,994162027         5V,994162027,15,1.4,121.944495,24.485405,71.1,0,2024-04-17 16:33:34,1751
2567,,,994162027         5V,994162027,15,0.8,121.946,24.48629,41.6,0,2024-04-17 16:39:44,1728
2586,,,994162027         5V,994162027,15,0.8,121.946285,24.48644,64.6,0,2024-04-17 16:40:46,1738
2558,,,994162027         5V,994162027,15,0.8,121.94858,24.48763,54.4,0,2024-04-17 16:49:56,1718
2481,,,994162027         5V,994162027,15,7.8,121.948745,24.484495,239.2,0,2024-04-17 16:56:05,1644
2474,,,994162027         5V,994162027,15,6.0,121.941583,24.482595,193.3,0,2024-04-17 17:00:07,1653
2518,,,994162027         5V,994162027,15,0.2,121.941358,24.476457,30.4,0,2024-04-17 17:04:13,1679
2555,,,994162027         5V,994162027,15,0.7,121.94204,24.474525,99.0,0,2024-04-17 17:08:15,1712
2614,,,994162027         5V,994162027,15,1.6,121.941588,24.481812,157.3,0,2024-04-17 17:16:25,1779
2339,,,994162027         5V,994162027,15,6.6,121.941893,24.474312,191.4,0,2024-04-17 17:20:29,1577
2283,,,994162027         5V,994162027,15,7.3,121.941835,24.468348,179.2,0,2024-04-17 17:23:32,1558
2501,,,994162027         5V,994162027,15,7.3,121.944433,24.458618,173.8,0,2024-04-17 17:28:38,1696
2547,,,994162027         5V,994162027,15,6.9,121.944465,24.4508,182.1,0,2024-04-17 17:32:42,1727
2471,,,994162027         5V,994162027,15,0.6,121.944437,24.44543,140.4,0,2024-04-17 17:37:48,1674
2490,,,994162027         5V,994162027,15,1.2,121.944935,24.445173,106.3,0,2024-04-17 17:40:53,1691
2531,,,994162027         5V,994162027,15,0.6,121.945207,24.444838,210.2,0,2024-04-17 17:44:56,1706
2597,,,994162027         5V,994162027,15,0.1,121.945172,24.444497,30.4,0,2024-04-17 17:49:00,1778
2433,,,994162027         5V,994162027,15,0.3,121.945148,24.444128,30.4,0,2024-04-17 17:53:03,1669
2522,,,994162027         5V,994162027,15,0.5,121.945058,24.443768,41.5,0,2024-04-17 17:57:09,1714
2430,,,994162027         5V,994162027,15,0.2,121.944995,24.443558,30.4,0,2024-04-17 18:00:12,1655
2505,,,994162027         5V,994162027,15,0.5,121.94485,24.443145,48.3,0,2024-04-17 18:04:16,1720
2549,,,994162027         5V,994162027,15,0.4,121.94466,24.442717,30.4,0,2024-04-17 18:09:22,1754
2515,,,994162027         5V,994162027,15,0.4,121.944248,24.442023,345.5,0,2024-04-17 18:17:34,1735
2547,,,994162027         5V,994162027,15,0.6,121.944072,24.44174,30.4,0,2024-04-17 18:21:39,1759
2616,,,994162027         5V,994162027,15,0.8,121.943898,24.441535,216.9,0,2024-04-17 18:24:43,1805
2684,,,994162027         5V,994162027,15,0.2,121.94365,24.441225,30.4,0,2024-04-17 18:29:52,1873
2594,,,994162027         5V,994162027,15,0.7,121.943483,24.440948,30.4,0,2024-04-17 18:32:57,1819
2570,,,994162027         4V,994162027,15,0.6,121.943258,24.440687,30.4,0,2024-04-17 18:37:04,1805
2746,,,994162027         5V,994162027,15,0.8,121.942933,24.440437,210.6,0,2024-04-17 18:42:13,1921
2646,,,994162027         5V,994162027,15,0.8,121.942687,24.440327,30.4,0,2024-04-17 18:46:22,1841
2649,,,994162027         5V,994162027,15,0.3,121.9424,24.440232,30.4,0,2024-04-17 18:50:30,1870
2593,,,994162027         5V,994162027,15,0.7,121.942117,24.440145,30.4,0,2024-04-17 18:54:37,1834
2691,,,994162027         5V,994162027,15,0.6,121.941895,24.440097,30.4,0,2024-04-17 18:57:43,1880
2684,,,994162027         5V,994162027,15,1.0,121.941782,24.440053,175.3,0,2024-04-17 19:00:49,1878
2664,,,994162027         5V,994162027,15,0.2,121.941542,24.439962,30.4,0,2024-04-17 19:04:57,1854
2524,,,994162027         5V,994162027,15,1.0,121.94143,24.439907,30.4,0,2024-04-17 19:09:05,1768
2601,,,994162027         4V,994162027,15,0.5,121.941235,24.439768,30.4,0,2024-04-17 19:15:17,1831
2698,,,994162027         5V,994162027,15,0.6,121.941207,24.439647,30.4,0,2024-04-17 19:18:22,1896
2418,,,994162027         5V,994162027,15,0.4,121.941135,24.43951,30.4,0,2024-04-17 19:22:31,1689
2588,,,994162027         5V,994162027,15,0.4,121.941025,24.439323,30.4,0,2024-04-17 19:27:42,1808
2514,,,994162027         5V,994162027,15,1.7,121.940742,24.43881,224.5,0,2024-04-17 19:31:50,1765
2489,,,994162027         5V,994162027,15,2.1,121.940303,24.438582,310.9,0,2024-04-17 19:35:14,1766
2594,,,994162027         5V,994162027,15,3.7,121.939773,24.439115,315.2,0,2024-04-17 19:36:17,1840
2570,,,994162027         5V,994162027,15,1.3,121.941863,24.443678,30.4,0,2024-04-17 19:42:31,1834
2748,,,994162027         5V,994162027,15,2.1,121.942008,24.443777,236.0,0,2024-04-17 19:45:39,1919
2701,,,994162027         4V,994162027,15,1.8,121.940258,24.444787,30.4,0,2024-04-17 19:49:47,1886
2758,,,994162027         4V,994162027,15,3.0,121.93898,24.445943,279.0,0,2024-04-17 19:54:59,1924
2657,,,994162027         5V,994162027,15,3.7,121.935365,24.446802,313.3,0,2024-04-17 19:59:07,1876
2677,,,994162027         5V,994162027,15,2.8,121.934733,24.451088,10.1,0,2024-04-17 20:06:39,1873
2628,,,994162027         5V,994162027,15,2.0,121.937372,24.454835,31.0,0,2024-04-17 20:11:46,1848
2656,,,994162027         5V,994162027,15,8.2,121.942915,24.45787,208.4,0,2024-04-17 20:20:56,1888
2637,,,994162027         5V,994162027,15,8.6,121.940728,24.453872,205.5,0,2024-04-17 20:22:58,1858
2625,,,994162027         5V,994162027,15,8.3,121.934205,24.44355,216.0,0,2024-04-17 20:28:06,1876
2807,,,994162027         5V,994162027,15,7.6,121.928478,24.435537,224.8,0,2024-04-17 20:32:12,1958
2795,,,994162027         5V,994162027,15,8.0,121.925957,24.431713,206.9,0,2024-04-17 20:34:14,1966
2828,,,994162027         5V,994162027,15,7.6,121.918853,24.422878,168.3,0,2024-04-17 20:40:20,1997
2863,,,994162027         5V,994162027,15,7.2,121.918952,24.414525,172.4,0,2024-04-17 20:44:24,2020
2835,,,994162027         5V,994162027,15,6.7,121.919003,24.406213,173.2,0,2024-04-17 20:48:29,1987
2747,,,994162027         5V,994162027,15,7.3,121.919022,24.398175,185.9,0,2024-04-17 20:52:33,1943
2787,,,994162027         5V,994162027,15,6.4,121.919788,24.389647,168.3,0,2024-04-17 20:57:38,1965
2895,,,994162027         5V,994162027,15,1.3,121.920397,24.388572,3.8,0,2024-04-17 21:01:42,2030
2742,,,994162027         5V,994162027,15,0.3,121.920693,24.3887,47.0,0,2024-04-17 21:04:44,1944
2774,,,994162027         5V,994162027,15,0.5,121.920918,24.389028,124.3,0,2024-04-17 21:09:50,1964
2742,,,994162027         5V,994162027,15,1.1,121.920993,24.389203,29.2,0,2024-04-17 21:13:54,1922
2767,,,994162027         5V,994162027,15,0.9,121.921002,24.38934,9.9,0,2024-04-17 21:16:59,1931
2737,,,994162027         5V,994162027,15,0.5,121.921055,24.389548,306.0,0,2024-04-17 21:21:03,1938
2803,,,994162027         5V,994162027,15,0.5,121.92105,24.389812,30.4,0,2024-04-17 21:25:09,1982
2803,,,994162027         5V,994162027,15,0.8,121.921102,24.390067,88.9,0,2024-04-17 21:29:13,2009
2805,,,994162027         5V,994162027,15,1.0,121.921158,24.390237,30.4,0,2024-04-17 21:32:18,2016
2826,,,994162027         5V,994162027,15,0.5,121.921287,24.39062,331.5,0,2024-04-17 21:37:25,1989
2668,,,994162027         5V,994162027,15,0.9,121.921337,24.39077,33.2,0,2024-04-17 21:39:27,1857
2385,,,994162027         5V,994162027,15,0.6,121.92146,24.391115,91.0,0,2024-04-17 21:44:33,1659
2552,,,994162027         5V,994162027,15,0.8,121.921597,24.391588,30.4,0,2024-04-17 21:50:41,1758
2669,,,994162027         5V,994162027,15,0.4,121.921683,24.39191,30.4,0,2024-04-17 21:54:46,1876
2809,,,994162027         5V,994162027,15,1.4,121.92177,24.392093,345.1,0,2024-04-17 21:57:50,1971
2892,,,994162027         5V,994162027,15,1.9,121.922033,24.392475,325.6,0,2024-04-17 22:02:59,2019
2734,,,994162027         5V,994162027,15,0.6,121.922033,24.392503,30.4,0,2024-04-17 22:04:01,1904
2801,,,994162027         5V,994162027,15,0.9,121.922298,24.392877,30.4,0,2024-04-17 22:11:15,1975
2848,,,994162027         5V,994162027,15,0.1,121.922413,24.39302,30.4,0,2024-04-17 22:13:20,1979
2853,,,994162027         4V,994162027,15,1.4,121.922562,24.393298,2.8,0,2024-04-17 22:18:32,2002
2668,,,994162027         4V,994162027,15,0.8,121.92271,24.393482,30.4,0,2024-04-17 22:22:41,1867
2303,,,994162027         5V,994162027,15,1.2,121.922885,24.393787,30.4,0,2024-04-17 22:26:57,1571
1931,,,994162027         5V,994162027,15,0.1,121.922973,24.393973,30.4,0,2024-04-17 22:29:02,1286
1846,,,994162027         5V,994162027,15,0.5,121.923037,24.394733,30.4,0,2024-04-17 22:35:15,1240
2017,,,994162027         5V,994162027,15,0.8,121.923088,24.395095,30.4,0,2024-04-17 22:38:20,1367
2230,,,994162027         5V,994162027,15,0.7,121.92323,24.395752,69.2,0,2024-04-17 22:41:25,1515
2495,,,994162027         4V,994162027,15,2.8,121.92441,24.392733,169.0,0,2024-04-17 22:47:24,1722
2362,,,994162027         4V,994162027,15,0.9,121.925113,24.39144,169.3,0,2024-04-17 22:51:43,1652
2515,,,994162027         4V,994162027,15,2.3,121.92588,24.38944,163.1,0,2024-04-17 22:55:47,1751
2421,,,994162027         5V,994162027,15,3.9,121.926758,24.38706,157.2,0,2024-04-17 22:58:51,1666
2246,,,994162027         5V,994162027,15,2.8,121.927522,24.384437,169.1,0,2024-04-17 23:01:54,1527
2520,,,994162027         5V,994162027,15,3.3,121.927895,24.381763,189.6,0,2024-04-17 23:06:59,1722
2527,,,994162027         5V,994162027,15,3.0,121.92788,24.380148,184.6,0,2024-04-17 23:09:01,1764
2652,,,994162027         5V,994162027,15,3.7,121.928037,24.375868,182.6,0,2024-04-17 23:16:09,1859
2533,,,994162027         5V,994162027,15,1.2,121.927917,24.373133,147.6,0,2024-04-17 23:20:14,1772
2672,,,994162027         5V,994162027,15,1.3,121.927955,24.372783,169.8,0,2024-04-17 23:21:16,1866
2587,,,994162027         5V,994162027,15,8.4,121.930982,24.367813,180.8,0,2024-04-17 23:27:22,1796
2752,,,994162027         5V,994162027,15,8.6,121.93102,24.355447,179.1,0,2024-04-17 23:32:28,1933
2504,,,994162027         5V,994162027,15,1.5,121.930142,24.387025,49.3,0,2024-04-18,1752
2425,,,994162027         5V,994162027,15,0.3,121.930682,24.387307,30.4,0,2024-04-18 00:04:05,1672
2409,,,994162027         5V,994162027,15,0.2,121.931007,24.387732,30.4,0,2024-04-18 00:08:10,1670
2561,,,994162027         5V,994162027,15,1.5,121.931308,24.388087,54.3,0,2024-04-18 00:13:16,1788
2608,,,994162027         5V,994162027,15,0.3,121.931563,24.388322,30.4,0,2024-04-18 00:16:19,1793
2554,,,994162027         4V,994162027,15,1.1,121.931942,24.388703,30.5,0,2024-04-18 00:21:25,1788
2622,,,994162027         5V,994162027,15,0.8,121.932188,24.388915,75.7,0,2024-04-18 00:24:29,1805
2444,,,994162027         5V,994162027,15,0.7,121.932503,24.389177,55.8,0,2024-04-18 00:28:35,1707
2482,,,994162027         5V,994162027,15,0.6,121.933175,24.389707,38.7,0,2024-04-18 00:37:46,1738
2513,,,994162027         5V,994162027,15,1.7,121.93345,24.389928,72.6,0,2024-04-18 00:41:51,1753
2590,,,994162027         5V,994162027,15,0.5,121.933752,24.390138,30.4,0,2024-04-18 00:45:55,1809
2549,,,994162027         5V,994162027,15,0.2,121.933967,24.390265,30.4,0,2024-04-18 00:48:59,1789
2657,,,994162027         5V,994162027,15,0.9,121.934413,24.390457,54.3,0,2024-04-18 00:54:05,1864
2697,,,994162027         5V,994162027,15,0.6,121.934792,24.390612,78.4,0,2024-04-18 00:58:10,1894
2682,,,994162027         5V,994162027,15,0.5,121.935148,24.390755,30.4,0,2024-04-18 01:02:14,1856
2629,,,994162027         5V,994162027,15,0.7,121.935462,24.390777,10.7,0,2024-04-18 01:06:19,1816
2688,,,994162027         5V,994162027,15,0.5,121.935723,24.39075,30.4,0,2024-04-18 01:09:23,1870
2635,,,994162027         5V,994162027,15,0.1,121.936062,24.39063,30.4,0,2024-04-18 01:13:30,1846
2780,,,994162027         4V,994162027,15,0.4,121.936492,24.390625,30.4,0,2024-04-18 01:18:37,1962
2614,,,994162027         5V,994162027,15,1.4,121.936607,24.390628,55.7,0,2024-04-18 01:20:40,1848
2499,,,994162027         5V,994162027,15,2.7,121.937035,24.391867,350.8,0,2024-04-18 01:28:51,1756
2569,,,994162027         5V,994162027,15,1.0,121.937115,24.394235,45.9,0,2024-04-18 01:31:55,1804
2653,,,994162027         3V,994162027,15,1.7,121.937763,24.398322,69.6,0,2024-04-18 01:38:03,1853
2595,,,994162027         3V,994162027,15,2.6,121.939632,24.406605,21.2,0,2024-04-18 01:49:23,1807
2725,,,994162027         3V,994162027,15,5.1,121.941143,24.42657,212.0,0,2024-04-18 02:16:23,1904
2835,,,994162027         5V,994162027,15,8.8,121.919993,24.42478,265.9,0,2024-04-18 02:25:34,1978
2671,,,994162027         5V,994162027,15,1.0,121.916642,24.4084,7.5,0,2024-04-18 02:39:51,1871
2633,,,994162027         5V,994162027,15,1.1,121.91702,24.408757,75.1,0,2024-04-18 02:44:57,1850
2731,,,994162027         5V,994162027,15,1.3,121.917205,24.408927,141.0,0,2024-04-18 02:47:00,1923
2692,,,994162027         4V,994162027,15,1.0,121.917527,24.409185,125.9,0,2024-04-18 02:51:04,1900
2781,,,994162027         5V,994162027,15,0.6,121.917815,24.409407,93.0,0,2024-04-18 02:56:09,1963
2676,,,994162027         5V,994162027,15,1.3,121.918047,24.409598,129.2,0,2024-04-18 03:00:13,1886
2723,,,994162027         4V,994162027,15,1.5,121.918198,24.409693,135.7,0,2024-04-18 03:03:17,1901
2714,,,994162027         4V,994162027,15,0.2,121.918467,24.40987,30.4,0,2024-04-18 03:08:24,1910
2791,,,994162027         5V,994162027,15,0.6,121.918647,24.409997,30.4,0,2024-04-18 03:12:28,1974
2844,,,994162027         5V,994162027,15,0.8,121.918803,24.410087,20.5,0,2024-04-18 03:16:32,2007
2848,,,994162027         4V,994162027,15,0.1,121.918932,24.410153,30.4,0,2024-04-18 03:19:35,2006
2628,,,994162027         5V,994162027,15,0.4,121.919127,24.410187,30.4,0,2024-04-18 03:23:40,1849
2618,,,994162027         3V,994162027,15,0.7,121.919503,24.4102,319.6,0,2024-04-18 03:29:48,1807
2477,,,994162027         5V,994162027,15,0.2,121.919652,24.410242,30.4,0,2024-04-18 03:32:52,1724
2476,,,994162027         5V,994162027,15,0.4,121.919917,24.410273,30.4,0,2024-04-18 03:37:58,1728
2703,,,994162027         4V,994162027,15,0.9,121.920043,24.410278,340.5,0,2024-04-18 03:41:02,1886
2832,,,994162027         4V,994162027,15,0.5,121.920192,24.410277,30.4,0,2024-04-18 03:45:06,1994
2970,,,994162027         4V,994162027,15,0.2,121.920358,24.410282,30.4,0,2024-04-18 03:49:13,2091
2930,,,994162027         4V,994162027,15,1.3,121.920432,24.410298,126.1,0,2024-04-18 03:52:17,2084
2893,,,994162027         4V,994162027,15,1.6,121.920593,24.410265,81.2,0,2024-04-18 03:57:23,2053
2772,,,994162027         4V,994162027,15,0.4,121.920683,24.410272,30.4,0,2024-04-18 03:59:26,1971
2735,,,994162027         4V,994162027,15,1.0,121.920953,24.410233,210.8,0,2024-04-18 04:06:44,1943
2856,,,994162027         3V,994162027,15,0.8,121.92115,24.410237,30.4,0,2024-04-18 04:10:50,2046
3014,,,994162027         4V,994162027,15,0.5,121.92129,24.410155,30.4,0,2024-04-18 04:14:58,2136
2841,,,994162027         4V,994162027,15,0.4,121.921438,24.410112,30.4,0,2024-04-18 04:18:01,2012
2865,,,994162027         4V,994162027,15,0.4,121.921605,24.410072,30.4,0,2024-04-18 04:21:08,2033
2857,,,994162027         4V,994162027,15,1.2,121.921807,24.409883,124.8,0,2024-04-18 04:26:15,2037
2793,,,994162027         4V,994162027,15,0.3,121.92193,24.40985,30.4,0,2024-04-18 04:28:18,2003
2772,,,994162027         4V,994162027,15,1.0,121.922347,24.409603,265.6,0,2024-04-18 04:34:27,1988
2614,,,994162027         4V,994162027,15,1.1,121.923555,24.40828,30.4,0,2024-04-18 04:54:36,1878
3207,,,994162027         4V,994162027,15,0.4,121.919113,24.429355,278.3,0,2024-04-19 15:40:21,2205
2979,,,994162027         4V,994162027,15,0.5,121.918875,24.429542,265.7,0,2024-04-19 15:43:24,2052
3081,,,994162027         4V,994162027,15,0.6,121.918482,24.429943,2.3,0,2024-04-19 15:48:29,2115
3007,,,994162027         4V,994162027,15,0.9,121.918283,24.43011,339.3,0,2024-04-19 15:51:32,2077
3041,,,994162027         4V,994162027,15,0.4,121.918035,24.430407,126.0,0,2024-04-19 15:55:38,2104
2975,,,994162027         4V,994162027,15,0.3,121.91796,24.430635,369.6,0,2024-04-19 15:59:42,2071
3131,,,994162027         4V,994162027,15,0.8,121.91778,24.43091,334.8,0,2024-04-19 16:04:48,2191
3051,,,994162027         4V,994162027,15,0.2,121.917807,24.431187,369.6,0,2024-04-19 16:08:52,2136
3222,,,994162027         4V,994162027,15,0.8,121.917932,24.431485,17.4,0,2024-04-19 16:12:56,2248
2999,,,994162027         4V,994162027,15,0.4,121.917947,24.431677,102.6,0,2024-04-19 16:16:00,2088
2986,,,994162027         4V,994162027,15,0.6,121.918563,24.433512,48.2,0,2024-04-19 16:37:25,2043
2877,,,994162027         5V,994162027,15,0.3,121.91901,24.433833,369.6,0,2024-04-19 16:41:32,1963
2923,,,994162027         4V,994162027,15,0.2,121.91935,24.434033,369.6,0,2024-04-19 16:44:37,2002
2748,,,994162027         4V,994162027,15,0.6,121.919702,24.434345,73.7,0,2024-04-19 16:48:42,1899
2857,,,994162027         4V,994162027,15,0.3,121.920192,24.434617,369.6,0,2024-04-19 16:52:45,1977
2862,,,994162027         4V,994162027,15,0.4,121.92069,24.435095,33.5,0,2024-04-19 16:57:52,1988
2891,,,994162027         4V,994162027,15,0.4,121.921023,24.435373,33.3,0,2024-04-19 17:00:55,1988
2856,,,994162027         4V,994162027,15,7.6,121.922115,24.433997,148.7,0,2024-04-19 17:05:02,1989
2884,,,994162027         4V,994162027,15,2.7,121.923178,24.425115,159.2,0,2024-04-19 17:10:08,1960
2692,,,994162027         4V,994162027,15,1.1,121.92378,24.424985,39.4,0,2024-04-19 17:14:15,1807
2559,,,994162027         4V,994162027,15,0.9,121.923993,24.425167,71.1,0,2024-04-19 17:16:19,1726
2667,,,994162027         4V,994162027,15,0.4,121.924722,24.4257,369.6,0,2024-04-19 17:22:27,1806
2660,,,994162027         4V,994162027,15,3.6,121.926828,24.424487,159.9,0,2024-04-19 17:25:31,1790
2608,,,994162027         4V,994162027,15,4.9,121.926798,24.417813,182.5,0,2024-04-19 17:29:37,1779
2745,,,994162027         4V,994162027,15,0.3,121.927072,24.416573,369.6,0,2024-04-19 17:34:46,1867
2698,,,994162027         4V,994162027,15,1.4,121.927222,24.416153,247.1,0,2024-04-19 17:38:53,1824
2757,,,994162027         4V,994162027,15,0.8,121.927152,24.41598,136.1,0,2024-04-19 17:40:55,1874
2741,,,994162027         4V,994162027,15,0.6,121.926898,24.415615,243.3,0,2024-04-19 17:46:03,1867
2664,,,994162027         4V,994162027,15,0.0,121.926775,24.415263,369.6,0,2024-04-19 17:50:10,1824
2677,,,994162027         4V,994162027,15,0.2,121.926617,24.41498,369.6,0,2024-04-19 17:54:19,1847
2670,,,994162027         4V,994162027,15,0.3,121.926463,24.414733,369.6,0,2024-04-19 17:58:27,1814
2696,,,994162027         4V,994162027,15,0.2,121.926383,24.414603,369.6,0,2024-04-19 18:02:08,1854
2747,,,994162027         4V,994162027,15,2.1,121.926095,24.414387,74.4,0,2024-04-19 18:05:32,1877
2850,,,994162027         4V,994162027,15,1.0,121.925853,24.414177,369.6,0,2024-04-19 18:10:08,1977
2945,,,994162027         4V,994162027,15,0.2,121.925562,24.413977,369.6,0,2024-04-19 18:14:51,2084
3075,,,994162027         4V,994162027,15,1.9,121.925383,24.413842,158.8,0,2024-04-19 18:17:18,2159
3092,,,994162027         4V,994162027,15,0.2,121.925393,24.413807,369.6,0,2024-04-19 18:20:39,2200
2956,,,994162027         4V,994162027,15,0.9,121.925017,24.41359,369.6,0,2024-04-19 18:27:53,2094
3031,,,994162027         3V,994162027,15,2.4,121.924917,24.41353,61.0,0,2024-04-19 18:30:59,2138
2825,,,994162027         4V,994162027,15,1.1,121.924722,24.413445,369.6,0,2024-04-19 18:34:05,1953
2732,,,994162027         4V,994162027,15,0.3,121.924422,24.41329,369.6,0,2024-04-19 18:39:15,1887
2838,,,994162027         4V,994162027,15,0.5,121.924228,24.413223,369.6,0,2024-04-19 18:43:24,1956
2624,,,994162027         4V,994162027,15,1.8,121.924038,24.413128,264.1,0,2024-04-19 18:46:30,1818
2610,,,994162027         4V,994162027,15,0.2,121.923838,24.413013,369.6,0,2024-04-19 18:51:39,1814
2731,,,994162027         3V,994162027,15,0.5,121.923588,24.41295,369.6,0,2024-04-19 18:55:48,1901
2772,,,994162027         4V,994162027,15,0.6,121.923358,24.413018,369.6,0,2024-04-19 19:00:03,1924
2677,,,994162027         4V,994162027,15,0.7,121.923342,24.413013,369.6,0,2024-04-19 19:01:07,1861
2775,,,994162027         4V,994162027,15,0.6,121.922975,24.413062,369.6,0,2024-04-19 19:08:30,1920
2766,,,994162027         4V,994162027,15,2.6,121.922792,24.413102,260.9,0,2024-04-19 19:12:42,1914
2798,,,994162027         4V,994162027,15,1.2,121.922625,24.413185,331.6,0,2024-04-19 19:16:56,1953
2725,,,994162027         4V,994162027,15,2.9,121.922497,24.413268,359.1,0,2024-04-19 19:20:07,1896
2801,,,994162027         4V,994162027,15,1.9,121.922278,24.413332,369.6,0,2024-04-19 19:24:20,1941
2815,,,994162027         4V,994162027,15,0.2,121.922073,24.413463,369.6,0,2024-04-19 19:28:30,1956
2800,,,994162027         4V,994162027,15,0.4,121.921875,24.413622,369.6,0,2024-04-19 19:32:41,1929
2669,,,994162027         4V,994162027,15,0.5,121.921612,24.413765,369.6,0,2024-04-19 19:36:52,1848
2715,,,994162027         4V,994162027,15,0.3,121.92145,24.41397,369.6,0,2024-04-19 19:41:01,1872
2799,,,994162027         4V,994162027,15,0.4,121.921247,24.414227,369.6,0,2024-04-19 19:45:10,1921
2687,,,994162027         4V,994162027,15,0.3,121.921052,24.414337,369.6,0,2024-04-19 19:48:17,1865
2824,,,994162027         4V,994162027,15,1.5,121.920763,24.41459,369.6,0,2024-04-19 19:53:29,1948
2767,,,994162027         4V,994162027,15,0.6,121.920618,24.414693,369.6,0,2024-04-19 19:56:36,1915
2673,,,994162027         4V,994162027,15,1.0,121.92049,24.414518,61.6,0,2024-04-19 20:01:03,1852
2525,,,994162027         4V,994162027,15,0.3,121.920593,24.41427,369.6,0,2024-04-19 20:05:08,1772
2625,,,994162027         4V,994162027,15,1.3,121.920495,24.413808,335.1,0,2024-04-19 20:09:15,1842
2654,,,994162027         4V,994162027,15,3.4,121.92028,24.41516,4.5,0,2024-04-19 20:11:17,1839
2696,,,994162027         4V,994162027,15,3.3,121.920167,24.419137,11.6,0,2024-04-19 20:15:23,1854
2824,,,994162027         4V,994162027,15,8.3,121.918593,24.414125,192.1,0,2024-04-19 20:20:28,1952
2649,,,994162027         4V,994162027,15,8.9,121.91736,24.406983,183.1,0,2024-04-19 20:23:31,1845
2621,,,994162027         4V,994162027,15,8.4,121.914308,24.38575,181.6,0,2024-04-19 20:32:42,1820
2841,,,994162027         4V,994162027,15,7.9,121.914107,24.374192,185.9,0,2024-04-19 20:37:51,1995
2794,,,994162027         4V,994162027,15,6.4,121.913473,24.33712,170.1,0,2024-04-19 20:57:16,2001
2902,,,994162027         4V,994162027,15,6.7,121.913343,24.329742,196.3,0,2024-04-19 21:02:23,2060
2854,,,994162027         4V,994162027,15,6.7,121.913355,24.322477,182.1,0,2024-04-19 21:06:28,2035
2832,,,994162027         4V,994162027,15,4.8,121.913327,24.32079,178.2,0,2024-04-19 21:07:30,2013
2947,,,994162027         4V,994162027,15,2.2,121.914475,24.378877,192.0,0,2024-04-19 21:39:12,2120
2972,,,994162027         4V,994162027,15,2.6,121.914602,24.376813,185.3,0,2024-04-19 21:42:22,2140
2993,,,994162027         4V,994162027,15,3.1,121.914445,24.373395,181.1,0,2024-04-19 21:47:36,2139
2963,,,994162027         3V,994162027,15,2.9,121.914218,24.370835,182.7,0,2024-04-19 21:51:35,2116
2765,,,994162027         4V,994162027,15,2.5,121.914212,24.366447,192.7,0,2024-04-19 21:59:56,1989
2636,,,994162027         4V,994162027,15,3.1,121.914182,24.364082,203.3,0,2024-04-19 22:02:59,1883
3017,,,994162027         4V,994162027,15,2.3,121.914165,24.362313,175.5,0,2024-04-19 22:06:02,2170
2960,,,994162027         4V,994162027,15,2.3,121.914317,24.35954,166.0,0,2024-04-19 22:11:09,2104
2919,,,994162027         4V,994162027,15,2.4,121.914552,24.356073,158.4,0,2024-04-19 22:16:15,2082
3017,,,994162027         4V,994162027,15,2.5,121.914712,24.354718,177.1,0,2024-04-19 22:19:19,2126
2916,,,994162027         4V,994162027,15,2.3,121.914977,24.351485,176.4,0,2024-04-19 22:24:24,2084
2840,,,994162027         4V,994162027,15,1.4,121.915125,24.349757,136.4,0,2024-04-19 22:27:27,2031
2881,,,994162027         4V,994162027,15,1.9,121.914902,24.34649,184.1,0,2024-04-19 22:32:32,2037
2755,,,994162027         4V,994162027,15,3.6,121.914662,24.344143,184.6,0,2024-04-19 22:35:36,1937
2863,,,994162027         4V,994162027,15,3.3,121.914473,24.342665,191.8,0,2024-04-19 22:38:39,2034
3025,,,994162027         4V,994162027,15,3.3,121.914158,24.340458,179.6,0,2024-04-19 22:43:47,2165
2869,,,994162027         4V,994162027,15,3.5,121.913953,24.338875,184.5,0,2024-04-19 22:45:47,2034
2994,,,994162027         4V,994162027,15,3.5,121.913652,24.33533,188.8,0,2024-04-19 22:53:57,2125
2978,,,994162027         4V,994162027,15,1.1,121.913722,24.331137,177.5,0,2024-04-19 22:59:02,2117
2823,,,994162027         4V,994162027,15,3.1,121.91361,24.327687,176.9,0,2024-04-19 23:05:13,1987
2755,,,994162027         4V,994162027,15,2.6,121.914348,24.326212,131.9,0,2024-04-19 23:08:18,1967
2987,,,994162027         4V,994162027,15,5.8,121.91393,24.382173,174.2,0,2024-04-19 23:32:04,2122
2898,,,994162027         4V,994162027,15,0.7,121.914195,24.376673,369.6,0,2024-04-19 23:37:17,2054
2830,,,994162027         4V,994162027,15,0.5,121.914467,24.377245,369.6,0,2024-04-19 23:40:27,2032
2860,,,994162027         4V,994162027,15,0.3,121.914745,24.377703,369.6,0,2024-04-19 23:45:06,2044
2725,,,994162027         4V,994162027,15,0.7,121.915017,24.378063,17.8,0,2024-04-19 23:50:13,1956
3062,,,994162027         4V,994162027,15,0.1,121.91524,24.378342,369.6,0,2024-04-19 23:54:17,2160
2739,,,994162027         4V,994162027,15,0.8,121.91551,24.37858,77.7,0,2024-04-19 23:58:22,1945
2909,,,994162027         4V,994162027,15,0.4,121.91571,24.378752,369.6,0,2024-04-20 00:01:29,2061
2856,,,994162027         4V,994162027,15,0.3,121.916008,24.379145,369.6,0,2024-04-20 00:06:32,2009
2768,,,994162027         4V,994162027,15,0.4,121.916253,24.379378,369.6,0,2024-04-20 00:10:37,1957
2857,,,994162027         4V,994162027,15,0.4,121.916492,24.379677,369.6,0,2024-04-20 00:14:41,2026
2653,,,994162027         4V,994162027,15,0.7,121.916977,24.380205,369.6,0,2024-04-20 00:22:51,1875
2582,,,994162027         4V,994162027,15,0.5,121.917258,24.380517,369.6,0,2024-04-20 00:27:55,1822
2636,,,994162027         4V,994162027,15,0.5,121.917305,24.380573,369.6,0,2024-04-20 00:28:57,1893
2715,,,994162027         3V,994162027,15,0.2,121.917633,24.380948,369.6,0,2024-04-20 00:35:08,1942
2721,,,994162027         4V,994162027,15,0.3,121.917665,24.38151,369.6,0,2024-04-20 00:39:16,1955
2804,,,994162027         3V,994162027,15,2.0,121.917862,24.382382,35.9,0,2024-04-20 00:42:23,1991
2618,,,994162027         4V,994162027,15,2.2,121.91751,24.37973,193.9,0,2024-04-20 00:46:34,1838
2610,,,994162027         4V,994162027,15,0.4,121.917688,24.377165,369.6,0,2024-04-20 00:51:43,1847
2697,,,994162027         4V,994162027,15,2.0,121.91776,24.376728,183.4,0,2024-04-20 00:53:47,1922
2792,,,994162027         4V,994162027,15,3.3,121.917393,24.37229,184.3,0,2024-04-20 00:59:56,2013
2815,,,994162027         4V,994162027,15,2.9,121.917427,24.370757,194.7,0,2024-04-20 01:03:01,2008
2810,,,994162027         4V,994162027,15,3.6,121.917163,24.368213,181.5,0,2024-04-20 01:06:07,2006
2749,,,994162027         4V,994162027,15,3.4,121.91735,24.364937,198.4,0,2024-04-20 01:11:17,1969
2858,,,994162027         3V,994162027,15,0.8,121.91715,24.36258,369.6,0,2024-04-20 01:15:26,2048
2991,,,994162027         3V,994162027,15,3.7,121.917012,24.361403,204.1,0,2024-04-20 01:18:31,2134
2789,,,994162027         3V,994162027,15,0.8,121.917303,24.360425,369.6,0,2024-04-20 01:20:35,1981
2655,,,994162027         3V,994162027,15,3.5,121.917637,24.35756,180.4,0,2024-04-20 01:27:51,1886
2924,,,994162027         3V,994162027,15,2.7,121.918218,24.354793,190.9,0,2024-04-20 01:32:02,2086
3074,,,994162027         3V,994162027,15,0.8,121.918687,24.353512,369.6,0,2024-04-20 01:35:10,2204
2957,,,994162027         4V,994162027,15,2.5,121.919032,24.351333,209.3,0,2024-04-20 01:40:27,2126
2859,,,994162027         4V,994162027,15,2.1,121.919973,24.34895,369.6,0,2024-04-20 01:44:44,2073
2819,,,994162027         4V,994162027,15,2.4,121.920525,24.346925,369.6,0,2024-04-20 01:48:59,2047
3079,,,994162027         4V,994162027,15,2.6,121.921255,24.344123,167.5,0,2024-04-20 01:52:36,2211
2876,,,994162027         4V,994162027,15,3.3,121.921917,24.341503,179.2,0,2024-04-20 01:56:43,2085
3060,,,994162027         3V,994162027,15,3.0,121.923357,24.338893,100.0,0,2024-04-20 02:01:49,2199
3029,,,994162027         3V,994162027,15,3.4,121.924027,24.338918,118.7,0,2024-04-20 02:02:50,2184
2949,,,994162027         4V,994162027,15,0.8,121.920787,24.379203,335.8,0,2024-04-20 02:37:28,2119
2817,,,994162027         2V,994162027,15,0.1,121.920923,24.379315,369.6,0,2024-04-20 02:39:31,2018
3013,,,994162027         3V,994162027,15,1.4,121.921293,24.379635,63.9,0,2024-04-20 02:44:36,2180
2815,,,994162027         4V,994162027,15,1.7,121.921728,24.379952,78.9,0,2024-04-20 02:49:41,2033
2941,,,994162027         4V,994162027,15,0.6,121.922038,24.380218,248.7,0,2024-04-20 02:53:46,2125
3090,,,994162027         3V,994162027,15,0.3,121.922368,24.380572,369.6,0,2024-04-20 02:58:53,2253
3028,,,994162027         4V,994162027,15,0.2,121.922658,24.380898,369.6,0,2024-04-20 03:02:59,2199
2934,,,994162027         3V,994162027,15,0.1,121.922878,24.381115,369.6,0,2024-04-20 03:06:04,2139
2956,,,994162027         4V,994162027,15,1.1,121.923202,24.381413,13.0,0,2024-04-20 03:10:11,2144
3044,,,994162027         4V,994162027,15,1.5,121.92335,24.381655,331.8,0,2024-04-20 03:13:16,2221
3045,,,994162027         4V,994162027,15,0.5,121.923745,24.382022,369.6,0,2024-04-20 03:18:23,2221
3075,,,994162027         4V,994162027,15,0.7,121.924067,24.38228,369.6,0,2024-04-20 03:22:27,2228
3005,,,994162027         3V,994162027,15,0.5,121.924417,24.382577,76.2,0,2024-04-20 03:26:33,2159
3059,,,994162027         4V,994162027,15,0.4,121.924687,24.382838,369.6,0,2024-04-20 03:30:39,2201
3011,,,994162027         3V,994162027,15,0.6,121.924838,24.382992,369.6,0,2024-04-20 03:32:43,2205
3007,,,994162027         3V,994162027,15,0.6,121.925405,24.383485,369.6,0,2024-04-20 03:42:58,2180
3027,,,994162027         3V,994162027,15,0.5,121.925505,24.383628,369.6,0,2024-04-20 03:45:01,2212
3046,,,994162027         3V,994162027,15,0.8,121.925787,24.383755,138.0,0,2024-04-20 03:50:10,2209
2893,,,994162027         3V,994162027,15,0.3,121.926035,24.383883,369.6,0,2024-04-20 03:53:14,2093
2822,,,994162027         3V,994162027,15,0.8,121.926398,24.383995,369.6,0,2024-04-20 03:59:25,2043
2984,,,994162027         3V,994162027,15,1.0,121.926453,24.384048,369.6,0,2024-04-20 04:00:57,2155
2927,,,994162027         3V,994162027,15,1.2,121.92306,24.428928,12.1,0,2024-04-20 16:28:02,2052
2932,,,994162027         3V,994162027,15,0.8,121.923167,24.429103,25.8,0,2024-04-20 16:29:02,2056
2980,,,994162027         2V,994162027,15,1.3,121.923778,24.430358,17.3,0,2024-04-20 16:36:13,2080
3075,,,994162027         3V,994162027,15,0.4,121.924255,24.431407,31.5,0,2024-04-20 16:41:34,2154
3076,,,994162027         3V,994162027,15,0.7,121.924363,24.432017,352.7,0,2024-04-20 16:45:37,2146
2981,,,994162027         3V,994162027,15,0.9,121.924565,24.432732,14.5,0,2024-04-20 16:49:43,2100
2970,,,994162027         3V,994162027,15,0.4,121.924655,24.433275,359.4,0,2024-04-20 16:52:44,2070
2967,,,994162027         3V,994162027,15,0.7,121.924892,24.434267,35.6,0,2024-04-20 16:57:52,2058
2961,,,994162027         3V,994162027,15,0.5,121.925028,24.434858,20.9,0,2024-04-20 17:00:53,2077
2982,,,994162027         3V,994162027,15,8.1,121.926357,24.433097,140.9,0,2024-04-20 17:04:57,2114
2880,,,994162027         3V,994162027,15,2.2,121.936043,24.421385,77.9,0,2024-04-20 17:12:07,2029
2969,,,994162027         3V,994162027,15,0.8,121.936613,24.421918,40.1,0,2024-04-20 17:15:10,2103
2938,,,994162027         3V,994162027,15,0.7,121.936237,24.417042,46.2,0,2024-04-20 17:22:20,2077
2893,,,994162027         3V,994162027,15,5.8,121.936637,24.405572,175.4,0,2024-04-20 17:38:35,2044
2739,,,994162027         3V,994162027,15,5.6,121.936797,24.400557,176.6,0,2024-04-20 17:41:38,1928
2947,,,994162027         3V,994162027,15,5.1,121.93673,24.393053,177.6,0,2024-04-20 17:46:45,2083
2756,,,994162027         3V,994162027,15,4.7,121.936727,24.387407,187.1,0,2024-04-20 17:50:50,1956
2809,,,994162027         3V,994162027,15,4.6,121.936762,24.385,168.5,0,2024-04-20 17:52:53,2003
2939,,,994162027         3V,994162027,15,0.4,121.936908,24.381902,6.7,0,2024-04-20 17:59:00,2089
2744,,,994162027         3V,994162027,15,0.3,121.937072,24.382075,129.6,0,2024-04-20 18:02:04,1973
2803,,,994162027         3V,994162027,15,0.3,121.937175,24.382107,129.6,0,2024-04-20 18:07:11,2009
3042,,,994162027         3V,994162027,15,0.9,121.937183,24.382125,172.4,0,2024-04-20 18:10:16,2181
2972,,,994162027         2V,994162027,15,0.6,121.93702,24.382192,281.3,0,2024-04-20 18:15:20,2146
2970,,,994162027         3V,994162027,15,0.4,121.936918,24.382223,228.5,0,2024-04-20 18:19:25,2163
2991,,,994162027         2V,994162027,15,0.2,121.936767,24.38227,129.6,0,2024-04-20 18:23:29,2157
3027,,,994162027         2V,994162027,15,1.1,121.936707,24.382303,23.2,0,2024-04-20 18:25:32,2204
3102,,,994162027         3V,994162027,15,0.4,121.936443,24.382442,129.6,0,2024-04-20 18:31:39,2273
3125,,,994162027         3V,994162027,15,0.4,121.936247,24.382535,129.6,0,2024-04-20 18:35:45,2296
2988,,,994162027         3V,994162027,15,1.1,121.93614,24.382617,107.7,0,2024-04-20 18:38:50,2161
3032,,,994162027         3V,994162027,15,0.8,121.935833,24.38285,327.4,0,2024-04-20 18:44:58,2203
2970,,,994162027         3V,994162027,15,0.8,121.935698,24.382963,327.7,0,2024-04-20 18:48:01,2159
2933,,,994162027         3V,994162027,15,0.7,121.935573,24.383055,305.9,0,2024-04-20 18:51:04,2122
2991,,,994162027         3V,994162027,15,0.8,121.935317,24.383348,177.3,0,2024-04-20 18:56:10,2169
3042,,,994162027         3V,994162027,15,1.3,121.935183,24.383557,353.6,0,2024-04-20 19:00:14,2202
2755,,,994162027         3V,994162027,15,0.7,121.935115,24.38368,312.5,0,2024-04-20 19:02:17,2005
2923,,,994162027         3V,994162027,15,1.6,121.934992,24.384035,327.4,0,2024-04-20 19:07:25,2114
2817,,,994162027         3V,994162027,15,0.5,121.934882,24.384387,129.6,0,2024-04-20 19:12:34,2061
2996,,,994162027         3V,994162027,15,0.2,121.93485,24.384508,129.6,0,2024-04-20 19:14:38,2187
3031,,,994162027         3V,994162027,15,0.4,121.934722,24.384903,129.6,0,2024-04-20 19:20:49,2191
2942,,,994162027         3V,994162027,15,0.7,121.934575,24.385207,250.1,0,2024-04-20 19:25:58,2109
2886,,,994162027         3V,994162027,15,0.5,121.934553,24.385385,129.6,0,2024-04-20 19:29:03,2091
2830,,,994162027         3V,994162027,15,1.3,121.934527,24.385533,71.5,0,2024-04-20 19:31:07,2059
2956,,,994162027         3V,994162027,15,0.4,121.934395,24.385908,129.6,0,2024-04-20 19:37:20,2144
2879,,,994162027         3V,994162027,15,0.9,121.934257,24.386022,129.6,0,2024-04-20 19:41:28,2089
2797,,,994162027         3V,994162027,15,1.0,121.934112,24.385677,247.1,0,2024-04-20 19:45:35,2021
2886,,,994162027         3V,994162027,15,0.9,121.934705,24.409627,27.2,0,2024-04-20 20:17:52,2087
2788,,,994162027         3V,994162027,15,8.2,121.935992,24.410513,184.4,0,2024-04-20 20:30:08,1990
2767,,,994162027         3V,994162027,15,8.4,121.935253,24.392037,181.8,0,2024-04-20 20:38:19,1966
2912,,,994162027         3V,994162027,15,6.8,121.936063,24.38377,186.4,0,2024-04-20 20:42:23,2085
2828,,,994162027         3V,994162027,15,8.7,121.93559,24.399122,1.2,0,2024-04-20 20:49:31,2007
2800,,,994162027         3V,994162027,15,0.5,121.93556,24.401308,30.7,0,2024-04-20 20:53:35,2014
2789,,,994162027         3V,994162027,15,1.3,121.935477,24.402365,351.7,0,2024-04-20 20:59:41,1996
2896,,,994162027         3V,994162027,15,1.0,121.9353,24.403098,339.0,0,2024-04-20 21:03:46,2082
2924,,,994162027         3V,994162027,15,0.5,121.93509,24.403772,347.3,0,2024-04-20 21:07:52,2089
2941,,,994162027         3V,994162027,15,0.4,121.935012,24.404287,129.6,0,2024-04-20 21:10:55,2114
2918,,,994162027         3V,994162027,15,0.5,121.934825,24.405158,24.4,0,2024-04-20 21:15:59,2096
2934,,,994162027         3V,994162027,15,0.6,121.934783,24.405507,343.0,0,2024-04-20 21:18:01,2131
2907,,,994162027         3V,994162027,15,1.0,121.934722,24.406347,353.3,0,2024-04-20 21:23:08,2111
2949,,,994162027         3V,994162027,15,0.8,121.934708,24.40683,48.8,0,2024-04-20 21:26:11,2124
2793,,,994162027         3V,994162027,15,0.2,121.934682,24.408312,129.6,0,2024-04-20 21:35:21,2022
2917,,,994162027         3V,994162027,15,0.7,121.934703,24.409002,337.0,0,2024-04-20 21:39:25,2125
2846,,,994162027         3V,994162027,15,0.7,121.934685,24.409678,358.2,0,2024-04-20 21:43:29,2040
3017,,,994162027         3V,994162027,15,0.6,121.934643,24.410402,11.9,0,2024-04-20 21:47:33,2168
2844,,,994162027         3V,994162027,15,0.8,121.93464,24.410725,54.7,0,2024-04-20 21:49:35,2041
2918,,,994162027         3V,994162027,15,0.3,121.934635,24.411585,129.6,0,2024-04-20 21:54:40,2102
2852,,,994162027         3V,994162027,15,0.7,121.93458,24.412395,96.7,0,2024-04-20 22:00:47,2040
3016,,,994162027         3V,994162027,15,0.1,121.93461,24.412702,129.6,0,2024-04-20 22:02:49,2188
2884,,,994162027         3V,994162027,15,0.9,121.934778,24.413328,345.8,0,2024-04-20 22:08:59,2086
2808,,,994162027         3V,994162027,15,1.0,121.9348,24.413458,348.7,0,2024-04-20 22:10:00,1996
2894,,,994162027         3V,994162027,15,3.0,121.93512,24.418303,2.3,0,2024-04-20 22:16:09,2089
2960,,,994162027         3V,994162027,15,3.5,121.935327,24.420398,12.7,0,2024-04-20 22:18:11,2136
2896,,,994162027         3V,994162027,15,1.7,121.935808,24.427033,4.3,0,2024-04-20 22:25:19,2059
2928,,,994162027         3V,994162027,15,2.4,121.937435,24.439998,71.4,0,2024-04-20 22:40:45,2093
2904,,,994162027         3V,994162027,15,3.3,121.938153,24.442778,17.2,0,2024-04-20 22:44:51,2096
3201,,,994162027         3V,994162027,15,1.1,121.940428,24.456867,7.8,0,2024-04-20 23:01:21,2319
2819,,,994162027         3V,994162027,15,4.3,121.940408,24.459307,10.5,0,2024-04-20 23:04:24,2025
2952,,,994162027         3V,994162027,15,4.0,121.940742,24.464072,359.3,0,2024-04-20 23:09:30,2124
2971,,,994162027         3V,994162027,15,3.2,121.940582,24.471132,350.3,0,2024-04-20 23:17:43,2130
2751,,,994162027         3V,994162027,15,1.7,121.940185,24.480105,12.0,0,2024-04-20 23:28:58,1969
2785,,,994162027         3V,994162027,15,8.3,121.936767,24.474268,204.1,0,2024-04-20 23:34:03,2011
2848,,,994162027         3V,994162027,15,8.3,121.932697,24.465895,181.5,0,2024-04-20 23:38:07,2049
2770,,,994162027         3V,994162027,15,8.1,121.932113,24.463638,192.1,0,2024-04-20 23:39:08,2007
2827,,,994162027   0    3V,994162027,15,7.0,121.93003,24.455837,186.5,0,2024-04-20 23:45:14,2013
2792,,,994162027   0    3V,994162027,15,0.7,121.930207,24.447172,75.1,0,2024-04-20 23:50:19,2000
2871,,,994162027         3V,994162027,15,6.7,121.930055,24.435587,178.3,0,2024-04-20 23:57:28,2085
2854,,,994162027         3V,994162027,15,7.1,121.930757,24.413345,178.2,0,2024-04-21 00:10:41,2074
3065,,,994162027         3V,994162027,15,0.8,121.930955,24.412562,97.2,0,2024-04-21 00:15:50,2206
2740,,,994162027         3V,994162027,15,0.7,121.931075,24.412738,129.6,0,2024-04-21 00:18:52,1967
2778,,,994162027         3V,994162027,15,0.2,121.931327,24.413022,129.6,0,2024-04-21 00:23:58,2002
2877,,,994162027         3V,994162027,15,1.1,121.931397,24.413127,214.3,0,2024-04-21 00:27:03,2071
2884,,,994162027         3V,994162027,15,0.4,121.931517,24.413293,33.0,0,2024-04-21 00:31:09,2087
2952,,,994162027         3V,994162027,15,0.5,121.931585,24.413487,46.3,0,2024-04-21 00:35:13,2135
2841,,,994162027         3V,994162027,15,0.5,121.931633,24.413583,154.6,0,2024-04-21 00:38:17,2063
2898,,,994162027         3V,994162027,15,0.2,121.93164,24.413737,129.6,0,2024-04-21 00:42:22,2130
2734,,,994162027         3V,994162027,15,0.7,121.931722,24.413962,96.2,0,2024-04-21 00:46:26,1977
2725,,,994162027         3V,994162027,15,0.5,121.931798,24.41413,131.4,0,2024-04-21 00:50:31,1959
2787,,,994162027         3V,994162027,15,0.4,121.931907,24.414325,129.6,0,2024-04-21 00:55:37,2009
2761,,,994162027         3V,994162027,15,0.7,121.93202,24.414487,78.3,0,2024-04-21 00:59:41,2038
2906,,,994162027         3V,994162027,15,1.3,121.93209,24.414635,9.5,0,2024-04-21 01:03:46,2137
3151,,,994162027         3V,994162027,15,1.1,121.932172,24.414795,282.5,0,2024-04-21 01:08:52,2295
3130,,,994162027         3V,994162027,15,0.1,121.932235,24.414917,129.6,0,2024-04-21 01:12:56,2270
3024,,,994162027         2V,994162027,15,1.4,121.932295,24.41507,286.3,0,2024-04-21 01:16:00,2202
3052,,,994162027         3V,994162027,15,0.5,121.93237,24.415352,126.1,0,2024-04-21 01:20:04,2226
3044,,,994162027         3V,994162027,15,0.3,121.93239,24.415427,129.6,0,2024-04-21 01:21:05,2214
2919,,,994162027         3V,994162027,15,0.6,121.932638,24.416058,129.6,0,2024-04-21 01:27:15,2127
2843,,,994162027         3V,994162027,15,0.9,121.932782,24.416352,342.2,0,2024-04-21 01:30:21,2048
2749,,,994162027         3V,994162027,15,0.7,121.933135,24.416928,348.1,0,2024-04-21 01:36:29,1988
2726,,,994162027         3V,994162027,15,0.9,121.933337,24.41736,328.7,0,2024-04-21 01:39:33,1980
2712,,,994162027         3V,994162027,15,0.2,121.93364,24.417927,129.6,0,2024-04-21 01:44:38,1966
2797,,,994162027         3V,994162027,15,0.8,121.933912,24.418525,357.5,0,2024-04-21 01:47:41,2015
2672,,,994162027         3V,994162027,15,8.4,121.932622,24.402497,168.1,0,2024-04-21 02:02:37,1938
2804,,,994162027         3V,994162027,15,7.7,121.931623,24.390788,179.7,0,2024-04-21 02:07:44,2031
2946,,,994162027         3V,994162027,15,8.1,121.932322,24.40798,0.3,0,2024-04-21 02:20:59,2138
2975,,,994162027         3V,994162027,15,0.2,121.931822,24.413455,129.6,0,2024-04-21 02:24:02,2147
2692,,,994162027         3V,994162027,15,0.7,121.932028,24.413665,18.8,0,2024-04-21 02:28:08,1963
3050,,,994162027         3V,994162027,15,0.8,121.932318,24.413798,327.9,0,2024-04-21 02:33:14,2202
2829,,,994162027         3V,994162027,15,0.6,121.932472,24.413897,8.6,0,2024-04-21 02:38:20,2073
2576,,,994162027         3V,994162027,15,0.5,121.932483,24.41391,194.5,0,2024-04-21 02:39:21,1874
2798,,,994162027         3V,994162027,15,0.9,121.93258,24.414055,94.6,0,2024-04-21 02:45:26,2040
2830,,,994162027         3V,994162027,15,0.6,121.932647,24.414168,37.6,0,2024-04-21 02:49:31,2066
2902,,,994162027         3V,994162027,15,0.2,121.932785,24.41429,129.6,0,2024-04-21 02:54:37,2148
2871,,,994162027         3V,994162027,15,1.5,121.932933,24.414398,77.6,0,2024-04-21 02:58:43,2083
3088,,,994162027         3V,994162027,15,0.8,121.933037,24.414482,60.7,0,2024-04-21 03:00:45,2244
2943,,,994162027         3V,994162027,15,1.3,121.933292,24.41467,216.7,0,2024-04-21 03:06:53,2133
2969,,,994162027         3V,994162027,15,0.7,121.933348,24.414747,55.0,0,2024-04-21 03:08:54,2166
3026,,,994162027         3V,994162027,15,0.3,121.933577,24.414902,129.6,0,2024-04-21 03:13:59,2210
2997,,,994162027         3V,994162027,15,0.7,121.933682,24.415002,71.4,0,2024-04-21 03:17:04,2163
3086,,,994162027         3V,994162027,15,0.6,121.933962,24.415202,38.0,0,2024-04-21 03:23:13,2247
3062,,,994162027         3V,994162027,15,0.3,121.934102,24.415307,129.6,0,2024-04-21 03:27:17,2224
3023,,,994162027         3V,994162027,15,0.4,121.934223,24.415373,81.1,0,2024-04-21 03:31:22,2213
3189,,,994162027         3V,994162027,15,0.2,121.934468,24.415377,129.6,0,2024-04-21 03:35:27,2360
3007,,,994162027         3V,994162027,15,0.1,121.934603,24.415283,129.6,0,2024-04-21 03:39:35,2195
2889,,,994162027         3V,994162027,15,0.2,121.934825,24.415307,129.6,0,2024-04-21 03:43:41,2115
2985,,,994162027         3V,994162027,15,1.0,121.934998,24.415255,73.3,0,2024-04-21 03:47:49,2159
2984,,,994162027         3V,994162027,15,0.1,121.935108,24.415112,129.6,0,2024-04-21 03:49:52,2197
2889,,,994162027         3V,994162027,15,8.2,121.924145,24.456757,32.3,0,2024-04-21 16:41:57,2017
2763,,,994162027         3V,994162027,15,0.1,121.926033,24.460682,299.2,0,2024-04-21 16:45:09,1920
2810,,,994162027         3V,994162027,15,0.3,121.92625,24.460355,299.2,0,2024-04-21 16:50:15,1958
2884,,,994162027         3V,994162027,15,0.4,121.926097,24.460168,126.7,0,2024-04-21 16:52:17,2021
2799,,,994162027         2V,994162027,15,0.8,121.925577,24.459357,188.6,0,2024-04-21 16:58:24,1934
2770,,,994162027         3V,994162027,15,0.0,121.926727,24.46158,299.2,0,2024-04-21 17:06:32,1958
2877,,,994162027         3V,994162027,15,0.7,121.926408,24.461167,228.0,0,2024-04-21 17:10:36,2029
2618,,,994162027         3V,994162027,15,0.3,121.926642,24.4605,111.1,0,2024-04-21 17:17:44,1823
2566,,,994162027         3V,994162027,15,6.5,121.926688,24.457252,176.2,0,2024-04-21 17:25:53,1784
2683,,,994162027         3V,994162027,15,6.6,121.926897,24.447837,184.1,0,2024-04-21 17:30:58,1848
2653,,,994162027         3V,994162027,15,6.6,121.927118,24.442015,179.8,0,2024-04-21 17:34:01,1859
2518,,,994162027         3V,994162027,15,6.9,121.926853,24.431925,175.3,0,2024-04-21 17:39:08,1758
2684,,,994162027         3V,994162027,15,7.0,121.926895,24.42616,176.3,0,2024-04-21 17:43:13,1861
2625,,,994162027         3V,994162027,15,6.9,121.926922,24.418032,180.3,0,2024-04-21 17:47:18,1815
2577,,,994162027         3V,994162027,15,7.3,121.926802,24.410012,184.2,0,2024-04-21 17:51:22,1788
2597,,,994162027         2V,994162027,15,7.1,121.92706,24.405105,178.3,0,2024-04-21 17:55:24,1827
2558,,,994162027         2V,994162027,15,0.7,121.927145,24.403627,107.2,0,2024-04-21 17:59:23,1806
2537,,,994162027         2V,994162027,15,0.1,121.927338,24.403572,299.2,0,2024-04-21 18:03:40,1773
2542,,,994162027         2V,994162027,15,0.4,121.927408,24.403413,291.2,0,2024-04-21 18:07:44,1775
2593,,,994162027         3V,994162027,15,0.8,121.927433,24.403245,336.9,0,2024-04-21 18:11:48,1796
2593,,,994162027         3V,994162027,15,1.2,121.927457,24.40305,262.2,0,2024-04-21 18:15:53,1789
2463,,,994162027         3V,994162027,15,1.3,121.927497,24.402888,234.2,0,2024-04-21 18:19:57,1714
2618,,,994162027         3V,994162027,15,0.4,121.927507,24.402785,310.3,0,2024-04-21 18:23:01,1827
2644,,,994162027         3V,994162027,15,0.1,121.927523,24.402578,299.2,0,2024-04-21 18:28:07,1844
2506,,,994162027         3V,994162027,15,0.3,121.927535,24.402552,299.2,0,2024-04-21 18:29:08,1731
2428,,,994162027         3V,994162027,15,0.2,121.92752,24.40239,299.2,0,2024-04-21 18:34:14,1684
2591,,,994162027         3V,994162027,15,0.4,121.927543,24.40216,85.3,0,2024-04-21 18:40:20,1809
2622,,,994162027         3V,994162027,15,0.2,121.927567,24.402017,299.2,0,2024-04-21 18:44:25,1814
2552,,,994162027         3V,994162027,15,0.5,121.92756,24.401898,85.6,0,2024-04-21 18:48:29,1791
2564,,,994162027         3V,994162027,15,0.6,121.927535,24.401762,259.9,0,2024-04-21 18:51:33,1799
2625,,,994162027         3V,994162027,15,0.8,121.927502,24.401435,35.6,0,2024-04-21 18:56:38,1823
2539,,,994162027         2V,994162027,15,0.1,121.927493,24.401148,299.2,0,2024-04-21 18:59:41,1771
2501,,,994162027         3V,994162027,15,0.9,121.927452,24.400763,178.7,0,2024-04-21 19:04:46,1745
2405,,,994162027         3V,994162027,15,0.6,121.92744,24.400415,95.2,0,2024-04-21 19:08:51,1680
2427,,,994162027         3V,994162027,15,0.6,121.927455,24.4,297.1,0,2024-04-21 19:12:54,1701
2674,,,994162027         3V,994162027,15,0.5,121.92732,24.399682,239.8,0,2024-04-21 19:15:58,1876
3016,,,994162027         3V,994162027,15,3.9,121.928342,24.407263,11.1,0,2024-04-21 19:25:09,2116
2798,,,994162027         2V,994162027,15,6.3,121.927203,24.460745,51.7,0,2024-04-21 20:34:34,1998
2805,,,994162027         2V,994162027,15,7.7,121.92777,24.45243,182.0,0,2024-04-21 20:38:42,2008
2786,,,994162027         2V,994162027,15,7.9,121.92779,24.445885,179.1,0,2024-04-21 20:41:45,2002
2820,,,994162027         2V,994162027,15,6.4,121.92789,24.438178,183.6,0,2024-04-21 20:45:49,2023
2832,,,994162027         2V,994162027,15,6.9,121.927903,24.434213,177.9,0,2024-04-21 20:47:51,2013
2768,,,994162027         2V,994162027,15,7.2,121.927703,24.422162,181.7,0,2024-04-21 20:53:59,1977
2812,,,994162027         2V,994162027,15,7.1,121.92776,24.418068,180.6,0,2024-04-21 20:56:02,1988
2812,,,994162027         2V,994162027,15,0.8,121.926865,24.407778,297.0,0,2024-04-21 21:07:13,2002
2784,,,994162027         3V,994162027,15,1.0,121.92646,24.407943,219.5,0,2024-04-21 21:11:18,2010
2957,,,994162027         2V,994162027,15,0.1,121.92618,24.408068,299.2,0,2024-04-21 21:14:21,2108
2892,,,994162027         3V,994162027,15,1.1,121.925827,24.408287,286.0,0,2024-04-21 21:19:27,2062
2845,,,994162027         3V,994162027,15,0.1,121.925568,24.408407,299.2,0,2024-04-21 21:22:30,2068
2835,,,994162027         3V,994162027,15,0.4,121.925122,24.408528,299.2,0,2024-04-21 21:27:35,2064
2822,,,994162027         3V,994162027,15,0.6,121.924875,24.408657,351.5,0,2024-04-21 21:30:40,2029
2743,,,994162027         2V,994162027,15,0.2,121.924565,24.408827,299.2,0,2024-04-21 21:34:44,1943
2587,,,994162027         3V,994162027,15,0.2,121.924158,24.408937,299.2,0,2024-04-21 21:39:51,1850
2728,,,994162027         3V,994162027,15,0.5,121.92397,24.408835,299.2,0,2024-04-21 21:42:55,1947
2620,,,994162027         2V,994162027,15,0.2,121.923773,24.408657,299.2,0,2024-04-21 21:47:01,1895
2895,,,994162027         2V,994162027,15,0.7,121.923493,24.40851,291.2,0,2024-04-21 21:51:06,2097
2878,,,994162027         2V,994162027,15,3.8,121.923197,24.411205,354.4,0,2024-04-21 21:55:11,2083
2788,,,994162027         2V,994162027,15,4.3,121.922945,24.415218,358.0,0,2024-04-21 21:59:16,2019
2823,,,994162027         2V,994162027,15,3.9,121.922845,24.419045,351.0,0,2024-04-21 22:04:21,2052
2671,,,994162027         3V,994162027,15,3.7,121.922702,24.42124,357.0,0,2024-04-21 22:06:24,1921
2789,,,994162027         3V,994162027,15,3.2,121.922377,24.423497,352.3,0,2024-04-21 22:11:29,2005
2785,,,994162027         3V,994162027,15,3.7,121.922167,24.426533,357.1,0,2024-04-21 22:15:36,1999
2689,,,994162027         2V,994162027,15,3.8,121.921602,24.434072,10.0,0,2024-04-21 22:23:46,1940
2701,,,994162027         2V,994162027,15,1.3,121.920865,24.439123,343.5,0,2024-04-21 22:28:53,1932
2694,,,994162027         2V,994162027,15,3.4,121.92004,24.442942,350.1,0,2024-04-21 22:33:58,1957
2497,,,994162027         2V,994162027,15,2.0,121.918447,24.447913,0.4,0,2024-04-21 22:40:06,1767
2545,,,994162027         2V,994162027,15,3.2,121.918342,24.449525,352.6,0,2024-04-21 22:42:09,1811
2597,,,994162027         2V,994162027,15,3.6,121.917335,24.452955,345.4,0,2024-04-21 22:46:14,1833
2582,,,994162027         2V,994162027,15,0.2,121.917272,24.45602,299.2,0,2024-04-21 22:52:27,1822
2523,,,994162027         2V,994162027,15,0.6,121.917087,24.456295,106.2,0,2024-04-21 22:54:31,1801
2611,,,994162027         3V,994162027,15,8.3,121.915833,24.461917,72.2,0,2024-04-21 23:01:43,1880
2598,,,994162027         2V,994162027,15,7.8,121.926018,24.464218,85.6,0,2024-04-21 23:05:52,1874
2740,,,994162027         2V,994162027,15,5.2,121.930488,24.464767,71.5,0,2024-04-21 23:07:56,1955
2560,,,994162027         2V,994162027,15,7.1,121.933473,24.464248,185.1,0,2024-04-21 23:12:06,1816
2780,,,994162027         2V,994162027,15,1.9,121.933208,24.454107,354.8,0,2024-04-21 23:17:29,1997
2763,,,994162027         2V,994162027,15,6.8,121.932308,24.447808,184.4,0,2024-04-21 23:21:43,1978
2775,,,994162027         2V,994162027,15,6.3,121.932467,24.444925,188.7,0,2024-04-21 23:23:48,2005
2890,,,994162027         2V,994162027,15,0.1,121.932017,24.438408,299.2,0,2024-04-21 23:29:05,2070
2842,,,994162027         3V,994162027,15,2.0,121.931477,24.438737,26.3,0,2024-04-21 23:33:26,2053
2929,,,994162027         2V,994162027,15,1.5,121.931383,24.438672,223.0,0,2024-04-21 23:38:04,2138
2847,,,994162027         3V,994162027,15,0.1,121.931187,24.43864,299.2,0,2024-04-21 23:42:12,2091
2976,,,994162027         2V,994162027,15,0.5,121.930898,24.438645,299.2,0,2024-04-21 23:46:19,2157
2871,,,994162027         2V,994162027,15,0.4,121.93071,24.438553,299.2,0,2024-04-21 23:50:27,2102
2779,,,994162027         2V,994162027,15,0.4,121.930488,24.438463,299.2,0,2024-04-21 23:54:35,2031
2835,,,994162027         2V,994162027,15,0.6,121.930318,24.43842,299.2,0,2024-04-21 23:58:42,2031
2740,,,994162027         2V,994162027,15,0.0,121.930075,24.438373,299.2,0,2024-04-22 00:02:04,1967
2696,,,994162027         2V,994162027,15,0.9,121.93005,24.438352,224.3,0,2024-04-22 00:03:06,1936
2806,,,994162027         2V,994162027,15,0.8,121.929697,24.438195,299.2,0,2024-04-22 00:10:16,2028
2774,,,994162027         2V,994162027,15,0.4,121.929467,24.438085,299.2,0,2024-04-22 00:14:21,2017
2756,,,994162027         2V,994162027,15,1.0,121.929308,24.437998,248.0,0,2024-04-22 00:17:23,1992
2869,,,994162027         2V,994162027,15,0.9,121.929007,24.43782,97.5,0,2024-04-22 00:23:37,2081
2726,,,994162027         2V,994162027,15,0.7,121.928853,24.437722,299.2,0,2024-04-22 00:26:41,1969
2771,,,994162027         2V,994162027,15,0.6,121.928617,24.437487,48.8,0,2024-04-22 00:31:47,2013
2897,,,994162027         2V,994162027,15,0.4,121.928507,24.437477,299.2,0,2024-04-22 00:35:52,2085
2835,,,994162027         2V,994162027,15,0.3,121.928343,24.437782,299.2,0,2024-04-22 00:39:57,2069
2824,,,994162027         1V,994162027,15,1.1,121.92814,24.437877,230.4,0,2024-04-22 00:43:02,2057
2796,,,994162027         1V,994162027,15,1.0,121.927793,24.438082,266.0,0,2024-04-22 00:47:08,2012
2813,,,994162027         1V,994162027,15,0.8,121.927498,24.438265,293.2,0,2024-04-22 00:51:14,2063
2810,,,994162027         2V,994162027,15,3.2,121.927667,24.436298,178.6,0,2024-04-22 00:55:21,2038
2846,,,994162027         2V,994162027,15,2.8,121.927673,24.433018,185.9,0,2024-04-22 00:59:28,2044
2876,,,994162027         2V,994162027,15,3.1,121.927655,24.430508,182.1,0,2024-04-22 01:03:34,2084
2972,,,994162027         2V,994162027,15,2.7,121.927453,24.426168,179.7,0,2024-04-22 01:08:40,2169
2846,,,994162027         2V,994162027,15,1.4,121.92733,24.423098,191.5,0,2024-04-22 01:12:46,2067
2793,,,994162027         2V,994162027,15,0.7,121.927353,24.422795,209.5,0,2024-04-22 01:14:49,2035
2849,,,994162027         2V,994162027,15,3.7,121.926995,24.417038,184.4,0,2024-04-22 01:20:58,2075
2887,,,994162027         2V,994162027,15,2.1,121.927013,24.415047,264.4,0,2024-04-22 01:24:02,2107
2884,,,994162027         2V,994162027,15,4.2,121.92691,24.413465,171.7,0,2024-04-22 01:26:05,2115
2753,,,994162027         2V,994162027,15,2.7,121.926875,24.407858,196.0,0,2024-04-22 01:32:13,1993
2770,,,994162027         2V,994162027,15,3.3,121.926592,24.405267,179.1,0,2024-04-22 01:36:19,1998
2810,,,994162027         2V,994162027,15,1.6,121.926222,24.402278,204.3,0,2024-04-22 01:40:25,2042
2816,,,994162027         2V,994162027,15,4.0,121.926238,24.401303,162.2,0,2024-04-22 01:44:33,2045
2792,,,994162027         2V,994162027,15,1.9,121.92531,24.397215,171.6,0,2024-04-22 01:48:41,2046
2853,,,994162027         2V,994162027,15,7.0,121.92505,24.396917,336.0,0,2024-04-22 01:50:45,2081
2801,,,994162027         2V,994162027,15,6.7,121.924312,24.429403,11.3,0,2024-04-22 02:09:18,2040
2963,,,994162027         2V,994162027,15,0.4,121.924397,24.434,299.2,0,2024-04-22 02:13:28,2137
2864,,,994162027         2V,994162027,15,0.9,121.92452,24.433708,299.2,0,2024-04-22 02:17:41,2062
2772,,,994162027         2V,994162027,15,0.0,121.924482,24.433363,299.2,0,2024-04-22 02:21:51,2022
2947,,,994162027         2V,994162027,15,0.2,121.924553,24.43327,299.2,0,2024-04-22 02:22:54,2118
3066,,,994162027         2V,994162027,15,1.1,121.924365,24.43294,358.0,0,2024-04-22 02:28:09,2228
2950,,,994162027         2V,994162027,15,1.1,121.924188,24.432638,293.0,0,2024-04-22 02:33:27,2156
2749,,,994162027         2V,994162027,15,0.6,121.924165,24.432333,299.2,0,2024-04-22 02:37:45,2009
2873,,,994162027         2V,994162027,15,1.0,121.924148,24.432047,293.6,0,2024-04-22 02:41:58,2113
2858,,,994162027         2V,994162027,15,1.2,121.924158,24.431822,299.2,0,2024-04-22 02:45:09,2105
2885,,,994162027         2V,994162027,15,0.5,121.92419,24.431362,299.2,0,2024-04-22 02:50:43,2115
3006,,,994162027         2V,994162027,15,0.6,121.924295,24.431057,299.2,0,2024-04-22 02:53:54,2180
2904,,,994162027         2V,994162027,15,0.8,121.924325,24.430712,261.9,0,2024-04-22 02:58:07,2138
2923,,,994162027         2V,994162027,15,0.5,121.924417,24.430322,299.2,0,2024-04-22 03:02:22,2138
2994,,,994162027         2V,994162027,15,0.7,121.924683,24.429757,299.2,0,2024-04-22 03:06:53,2215
2982,,,994162027         2V,994162027,15,0.2,121.924877,24.428827,299.2,0,2024-04-22 03:13:35,2207
3008,,,994162027         2V,994162027,15,0.9,121.925083,24.428105,121.1,0,2024-04-22 03:18:41,2239
2985,,,994162027         2V,994162027,15,0.5,121.925163,24.427643,88.7,0,2024-04-22 03:22:47,2191
3119,,,994162027         2V,994162027,15,0.8,121.925197,24.427248,292.2,0,2024-04-22 03:26:53,2298
3034,,,994162027         2V,994162027,15,1.2,121.925252,24.426842,109.9,0,2024-04-22 03:30:59,2224
3056,,,994162027         2V,994162027,15,0.6,121.925245,24.426522,299.2,0,2024-04-22 03:34:02,2262
2885,,,994162027         2V,994162027,15,0.8,121.925238,24.426013,187.3,0,2024-04-22 03:38:07,2120
3097,,,994162027         2V,994162027,15,0.3,121.92531,24.42516,299.2,0,2024-04-22 03:43:12,2281
3072,,,994162027         2V,994162027,15,0.5,121.925377,24.424602,141.1,0,2024-04-22 03:46:15,2272
2966,,,994162027         2V,994162027,15,0.9,121.92558,24.423567,264.1,0,2024-04-22 03:51:21,2191
2969,,,994162027         2V,994162027,15,0.7,121.925622,24.423088,148.7,0,2024-04-22 03:54:24,2174
2946,,,994162027         2V,994162027,15,0.8,121.925787,24.42222,104.7,0,2024-04-22 03:58:29,2153
2782,,,994162027         2V,994162027,15,0.3,121.92585,24.421887,299.2,0,2024-04-22 04:00:31,2044
