fid,IMO_Number,Call_Sign,ShipName,MMSI,Navigational_Status,SOG,Longitude,Latitude,COG,Ship_and_Cargo_Type,Record_Time,group
173,,,87991            8V3,41980778,15,1.3,120.458127,26.22419,211.2,0,2024-04-25 02:46:57,110
291,,,87991            8V3,41980778,15,1.3,120.458127,26.22419,211.2,0,2024-04-25 02:46:57,188
169,,,87991            8V3,41980778,15,1.3,120.458127,26.22419,211.2,0,2024-04-25 02:46:57,109
47,,,87991            8V3,41980778,15,3.4,120.434885,26.224027,13.9,0,2024-04-27 12:51:06,34
108,,,87991            8V3,41980778,15,0.6,120.434378,26.223882,310.9,0,2024-04-27 12:53:57,70
49,,,87991            8V3,41980778,15,1.5,120.433717,26.223912,231.0,0,2024-04-27 12:57:10,29
277,,,87991            8V3,41980778,15,1.2,120.432807,26.223902,202.8,0,2024-04-27 13:02:48,193
224,,,87991            8V3,41980778,15,0.8,120.432302,26.223722,251.8,0,2024-04-27 13:05:38,154
111,,,87991            8V3,41980778,15,0.8,120.432302,26.223722,251.8,0,2024-04-27 13:05:38,78
172,,,87991            8V3,41980778,15,0.8,120.432302,26.223722,251.8,0,2024-04-27 13:05:38,118
111,,,87991            8V3,41980778,15,8.2,120.437978,26.22073,175.0,0,2024-04-27 13:16:41,62
52,,,87991            8V3,41980778,15,9.8,120.438085,26.207992,183.2,0,2024-04-27 13:22:07,31
112,,,87991            8V3,41980778,15,8.1,120.437788,26.201658,177.7,0,2024-04-27 13:24:48,79
48,,,87991            8V3,41980778,15,8.1,120.437788,26.201658,177.7,0,2024-04-27 13:24:48,29
405,,,87991            8V3,41980778,15,1.2,120.438467,26.19228,109.1,0,2024-04-27 13:36:04,266
102,,,87991            8V3,41980778,15,0.8,120.439033,26.192402,102.8,0,2024-04-27 13:38:43,65
48,,,87991            8V3,41980778,15,1.2,120.439557,26.192338,256.1,0,2024-04-27 13:44:02,28
227,,,87991            8V3,41980778,15,3.5,120.439523,26.192353,357.9,0,2024-04-27 13:46:42,163
102,,,87991            8V3,41980778,15,3.7,120.439518,26.192398,161.9,0,2024-04-27 13:49:21,69
172,,,87991            8V3,41980778,15,3.7,120.439518,26.192398,161.9,0,2024-04-27 13:49:21,110
51,,,87991            8V3,41980778,15,0.4,120.439563,26.192375,190.0,0,2024-04-27 13:59:58,28
57,,,87991            8V3,41980778,15,1.0,120.439528,26.19236,125.7,0,2024-04-27 14:02:37,36
107,,,87991            8V3,41980778,15,1.0,120.439547,26.192385,201.5,0,2024-04-27 14:07:55,77
282,,,87991            8V3,41980778,15,5.4,120.43956,26.192555,352.2,0,2024-04-27 14:13:24,186
110,,,87991            8V3,41980778,15,1.8,120.439583,26.192462,18.9,0,2024-04-27 14:16:18,62
168,,,87991            8V3,41980778,15,0.8,120.439607,26.192528,84.8,0,2024-04-27 14:19:01,118
168,,,87991            8V3,41980778,15,2.0,120.439585,26.192418,192.0,0,2024-04-27 14:24:28,119
162,,,87991            8V3,41980778,15,2.0,120.439585,26.192418,192.0,0,2024-04-27 14:24:28,111
169,,,87991            8V3,41980778,15,1.7,120.439603,26.19253,157.9,0,2024-04-27 14:32:45,114
112,,,87991            8V3,41980778,15,2.0,120.439618,26.192575,193.1,0,2024-04-27 14:35:31,76
50,,,87991            8V3,41980778,15,0.6,120.439615,26.192545,220.4,0,2024-04-27 14:38:21,30
288,,,87991            8V3,41980778,15,2.6,120.439712,26.192692,133.5,0,2024-04-27 14:43:56,184
167,,,87991            8V3,41980778,15,1.6,120.439672,26.19268,207.1,0,2024-04-27 14:46:47,115
227,,,87991            8V3,41980778,15,1.1,120.439757,26.192782,45.2,0,2024-04-27 14:52:23,156
115,,,87991            8V3,41980778,15,1.1,120.439757,26.192782,45.2,0,2024-04-27 14:52:23,84
229,,,87991            8V3,41980778,15,1.0,120.439783,26.192772,190.2,0,2024-04-27 15:00:48,151
282,,,87991            8V3,41980778,15,0.2,120.439683,26.19265,279.2,0,2024-04-27 15:03:35,185
109,,,87991            8V3,41980778,15,1.5,120.439592,26.192595,291.0,0,2024-04-27 15:09:11,74
49,,,87991            8V3,41980778,15,0.4,120.43965,26.19264,93.1,0,2024-04-27 15:12:16,32
105,,,87991            8V3,41980778,15,0.7,120.439545,26.192623,94.0,0,2024-04-27 15:15:36,71
53,,,87991            8V2,41980778,15,1.1,120.439507,26.192602,30.4,0,2024-04-27 15:20:55,30
174,,,87991            8V3,41980778,15,0.4,120.439443,26.192667,250.3,0,2024-04-27 15:26:15,110
224,,,87991            8V3,41980778,15,0.4,120.439443,26.192667,250.3,0,2024-04-27 15:26:15,141
168,,,87991            8V3,41980778,15,0.7,120.439452,26.192673,37.5,0,2024-04-27 15:34:12,119
52,,,87991            8V3,41980778,15,2.2,120.439445,26.192673,150.0,0,2024-04-27 15:36:51,38
227,,,87991            8V3,41980778,15,0.4,120.43948,26.192675,26.7,0,2024-04-27 15:42:10,150
428,,,87991            8V3,41980778,15,0.4,120.43948,26.192675,26.7,0,2024-04-27 15:42:10,280
165,,,87991            8V3,41980778,15,0.6,120.439498,26.192698,128.6,0,2024-04-27 15:50:07,110
161,,,87991            8V3,41980778,15,1.2,120.439508,26.192695,34.7,0,2024-04-27 15:55:32,112
46,,,87991            8V3,41980778,15,1.2,120.439508,26.192695,34.7,0,2024-04-27 15:55:32,24
47,,,87991            8V3,41980778,15,1.2,120.43949,26.192725,210.1,0,2024-04-27 16:03:31,24
48,,,87991            8V3,41980778,15,1.2,120.43949,26.192725,210.1,0,2024-04-27 16:03:31,26
225,,,87991            8V3,41980778,15,1.2,120.43949,26.192725,210.1,0,2024-04-27 16:03:31,161
223,,,87991            8V3,41980778,15,1.2,120.43949,26.192725,210.1,0,2024-04-27 16:03:31,154
62,,,87991            8V3,41980778,15,0.6,120.439483,26.19277,218.4,0,2024-04-27 16:19:34,46
49,,,87991            8V3,41980778,15,1.6,120.43946,26.192688,23.1,0,2024-04-27 16:22:14,27
46,,,87991            8V3,41980778,15,0.4,120.439405,26.192695,27.0,0,2024-04-27 16:24:55,23
51,,,87991            8V3,41980778,15,1.7,120.439368,26.192715,30.9,0,2024-04-27 16:27:35,41
46,,,87991            8V3,41980778,15,0.2,120.439443,26.192652,258.1,0,2024-04-27 16:32:56,24
112,,,87991            8V3,41980778,15,1.2,120.439348,26.192613,148.8,0,2024-04-27 16:38:17,72
47,,,87991            8V3,41980778,15,1.4,120.439397,26.192465,306.5,0,2024-04-27 16:43:39,36
345,,,87991            8V3,41980778,15,1.4,120.439397,26.192465,306.5,0,2024-04-27 16:43:39,228
108,,,87991            8V3,41980778,15,1.4,120.439397,26.192465,306.5,0,2024-04-27 16:43:39,79
117,,,87991            8V3,41980778,15,1.3,120.439343,26.192765,242.4,0,2024-04-27 16:54:20,89
285,,,87991            8V3,41980778,15,0.5,120.439315,26.193003,61.7,0,2024-04-27 16:59:40,186
50,,,87991            8V3,41980778,15,0.9,120.439337,26.192833,34.7,0,2024-04-27 17:02:21,36
110,,,87991            8V3,41980778,15,0.5,120.439318,26.193042,317.5,0,2024-04-27 17:07:41,77
109,,,87991            8V3,41980778,15,1.9,120.439283,26.192833,104.7,0,2024-04-27 17:10:22,72
103,,,87991            8V4,41980778,15,2.6,120.439282,26.192882,164.9,0,2024-04-27 17:15:43,65
345,,,87991            8V3,41980778,15,1.2,120.439258,26.193153,170.0,0,2024-04-27 17:18:23,237
49,,,87991            8V3,41980778,15,1.1,120.439287,26.19311,269.9,0,2024-04-27 17:21:03,33
223,,,87991            8V3,41980778,15,1.2,120.439235,26.193115,288.9,0,2024-04-27 17:26:26,147
51,,,87991            8V3,41980778,15,2.4,120.439227,26.193278,270.9,0,2024-04-27 17:31:46,37
170,,,87991            8V3,41980778,15,0.5,120.439225,26.192978,302.6,0,2024-04-27 17:37:07,113
57,,,87991            8V3,41980778,15,1.3,120.4392,26.193287,138.7,0,2024-04-27 17:39:48,38
48,,,87991            8V3,41980778,15,0.6,120.439222,26.193042,222.0,0,2024-04-27 17:45:09,27
163,,,87991            8V3,41980778,15,1.4,120.439172,26.193087,336.4,0,2024-04-27 17:47:50,121
59,,,87991            8V3,41980778,15,1.2,120.439143,26.193333,118.9,0,2024-04-27 17:53:10,45
50,,,87991            8V3,41980778,15,1.3,120.439107,26.193263,323.7,0,2024-04-27 17:55:51,37
489,,,87991            8V3,41980778,15,2.0,120.439127,26.193353,159.7,0,2024-04-27 18:01:12,341
345,,,87991            8V3,41980778,15,0.6,120.439158,26.193153,36.2,0,2024-04-27 18:04:04,236
285,,,87991            8V3,41980778,15,1.2,120.439055,26.193188,244.3,0,2024-04-27 18:06:45,187
338,,,87991            8V3,41980778,15,0.4,120.439113,26.193392,56.4,0,2024-04-27 18:09:25,235
163,,,87991            8V3,41980778,15,0.4,120.439072,26.193418,102.5,0,2024-04-27 18:14:46,114
109,,,87991            8V3,41980778,15,1.0,120.439022,26.193463,190.7,0,2024-04-27 18:20:07,82
105,,,87991            8V3,41980778,15,5.9,120.438857,26.193638,46.9,0,2024-04-27 18:22:47,76
284,,,87991            8V3,41980778,15,1.2,120.43882,26.193462,4.8,0,2024-04-27 18:28:35,198
55,,,87991            8V3,41980778,15,0.7,120.438768,26.193547,174.0,0,2024-04-27 18:31:16,43
612,,,87991            8V3,41980778,15,2.0,120.43857,26.193682,337.7,0,2024-04-27 18:36:39,448
114,,,87991            8V3,41980778,15,1.1,120.438438,26.193633,207.4,0,2024-04-27 18:42:03,93
164,,,87991            8V3,41980778,15,2.7,120.438552,26.19356,30.9,0,2024-04-27 18:44:45,113
223,,,87991            8V3,41980778,15,1.3,120.43824,26.193848,313.6,0,2024-04-27 18:50:15,156
169,,,87991            8V3,41980778,15,1.1,120.438175,26.193718,27.4,0,2024-04-27 18:52:57,111
41,,,87991            8V3,41980778,15,0.7,120.438217,26.193735,336.6,0,2024-04-27 18:58:18,30
55,,,87991            8V3,41980778,15,0.9,120.438043,26.193675,220.7,0,2024-04-27 19:01:10,37
225,,,87991            8V3,41980778,15,0.5,120.437942,26.193578,184.0,0,2024-04-27 19:06:33,156
104,,,87991            8V3,41980778,15,1.3,120.437997,26.193457,222.3,0,2024-04-27 19:09:13,65
105,,,87991            8V3,41980778,15,2.0,120.437955,26.193423,6.2,0,2024-04-27 19:11:54,73
49,,,87991            8V3,41980778,15,0.0,120.437712,26.193518,145.6,0,2024-04-27 19:17:30,37
51,,,87991            8V3,41980778,15,0.9,120.437542,26.193447,336.8,0,2024-04-27 19:22:55,36
56,,,87991            8V3,41980778,15,2.2,120.437572,26.193293,90.2,0,2024-04-27 19:25:38,43
221,,,87991            8V3,41980778,15,1.0,120.437455,26.19309,328.7,0,2024-04-27 19:30:59,150
165,,,87991            8V3,41980778,15,1.0,120.437455,26.19309,328.7,0,2024-04-27 19:30:59,109
111,,,87991            8V3,41980778,15,0.4,120.437375,26.192967,170.4,0,2024-04-27 19:39:06,80
107,,,87991            8V3,41980778,15,0.6,120.437385,26.192913,185.6,0,2024-04-27 19:41:49,83
160,,,87991            8V3,41980778,15,1.1,120.437613,26.192373,28.9,0,2024-04-27 19:47:18,108
158,,,87991            8V3,41980778,15,0.9,120.437612,26.192232,329.4,0,2024-04-27 19:50:04,113
159,,,87991            8V3,41980778,15,3.7,120.437607,26.192182,324.7,0,2024-04-27 19:53:00,114
159,,,87991            8V2,41980778,15,0.5,120.437653,26.191943,60.4,0,2024-04-27 19:58:40,122
100,,,87991            8V2,41980778,15,0.5,120.437653,26.191943,60.4,0,2024-04-27 19:58:40,69
97,,,87991            8V3,41980778,15,1.4,120.437202,26.192575,34.4,0,2024-04-27 20:07:03,71
112,,,87991            8V2,41980778,15,1.7,120.437143,26.192923,336.6,0,2024-04-27 20:09:53,77
107,,,87991            8V3,41980778,15,1.2,120.437263,26.192357,166.7,0,2024-04-27 20:15:15,82
168,,,87991            8V3,41980778,15,1.5,120.437277,26.192173,323.2,0,2024-04-27 20:17:58,117
228,,,87991            8V3,41980778,15,0.4,120.437267,26.192308,160.2,0,2024-04-27 20:23:20,161
178,,,87991            8V3,41980778,15,0.4,120.437262,26.192417,294.9,0,2024-04-27 20:26:00,124
228,,,87991            8V3,41980778,15,4.4,120.437217,26.192442,356.9,0,2024-04-27 20:31:21,154
47,,,87991            8V3,41980778,15,1.4,120.437203,26.192442,223.0,0,2024-04-27 20:34:11,36
46,,,87991            8V3,41980778,15,2.0,120.437163,26.192617,288.9,0,2024-04-27 20:39:33,27
103,,,87991            8V3,41980778,15,1.9,120.437127,26.192803,9.1,0,2024-04-27 20:42:16,73
162,,,87991            8V3,41980778,15,1.2,120.43716,26.192423,50.6,0,2024-04-27 20:47:40,114
55,,,87991            8V3,41980778,15,2.8,120.437125,26.192537,352.4,0,2024-04-27 20:50:22,40
107,,,87991            8V3,41980778,15,1.4,120.437108,26.192538,356.4,0,2024-04-27 20:53:03,76
225,,,87991            8V3,41980778,15,1.4,120.437062,26.192532,26.9,0,2024-04-27 21:01:10,152
48,,,87991            8V3,41980778,15,1.9,120.437042,26.192575,7.9,0,2024-04-27 21:03:52,40
46,,,87991            8V3,41980778,15,0.9,120.436993,26.192527,301.4,0,2024-04-27 21:09:16,27
45,,,87991            8V3,41980778,15,2.1,120.436993,26.192543,337.4,0,2024-04-27 21:11:57,26
49,,,87991            8V3,41980778,15,1.9,120.43699,26.1925,183.2,0,2024-04-27 21:17:23,35
45,,,87991            8V3,41980778,15,1.9,120.43699,26.1925,183.2,0,2024-04-27 21:17:23,34
106,,,87991            8V3,41980778,15,0.4,120.437003,26.192525,41.2,0,2024-04-27 21:22:46,78
163,,,87991            8V3,41980778,15,0.2,120.437017,26.192513,274.6,0,2024-04-27 21:28:07,109
45,,,87991            8V3,41980778,15,0.1,120.43704,26.192568,265.7,0,2024-04-27 21:30:48,33
281,,,87991            8V2,41980778,15,1.0,120.436968,26.192515,295.2,0,2024-04-27 21:36:12,195
52,,,87991            8V3,41980778,15,1.3,120.436953,26.192493,172.7,0,2024-04-27 21:38:53,40
495,,,87991            8V3,41980778,15,2.1,120.436958,26.192432,337.0,0,2024-04-27 21:44:15,344
51,,,87991            8V3,41980778,15,2.1,120.436958,26.192432,337.0,0,2024-04-27 21:44:15,38
223,,,87991            8V3,41980778,15,0.8,120.43695,26.192437,293.3,0,2024-04-27 21:52:24,144
270,,,87991            8V3,41980778,15,0.3,120.436925,26.192373,41.6,0,2024-04-27 21:55:05,178
164,,,87991            8V3,41980778,15,0.3,120.436925,26.192373,41.6,0,2024-04-27 21:55:05,105
117,,,87991            8V3,41980778,15,0.6,120.436918,26.19234,249.1,0,2024-04-27 22:05:53,82
104,,,87991            8V3,41980778,15,0.6,120.436918,26.19234,249.1,0,2024-04-27 22:05:53,67
51,,,87991            8V3,41980778,15,0.4,120.436927,26.192335,237.8,0,2024-04-27 22:13:59,32
226,,,87991            8V3,41980778,15,0.5,120.436918,26.192333,288.6,0,2024-04-27 22:16:40,149
226,,,87991            8V2,41980778,15,0.5,120.436928,26.19233,282.7,0,2024-04-27 22:19:22,152
163,,,87991            8V2,41980778,15,0.5,120.436928,26.19233,282.7,0,2024-04-27 22:19:22,110
101,,,87991            8V3,41980778,15,1.4,120.436933,26.192262,325.2,0,2024-04-27 22:30:10,68
61,,,87991            8V3,41980778,15,17.0,120.437082,26.192232,95.9,0,2024-04-27 22:32:52,45
166,,,87991            8V3,41980778,15,1.7,120.43697,26.192225,299.7,0,2024-04-27 22:38:18,114
115,,,87991            8V3,41980778,15,0.4,120.436992,26.192185,111.7,0,2024-04-27 22:40:59,82
57,,,87991            8V3,41980778,15,0.4,120.436917,26.192172,83.8,0,2024-04-27 22:46:22,40
108,,,87991            8V3,41980778,15,0.9,120.436887,26.192142,238.9,0,2024-04-27 22:49:05,74
167,,,87991            8V3,41980778,15,1.7,120.437055,26.19211,252.3,0,2024-04-27 22:54:28,116
111,,,87991            8V3,41980778,15,1.1,120.437202,26.192057,17.7,0,2024-04-27 22:57:09,79
56,,,87991            8V2,41980778,15,0.1,120.437268,26.191995,107.1,0,2024-04-27 23:02:42,42
343,,,87991            8V3,41980778,15,1.1,120.437188,26.192003,274.5,0,2024-04-27 23:05:23,243
172,,,87991            8V3,41980778,15,0.1,120.437258,26.191995,288.3,0,2024-04-27 23:10:49,134
228,,,87991            8V3,41980778,15,0.4,120.43727,26.191975,207.9,0,2024-04-27 23:13:33,159
231,,,87991            8V3,41980778,15,1.0,120.437227,26.191922,274.9,0,2024-04-27 23:19:01,165
289,,,87991            8V3,41980778,15,1.9,120.437305,26.19193,194.8,0,2024-04-27 23:21:45,204
287,,,87991            8V3,41980778,15,1.3,120.43734,26.191895,113.4,0,2024-04-27 23:27:20,206
287,,,87991            8V3,41980778,15,0.6,120.437307,26.191898,329.7,0,2024-04-27 23:30:06,211
230,,,87991            8V3,41980778,15,1.1,120.437338,26.191872,7.3,0,2024-04-27 23:32:53,167
348,,,87991            8V3,41980778,15,1.9,120.437413,26.191817,22.3,0,2024-04-27 23:38:27,237
57,,,87991            8V2,41980778,15,0.9,120.437442,26.19181,84.3,0,2024-04-27 23:44:06,41
119,,,87991            8V3,41980778,15,0.4,120.437455,26.19181,30.0,0,2024-04-27 23:46:58,87
404,,,87991            8V3,41980778,15,0.6,120.437452,26.191772,185.1,0,2024-04-27 23:49:51,278
117,,,87991            8V3,41980778,15,0.5,120.437462,26.191715,8.4,0,2024-04-27 23:55:41,85
407,,,87991            8V3,41980778,15,0.4,120.437203,26.191565,196.8,0,2024-04-27 23:58:46,282
399,,,87991            8V3,41980778,15,1.4,120.437082,26.192037,240.0,0,2024-04-28 00:04:09,277
345,,,87991            8V3,41980778,15,1.4,120.437082,26.192037,240.0,0,2024-04-28 00:04:09,248
407,,,87991            8V3,41980778,15,1.8,120.437063,26.192053,328.3,0,2024-04-28 00:12:13,272
497,,,87991            8V3,41980778,15,0.5,120.43704,26.192073,183.3,0,2024-04-28 00:14:55,363
172,,,87991            8V3,41980778,15,4.8,120.437058,26.192,179.3,0,2024-04-28 00:17:36,124
342,,,87991            8V3,41980778,15,1.0,120.437075,26.192048,344.4,0,2024-04-28 00:23:00,239
226,,,87991            8V3,41980778,15,1.2,120.437155,26.19187,184.3,0,2024-04-28 00:28:23,153
56,,,87991            8V3,41980778,15,0.5,120.437162,26.191947,129.4,0,2024-04-28 00:31:05,43
172,,,87991            8V3,41980778,15,1.0,120.43722,26.191837,220.2,0,2024-04-28 00:36:29,116
347,,,87991            8V3,41980778,15,1.0,120.43722,26.191837,220.2,0,2024-04-28 00:36:29,240
379,,,87991            8V2,41980778,15,1.3,120.437192,26.191727,356.6,0,2024-04-28 00:44:31,256
286,,,87991            8V3,41980778,15,0.7,120.437273,26.191783,152.3,0,2024-04-28 00:47:19,199
347,,,87991            8V3,41980778,15,0.5,120.437343,26.191638,129.1,0,2024-04-28 00:52:43,243
231,,,87991            8V3,41980778,15,0.2,120.437338,26.191715,14.0,0,2024-04-28 00:55:25,162
163,,,87991            8V3,41980778,15,0.4,120.438112,26.191612,152.9,0,2024-04-28 01:00:49,105
215,,,87991            8V3,41980778,15,0.4,120.438112,26.191612,152.9,0,2024-04-28 01:00:49,154
101,,,87991            8V3,41980778,15,1.0,120.437675,26.191437,202.5,0,2024-04-28 01:09:12,70
404,,,87991            8V2,41980778,15,1.5,120.437663,26.191455,305.2,0,2024-04-28 01:11:53,282
173,,,87991            8V3,41980778,15,1.0,120.437733,26.191397,198.7,0,2024-04-28 01:17:16,123
287,,,87991            8V2,41980778,15,0.5,120.437768,26.191422,191.6,0,2024-04-28 01:19:57,200
292,,,87991            8V3,41980778,15,0.7,120.437793,26.191343,115.2,0,2024-04-28 01:25:18,202
467,,,87991            8V3,41980778,15,0.7,120.437878,26.191343,243.7,0,2024-04-28 01:27:59,328
287,,,87991            8V3,41980778,15,0.8,120.438157,26.191447,88.7,0,2024-04-28 01:33:20,201
174,,,87991            8V3,41980778,15,0.4,120.43823,26.191385,210.9,0,2024-04-28 01:38:40,120
112,,,87991            8V3,41980778,15,0.4,120.43823,26.191385,210.9,0,2024-04-28 01:38:40,82
230,,,87991            8V3,41980778,15,0.6,120.438407,26.191432,282.9,0,2024-04-28 01:44:05,165
406,,,87991            8V3,41980778,15,0.3,120.43857,26.191408,171.4,0,2024-04-28 01:49:27,287
225,,,87991            8V3,41980778,15,1.3,120.438617,26.191473,278.4,0,2024-04-28 01:52:08,158
220,,,87991            8V3,41980778,15,1.2,120.438847,26.19159,218.9,0,2024-04-28 01:57:29,155
110,,,87991            8V3,41980778,15,0.8,120.438955,26.191537,85.9,0,2024-04-28 02:00:09,78
113,,,87991            8V3,41980778,15,0.8,120.439105,26.191648,183.2,0,2024-04-28 02:05:30,73
283,,,87991            8V3,41980778,15,1.6,120.43919,26.191682,262.0,0,2024-04-28 02:08:10,192
221,,,87991            8V3,41980778,15,0.8,120.439207,26.191757,299.0,0,2024-04-28 02:13:31,146
228,,,87991            8V3,41980778,15,2.2,120.439225,26.19181,169.7,0,2024-04-28 02:16:12,149
283,,,87991            8V3,41980778,15,0.5,120.439343,26.191848,263.7,0,2024-04-28 02:21:33,207
108,,,87991            8V3,41980778,15,1.2,120.439188,26.191963,168.4,0,2024-04-28 02:26:54,70
104,,,87991            8V3,41980778,15,0.1,120.439282,26.191967,95.7,0,2024-04-28 02:29:35,69
170,,,87991            8V2,41980778,15,0.7,120.439542,26.191983,35.8,0,2024-04-28 02:35:03,111
345,,,87991            8V3,41980778,15,1.0,120.439535,26.191993,348.2,0,2024-04-28 02:37:45,229
224,,,87991            8V2,41980778,15,0.5,120.439548,26.192027,66.8,0,2024-04-28 02:43:18,159
346,,,87991            8V3,41980778,15,1.2,120.439573,26.192025,318.5,0,2024-04-28 02:46:00,240
165,,,87991            8V3,41980778,15,0.3,120.439595,26.192027,45.8,0,2024-04-28 02:48:42,115
162,,,87991            8V2,41980778,15,0.9,120.439567,26.192045,74.3,0,2024-04-28 02:54:06,112
169,,,87991            8V3,41980778,15,0.2,120.43952,26.192015,255.9,0,2024-04-28 02:56:48,115
284,,,87991            8V3,41980778,15,1.2,120.439502,26.192033,241.4,0,2024-04-28 02:59:30,192
55,,,87991            8V2,41980778,15,0.1,120.439513,26.19212,295.6,0,2024-04-28 03:04:52,42
290,,,87991            8V3,41980778,15,0.4,120.43954,26.192118,114.4,0,2024-04-28 03:07:33,193
224,,,87991            8V3,41980778,15,0.8,120.439543,26.192177,75.9,0,2024-04-28 03:15:39,152
173,,,87991            8V3,41980778,15,2.4,120.439555,26.192225,30.2,0,2024-04-28 03:18:21,122
167,,,87991            8V2,41980778,15,1.7,120.439558,26.192228,157.2,0,2024-04-28 03:23:45,119
162,,,87991            8V2,41980778,15,1.1,120.43955,26.192247,256.5,0,2024-04-28 03:26:27,119
226,,,87991            8V3,41980778,15,1.6,120.439555,26.192198,253.9,0,2024-04-28 03:31:49,155
169,,,87991            8V3,41980778,15,0.7,120.439565,26.192232,103.3,0,2024-04-28 03:34:29,118
235,,,87991            8V3,41980778,15,0.4,120.439555,26.192147,100.8,0,2024-04-28 03:39:51,164
292,,,87991            8V3,41980778,15,1.2,120.43955,26.191938,36.2,0,2024-04-28 03:42:32,200
290,,,87991            8V2,41980778,15,2.4,120.439533,26.19222,63.4,0,2024-04-28 03:45:12,199
222,,,87991            8V3,41980778,15,0.7,120.4396,26.192312,189.8,0,2024-04-28 03:50:46,142
232,,,87991            8V3,41980778,15,0.7,120.4396,26.192312,189.8,0,2024-04-28 03:50:46,153
463,,,87991            8V3,41980778,15,3.0,120.439465,26.19243,169.0,0,2024-04-28 03:58:49,313
407,,,87991            8V3,41980778,15,1.2,120.439465,26.192423,15.7,0,2024-04-28 04:04:11,279
59,,,87991            8V3,41980778,15,1.6,120.43959,26.192358,310.1,0,2024-04-28 04:06:53,41
347,,,87991            8V3,41980778,15,1.0,120.439535,26.192385,67.1,0,2024-04-28 04:09:36,231
409,,,87991            8V3,41980778,15,0.2,120.439525,26.192373,238.6,0,2024-04-28 04:15:01,273
290,,,87991            8V3,41980778,15,0.6,120.43943,26.192538,8.2,0,2024-04-28 04:20:25,198
353,,,87991            8V3,41980778,15,0.0,120.439463,26.192518,88.1,0,2024-04-28 04:23:06,235
106,,,87991            8V3,41980778,15,0.7,120.439472,26.192397,188.4,0,2024-04-28 04:28:30,66
293,,,87991            8V3,41980778,15,0.7,120.439472,26.192397,188.4,0,2024-04-28 04:28:30,205
433,,,87991            8V3,41980778,15,1.2,120.439505,26.192378,96.1,0,2024-04-28 04:36:37,297
233,,,87991            8V3,41980778,15,1.2,120.439505,26.192378,96.1,0,2024-04-28 04:36:37,167
60,,,87991            8V2,41980778,15,1.8,120.43946,26.19263,130.4,0,2024-04-28 04:42:00,41
110,,,87991            8V2,41980778,15,1.2,120.439548,26.192357,60.1,0,2024-04-28 04:47:23,69
174,,,87991            8V2,41980778,15,1.1,120.439547,26.192375,152.5,0,2024-04-28 04:52:47,116
242,,,87991            8V2,41980778,15,1.1,120.439547,26.192375,152.5,0,2024-04-28 04:52:47,162
232,,,87991            8V3,41980778,15,0.8,120.43956,26.192472,117.5,0,2024-04-28 05:00:56,156
620,,,87991            8V2,41980778,15,0.4,120.439535,26.192517,134.5,0,2024-04-28 05:06:20,454
292,,,87991            8V2,41980778,15,0.7,120.439513,26.192517,315.1,0,2024-04-28 05:09:02,206
739,,,87991            8V3,41980778,15,0.3,120.439523,26.19257,145.8,0,2024-04-28 05:11:44,557
237,,,87991            8V2,41980778,15,1.1,120.439487,26.192662,351.1,0,2024-04-28 05:17:10,163
234,,,87991            8V2,41980778,15,0.6,120.43948,26.192712,143.5,0,2024-04-28 05:22:34,157
172,,,87991            8V2,41980778,15,0.5,120.439485,26.192722,13.1,0,2024-04-28 05:25:17,120
348,,,87991            8V3,41980778,15,1.0,120.439433,26.192818,107.4,0,2024-04-28 05:30:42,238
111,,,87991            8V3,41980778,15,1.1,120.439467,26.192842,52.8,0,2024-04-28 05:33:25,75
349,,,87991            8V2,41980778,15,0.8,120.439465,26.192853,16.6,0,2024-04-28 05:36:08,237
615,,,87991            8V3,41980778,15,4.7,120.439392,26.192935,185.2,0,2024-04-28 05:41:49,438
292,,,87991            8V2,41980778,15,3.0,120.439338,26.192857,192.6,0,2024-04-28 05:44:38,204
118,,,87991            8V2,41980778,15,11.1,120.4394,26.193325,186.2,0,2024-04-28 05:50:17,94
411,,,87991            8V3,41980778,15,0.2,120.439295,26.192977,19.4,0,2024-04-28 05:53:28,281
351,,,87991            8V3,41980778,15,0.6,120.439273,26.19296,105.6,0,2024-04-28 05:58:51,241
232,,,87991            8V2,41980778,15,0.4,120.439252,26.193002,79.3,0,2024-04-28 06:01:34,163
406,,,87991            8V3,41980778,15,0.8,120.439233,26.19302,278.9,0,2024-04-28 06:04:15,271
469,,,87991            8V3,41980778,15,1.0,120.439223,26.193052,31.1,0,2024-04-28 06:09:42,310
119,,,87991            8V2,41980778,15,0.8,120.439193,26.192972,313.9,0,2024-04-28 06:15:05,93
119,,,87991            8V2,41980778,15,0.3,120.43913,26.193065,154.7,0,2024-04-28 06:17:46,90
293,,,87991            8V3,41980778,15,1.1,120.439113,26.193117,335.3,0,2024-04-28 06:20:27,200
501,,,87991            8V2,41980778,15,0.4,120.439103,26.193115,359.1,0,2024-04-28 06:25:52,340
409,,,87991            8V3,41980778,15,0.9,120.439085,26.193085,98.1,0,2024-04-28 06:28:33,274
347,,,87991            8V2,41980778,15,0.6,120.439003,26.19319,52.8,0,2024-04-28 06:33:55,238
1055,,,87991            8V3,41980778,15,0.6,120.438972,26.193252,15.4,0,2024-04-28 06:39:22,812
353,,,87991            8V3,41980778,15,1.2,120.438963,26.193213,43.5,0,2024-04-28 06:42:03,237
293,,,87991            8V2,41980778,15,0.3,120.43892,26.19327,194.4,0,2024-04-28 06:47:34,191
413,,,87991            8V3,41980778,15,0.6,120.438903,26.193288,342.9,0,2024-04-28 06:50:16,281
182,,,87991            8V2,41980778,15,0.2,120.438843,26.193305,82.8,0,2024-04-28 06:55:40,131
866,,,87991            8V2,41980778,15,0.6,120.438857,26.193298,57.2,0,2024-04-28 06:58:22,653
474,,,87991            8V2,41980778,15,1.0,120.43882,26.19328,0.0,0,2024-04-28 07:01:04,321
408,,,87991            8V3,41980778,15,1.4,120.438765,26.19334,352.7,0,2024-04-28 07:06:28,268
295,,,87991            8V3,41980778,15,0.2,120.438748,26.193358,23.8,0,2024-04-28 07:09:10,206
348,,,87991            8V3,41980778,15,0.2,120.438748,26.193358,23.8,0,2024-04-28 07:09:10,229
117,,,87991            8V3,41980778,15,1.4,120.438655,26.193382,18.8,0,2024-04-28 07:19:58,87
294,,,87991            8V3,41980778,15,1.8,120.438598,26.193458,16.5,0,2024-04-28 07:25:22,200
295,,,87991            8V2,41980778,15,0.8,120.438517,26.193402,45.4,0,2024-04-28 07:28:04,193
436,,,87991            8V3,41980778,15,0.2,120.438542,26.193472,69.4,0,2024-04-28 07:30:46,299
289,,,87991            8V2,41980778,15,1.0,120.438277,26.193393,29.1,0,2024-04-28 07:36:11,196
295,,,87991            8V2,41980778,15,1.0,120.438277,26.193393,29.1,0,2024-04-28 07:36:11,197
121,,,87991            8V2,41980778,15,1.6,120.438005,26.193353,204.1,0,2024-04-28 07:44:25,90
357,,,87991            8V2,41980778,15,3.2,120.438062,26.193442,221.1,0,2024-04-28 07:47:18,242
354,,,87991            8V2,41980778,15,4.3,120.437943,26.193353,215.2,0,2024-04-28 07:50:08,240
476,,,87991            8V2,41980778,15,0.8,120.437638,26.193283,300.3,0,2024-04-28 07:55:41,322
617,,,87991            8V3,41980778,15,1.6,120.437505,26.193187,249.1,0,2024-04-28 08:01:05,447
455,,,87991            8V2,41980778,15,0.5,120.437302,26.19308,64.2,0,2024-04-28 08:03:47,308
352,,,87991            8V2,41980778,15,0.8,120.437222,26.193013,142.4,0,2024-04-28 08:09:14,232
298,,,87991            8V2,41980778,15,1.5,120.437007,26.192517,241.5,0,2024-04-28 08:12:01,190
294,,,87991            8V2,41980778,15,0.5,120.437092,26.192903,16.5,0,2024-04-28 08:17:35,189
412,,,87991            8V2,41980778,15,0.7,120.43709,26.19287,31.2,0,2024-04-28 08:20:22,272
244,,,87991            8V3,41980778,15,0.3,120.437062,26.192888,146.3,0,2024-04-28 08:25:54,170
353,,,87991            8V2,41980778,15,0.5,120.437098,26.192455,228.1,0,2024-04-28 08:28:44,245
468,,,87991            8V2,41980778,15,1.1,120.437203,26.192455,344.0,0,2024-04-28 08:34:22,301
562,,,87991            8V3,41980778,15,0.6,120.437287,26.192498,317.3,0,2024-04-28 08:37:11,391
182,,,87991            8V2,41980778,15,2.1,120.437405,26.192395,265.5,0,2024-04-28 08:39:59,127
411,,,87991            8V2,41980778,15,1.1,120.436898,26.19226,288.9,0,2024-04-28 08:45:34,262
472,,,87991            8V2,41980778,15,0.3,120.436877,26.192142,317.5,0,2024-04-28 08:51:11,309
348,,,87991            8V2,41980778,15,1.6,120.436873,26.192138,256.6,0,2024-04-28 08:53:59,225
471,,,87991            8V2,41980778,15,0.7,120.436865,26.192072,265.5,0,2024-04-28 08:56:47,301
349,,,87991            8V2,41980778,15,0.8,120.435132,26.191755,301.2,0,2024-04-28 08:59:30,223
471,,,87991            8V2,41980778,15,0.8,120.435132,26.191755,301.2,0,2024-04-28 08:59:30,303
673,,,87991            8V2,41980778,15,0.7,120.435502,26.191672,345.2,0,2024-04-28 09:10:45,464
1113,,,87991            8V2,41980778,15,0.7,120.435452,26.191607,188.0,0,2024-04-28 09:13:32,848
552,,,87991            8V3,41980778,15,0.6,120.435543,26.191547,43.9,0,2024-04-28 09:19:04,393
352,,,87991            8V3,41980778,15,0.6,120.435543,26.191547,43.9,0,2024-04-28 09:19:04,227
410,,,87991            8V2,41980778,15,0.6,120.435657,26.191457,302.6,0,2024-04-28 09:24:42,274
290,,,87991            8V2,41980778,15,1.1,120.435733,26.191433,227.7,0,2024-04-28 09:30:16,196
231,,,87991            8V2,41980778,15,3.3,120.436443,26.193487,168.1,0,2024-04-28 09:35:51,157
497,,,87991            8V2,41980778,15,1.0,120.436092,26.191437,82.9,0,2024-04-28 09:39:11,341
288,,,87991            8V2,41980778,15,0.1,120.436633,26.191802,194.2,0,2024-04-28 09:42:10,193
802,,,87991            8V2,41980778,15,0.6,120.436317,26.191315,209.2,0,2024-04-28 09:47:43,600
347,,,87991            8V3,41980778,15,1.1,120.436613,26.191692,205.0,0,2024-04-28 09:50:27,228
746,,,87991            8V3,41980778,15,0.9,120.436312,26.191453,217.5,0,2024-04-28 09:55:49,549
497,,,87991            8V2,41980778,15,2.2,120.436332,26.191505,206.6,0,2024-04-28 09:58:28,342
556,,,87991            8V3,41980778,15,1.8,120.436632,26.19185,220.9,0,2024-04-28 10:03:50,385
357,,,87991            8V2,41980778,15,0.8,120.436572,26.191857,69.4,0,2024-04-28 10:06:37,228
353,,,87991            8V3,41980778,15,1.3,120.436533,26.191763,246.0,0,2024-04-28 10:11:58,224
348,,,87991            8V3,41980778,15,1.3,120.436533,26.191763,246.0,0,2024-04-28 10:11:58,222
409,,,87991            8V2,41980778,15,0.7,120.436542,26.191803,223.1,0,2024-04-28 10:20:05,254
414,,,87991            8V2,41980778,15,1.3,120.43626,26.19147,299.0,0,2024-04-28 10:22:46,257
294,,,87991            8V2,41980778,15,0.7,120.4366,26.19185,74.6,0,2024-04-28 10:28:20,185
417,,,87991            8V2,41980778,15,0.7,120.4366,26.19185,74.6,0,2024-04-28 10:28:20,266
242,,,87991            8V2,41980778,15,0.7,120.4366,26.19185,74.6,0,2024-04-28 10:28:20,173
355,,,87991            8V2,41980778,15,0.5,120.436347,26.191553,164.7,0,2024-04-28 10:39:18,228
234,,,87991            8V2,41980778,15,0.8,120.43647,26.191563,156.0,0,2024-04-28 10:44:42,153
122,,,87991            8V3,41980778,15,1.0,120.436467,26.191638,64.6,0,2024-04-28 10:47:24,81
612,,,87991            8V3,41980778,15,1.3,120.43651,26.191627,237.7,0,2024-04-28 10:52:56,401
358,,,87991            8V2,41980778,15,0.5,120.436437,26.191608,78.0,0,2024-04-28 10:55:44,233
350,,,87991            8V2,41980778,15,0.5,120.436437,26.191608,78.0,0,2024-04-28 10:55:44,222
414,,,87991            8V3,41980778,15,1.4,120.436677,26.191898,67.7,0,2024-04-28 11:04:12,269
295,,,87991            8V3,41980778,15,1.8,120.436753,26.191887,219.4,0,2024-04-28 11:07:00,189
234,,,87991            8V2,41980778,15,1.1,120.436818,26.191987,179.9,0,2024-04-28 11:12:36,151
286,,,87991            8V2,41980778,15,0.3,120.436847,26.192023,229.1,0,2024-04-28 11:18:12,195
489,,,87991            8V2,41980778,15,0.8,120.436877,26.191968,69.4,0,2024-04-28 11:20:58,322
296,,,87991            8V2,41980778,15,0.6,120.436878,26.19206,41.6,0,2024-04-28 11:26:36,194
498,,,87991            8V2,41980778,15,0.9,120.436885,26.19208,140.6,0,2024-04-28 11:29:24,325
552,,,87991            8V2,41980778,15,1.6,120.436908,26.192038,77.7,0,2024-04-28 11:32:12,377
738,,,87991            8V3,41980778,15,0.5,120.4369,26.192073,255.3,0,2024-04-28 11:37:42,525
411,,,87991            8V2,41980778,15,1.1,120.437052,26.192338,339.4,0,2024-04-28 11:40:25,262
295,,,87991            8V2,41980778,15,1.1,120.436952,26.192135,23.9,0,2024-04-28 11:45:55,183
178,,,87991            8V2,41980778,15,1.5,120.437042,26.19229,119.3,0,2024-04-28 11:48:45,115
231,,,87991            8V2,41980778,15,0.5,120.43708,26.192153,345.3,0,2024-04-28 11:51:36,140
232,,,87991            8V2,41980778,15,0.5,120.43708,26.192153,345.3,0,2024-04-28 11:51:36,152
409,,,87991            8V2,41980778,15,1.8,120.437223,26.192112,160.4,0,2024-04-28 12:02:47,259
293,,,87991            8V2,41980778,15,0.2,120.437243,26.192042,153.0,0,2024-04-28 12:05:33,170
673,,,87991            8V2,41980778,15,1.3,120.43723,26.191985,36.3,0,2024-04-28 12:10:59,454
930,,,87991            8V2,41980778,15,0.8,120.437235,26.191988,338.0,0,2024-04-28 12:13:41,695
675,,,87991            8V3,41980778,15,0.5,120.437278,26.191923,125.6,0,2024-04-28 12:19:06,469
342,,,87991            8V2,41980778,15,0.8,120.43734,26.191887,42.8,0,2024-04-28 12:27:11,211
59,,,87991            8V2,41980778,15,1.0,120.437315,26.19187,54.5,0,2024-04-28 12:29:55,44
509,,,87991            8V3,41980778,15,0.2,120.437515,26.191793,315.4,0,2024-04-28 12:32:37,330
229,,,87991            8V2,41980778,15,0.8,120.43792,26.19181,199.7,0,2024-04-28 12:38:07,141
414,,,87991            8V2,41980778,15,0.8,120.438078,26.191717,96.4,0,2024-04-28 12:43:31,266
996,,,87991            8V2,41980778,15,0.5,120.438188,26.191742,9.4,0,2024-04-28 12:46:12,746
177,,,87991            8V3,41980778,15,0.4,120.438357,26.191698,87.0,0,2024-04-28 12:51:33,115
182,,,87991            8V2,41980778,15,1.0,120.438302,26.191768,135.2,0,2024-04-28 12:54:13,121
549,,,87991            8V3,41980778,15,0.8,120.438515,26.191765,114.7,0,2024-04-28 12:59:35,357
119,,,87991            8V2,41980778,15,1.7,120.438775,26.191672,3.6,0,2024-04-28 13:02:15,86
291,,,87991            8V2,41980778,15,0.8,120.439022,26.191687,0.5,0,2024-04-28 13:07:35,174
235,,,87991            8V2,41980778,15,1.7,120.439098,26.191732,40.1,0,2024-04-28 13:10:16,156
168,,,87991            8V2,41980778,15,1.7,120.439235,26.191935,151.0,0,2024-04-28 13:15:37,114
617,,,87991            8V3,41980778,15,0.8,120.439278,26.192012,64.1,0,2024-04-28 13:18:17,420
117,,,87991            8V2,41980778,15,0.1,120.439328,26.192038,44.1,0,2024-04-28 13:23:40,83
293,,,87991            8V2,41980778,15,1.1,120.439465,26.192172,327.2,0,2024-04-28 13:26:20,186
353,,,87991            8V2,41980778,15,0.0,120.439403,26.192282,181.8,0,2024-04-28 13:31:40,220
350,,,87991            8V2,41980778,15,1.2,120.43942,26.192252,304.8,0,2024-04-28 13:37:06,224
231,,,87991            8V2,41980778,15,0.8,120.43943,26.192273,328.5,0,2024-04-28 13:39:48,146
291,,,87991            8V2,41980778,15,1.6,120.439437,26.192283,44.4,0,2024-04-28 13:45:11,186
292,,,87991            8V2,41980778,15,1.6,120.439457,26.192302,262.4,0,2024-04-28 13:47:52,184
289,,,87991            8V2,41980778,15,0.3,120.439462,26.192333,260.3,0,2024-04-28 13:53:17,183
493,,,87991            8V2,41980778,15,2.1,120.439453,26.192355,107.8,0,2024-04-28 13:55:59,311
59,,,87991            8V2,41980778,15,1.9,120.439612,26.192392,69.6,0,2024-04-28 13:58:41,49
285,,,87991            8V2,41980778,15,1.2,120.439707,26.192557,205.7,0,2024-04-28 14:01:23,184
181,,,87991            8V2,41980778,15,1.1,120.43971,26.192638,111.2,0,2024-04-28 14:06:47,119
403,,,87991            8V2,41980778,15,0.5,120.439725,26.19267,222.2,0,2024-04-28 14:12:10,260
740,,,87991            8V2,41980778,15,1.0,120.439672,26.192687,357.9,0,2024-04-28 14:14:52,520
798,,,87991            8V2,41980778,15,1.2,120.43961,26.192708,194.2,0,2024-04-28 14:20:17,572
113,,,87991            8V2,41980778,15,1.2,120.43961,26.192708,194.2,0,2024-04-28 14:20:17,72
58,,,87991            8V2,41980778,15,1.5,120.439705,26.192688,274.1,0,2024-04-28 14:28:24,44
172,,,87991            8V2,41980778,15,1.4,120.439642,26.192515,356.9,0,2024-04-28 14:31:05,118
468,,,87991            8V2,41980778,15,1.4,120.439642,26.192515,356.9,0,2024-04-28 14:31:05,296
343,,,87991            8V2,41980778,15,0.3,120.439632,26.192518,345.8,0,2024-04-28 14:41:53,222
347,,,87991            8V2,41980778,15,0.2,120.439777,26.192668,314.3,0,2024-04-28 14:44:41,215
742,,,87991            8V2,41980778,15,1.3,120.439647,26.19254,311.7,0,2024-04-28 14:47:23,546
172,,,87991            8V2,41980778,15,1.6,120.439675,26.192558,168.1,0,2024-04-28 14:52:48,114
169,,,87991            8V2,41980778,15,0.7,120.439693,26.1925,278.3,0,2024-04-28 14:58:14,108
459,,,87991            8V2,41980778,15,0.4,120.439612,26.192498,10.3,0,2024-04-28 15:00:55,294
291,,,87991            8V3,41980778,15,1.7,120.439603,26.192297,78.7,0,2024-04-28 15:06:28,186
50,,,87991            8V2,41980778,15,0.2,120.439605,26.19229,64.4,0,2024-04-28 15:09:19,27
173,,,87991            8V2,41980778,15,0.5,120.439647,26.192463,258.8,0,2024-04-28 15:12:00,112
173,,,87991            8V2,41980778,15,1.2,120.439662,26.19248,296.1,0,2024-04-28 15:17:22,113
117,,,87991            8V3,41980778,15,1.4,120.439667,26.192302,286.6,0,2024-04-28 15:22:46,81
177,,,87991            8V3,41980778,15,1.2,120.439705,26.19229,131.6,0,2024-04-28 15:25:34,135
172,,,87991            8V2,41980778,15,1.3,120.439725,26.192405,110.3,0,2024-04-28 15:31:06,111
343,,,87991            8V2,41980778,15,1.0,120.439748,26.192307,10.0,0,2024-04-28 15:33:48,211
403,,,87991            8V2,41980778,15,1.8,120.439805,26.192368,104.4,0,2024-04-28 15:39:12,268
675,,,87991            8V2,41980778,15,1.5,120.439835,26.192312,267.6,0,2024-04-28 15:41:54,479
170,,,87991            8V2,41980778,15,1.0,120.439833,26.192373,257.6,0,2024-04-28 15:44:42,113
122,,,87991            8V2,41980778,15,1.7,120.439875,26.192422,118.0,0,2024-04-28 15:50:12,84
351,,,87991            8V2,41980778,15,1.7,120.439862,26.192428,145.9,0,2024-04-28 15:53:00,218
166,,,87991            8V2,41980778,15,2.2,120.439865,26.192592,335.7,0,2024-04-28 15:58:36,110
48,,,87991            8V2,41980778,15,2.2,120.439865,26.192592,335.7,0,2024-04-28 15:58:36,35
59,,,87991            8V2,41980778,15,1.0,120.439833,26.192552,8.5,0,2024-04-28 16:06:42,42
225,,,87991            8V2,41980778,15,0.8,120.43985,26.192665,2.7,0,2024-04-28 16:09:25,157
118,,,87991            8V2,41980778,15,0.2,120.439777,26.1926,318.6,0,2024-04-28 16:14:50,84
438,,,87991            8V2,41980778,15,1.1,120.439818,26.192707,294.2,0,2024-04-28 16:17:35,292
110,,,87991            8V2,41980778,15,0.5,120.439842,26.192723,153.4,0,2024-04-28 16:23:02,75
170,,,87991            8V2,41980778,15,0.5,120.439842,26.192723,153.4,0,2024-04-28 16:23:02,115
220,,,87991            8V2,41980778,15,1.1,120.439627,26.192783,349.8,0,2024-04-28 16:31:09,136
54,,,87991            8V2,41980778,15,0.5,120.439633,26.192785,219.6,0,2024-04-28 16:33:50,42
116,,,87991            8V2,41980778,15,0.3,120.439798,26.192857,207.4,0,2024-04-28 16:39:19,74
109,,,87991            8V2,41980778,15,1.3,120.43957,26.192818,34.4,0,2024-04-28 16:42:10,76
107,,,87991            8V2,41980778,15,0.5,120.439615,26.192963,55.9,0,2024-04-28 16:47:33,75
219,,,87991            8V2,41980778,15,0.5,120.4396,26.192963,314.5,0,2024-04-28 16:50:13,152
102,,,87991            8V2,41980778,15,1.6,120.439483,26.192973,98.0,0,2024-04-28 16:55:34,76
56,,,87991            8V2,41980778,15,1.6,120.439483,26.192973,98.0,0,2024-04-28 16:55:34,39
46,,,87991            8V2,41980778,15,0.6,120.439457,26.193058,314.9,0,2024-04-28 17:01:00,25
280,,,87991            8V2,41980778,15,0.6,120.439457,26.193058,314.9,0,2024-04-28 17:01:00,183
170,,,87991            8V2,41980778,15,0.6,120.439457,26.193058,314.9,0,2024-04-28 17:01:00,116
342,,,87991            8V2,41980778,15,3.2,120.439252,26.193122,3.2,0,2024-04-28 18:32:25,228
166,,,87991            8V2,41980778,15,3.2,120.439252,26.193122,3.2,0,2024-04-28 18:32:25,104
162,,,87991            8V2,41980778,15,0.7,120.439245,26.193138,299.6,0,2024-04-28 18:40:40,106
223,,,87991            8V2,41980778,15,0.5,120.43915,26.193175,192.8,0,2024-04-28 18:43:21,144
113,,,87991            8V2,41980778,15,0.7,120.43911,26.193198,260.3,0,2024-04-28 18:48:50,74
223,,,87991            8V2,41980778,15,0.0,120.43902,26.193267,253.8,0,2024-04-28 18:54:16,146
116,,,87991            8V2,41980778,15,0.2,120.439053,26.19332,137.9,0,2024-04-28 18:56:58,81
110,,,87991            8V2,41980778,15,1.4,120.439062,26.193343,271.7,0,2024-04-28 19:02:21,70
164,,,87991            8V2,41980778,15,2.3,120.439003,26.193347,83.4,0,2024-04-28 19:05:01,93
104,,,87991            8V3,41980778,15,0.6,120.438977,26.193315,208.0,0,2024-04-28 19:10:25,66
105,,,87991            8V3,41980778,15,0.6,120.438977,26.193315,208.0,0,2024-04-28 19:10:25,57
282,,,87991            8V2,41980778,15,1.2,120.438925,26.193388,74.4,0,2024-04-28 19:18:27,179
336,,,87991            8V2,41980778,15,1.2,120.438925,26.193388,74.4,0,2024-04-28 19:18:27,225
167,,,87991            8V2,41980778,15,1.5,120.43877,26.193398,87.3,0,2024-04-28 19:26:35,115
220,,,87991            8V2,41980778,15,1.1,120.438728,26.19339,91.8,0,2024-04-28 19:29:16,150
51,,,87991            8V2,41980778,15,1.1,120.438728,26.19339,91.8,0,2024-04-28 19:29:16,39
115,,,87991            8V2,41980778,15,1.3,120.43864,26.193353,356.3,0,2024-04-28 19:37:19,84
162,,,87991            8V2,41980778,15,0.9,120.438625,26.193203,28.2,0,2024-04-28 19:39:59,113
222,,,87991            8V2,41980778,15,1.4,120.43866,26.193313,134.7,0,2024-04-28 19:45:22,161
57,,,87991            8V2,41980778,15,2.6,120.438653,26.193362,195.2,0,2024-04-28 19:50:44,43
277,,,87991            8V2,41980778,15,2.6,120.438653,26.193362,195.2,0,2024-04-28 19:50:44,188
99,,,87991            8V2,41980778,15,0.4,120.438588,26.19328,182.1,0,2024-04-28 19:56:09,52
218,,,87991            8V2,41980778,15,0.6,120.438407,26.193212,54.4,0,2024-04-28 20:04:15,144
338,,,87991            8V2,41980778,15,0.6,120.438407,26.193212,54.4,0,2024-04-28 20:04:16,227
282,,,87991            8V2,41980778,15,1.8,120.438288,26.193208,357.5,0,2024-04-28 20:09:38,188
57,,,87991            8V2,41980778,15,0.7,120.438138,26.193147,339.5,0,2024-04-28 20:15:05,42
161,,,87991            8V2,41980778,15,0.5,120.438038,26.193058,286.2,0,2024-04-28 20:17:47,111
222,,,87991            8V2,41980778,15,1.3,120.437962,26.193053,303.3,0,2024-04-28 20:20:28,151
104,,,87991            8V2,41980778,15,0.4,120.437877,26.193018,238.4,0,2024-04-28 20:25:52,63
158,,,87991            8V2,41980778,15,0.7,120.437815,26.193015,61.2,0,2024-04-28 20:31:23,99
221,,,87991            8V2,41980778,15,0.7,120.437815,26.193015,61.2,0,2024-04-28 20:31:23,141
42,,,87991            8V2,41980778,15,0.8,120.437692,26.192955,270.9,0,2024-04-28 20:39:35,23
161,,,87991            8V2,41980778,15,2.7,120.437682,26.192942,212.3,0,2024-04-28 20:42:17,107
163,,,87991            8V2,41980778,15,0.2,120.437633,26.192928,198.5,0,2024-04-28 20:45:02,113
160,,,87991            8V2,41980778,15,1.2,120.437637,26.19291,255.7,0,2024-04-28 20:50:41,107
282,,,87991            8V2,41980778,15,1.2,120.437637,26.19291,255.7,0,2024-04-28 20:50:41,191
221,,,87991            8V2,41980778,15,1.0,120.437517,26.192837,232.8,0,2024-04-28 20:58:46,156
223,,,87991            8V2,41980778,15,1.0,120.437518,26.192835,285.2,0,2024-04-28 21:04:15,147
53,,,87991            8V2,41980778,15,1.0,120.437518,26.192835,285.2,0,2024-04-28 21:04:15,38
161,,,87991            8V2,41980778,15,0.9,120.437542,26.192845,177.1,0,2024-04-28 21:09:41,107
222,,,87991            8V2,41980778,15,0.9,120.437542,26.192845,177.1,0,2024-04-28 21:09:41,149
160,,,87991            8V2,41980778,15,0.9,120.437542,26.192845,177.1,0,2024-04-28 21:09:41,104
222,,,87991            8V2,41980778,15,0.6,120.43738,26.192798,89.3,0,2024-04-28 21:23:23,150
162,,,87991            8V2,41980778,15,0.3,120.437323,26.192852,334.8,0,2024-04-28 21:28:46,107
226,,,87991            8V2,41980778,15,1.8,120.437357,26.192783,26.5,0,2024-04-28 21:31:28,138
344,,,87991            8V2,41980778,15,0.7,120.437338,26.192747,159.9,0,2024-04-28 21:36:53,228
224,,,87991            8V2,41980778,15,0.7,120.437237,26.192717,188.2,0,2024-04-28 21:39:35,153
282,,,87991            8V2,41980778,15,0.5,120.437342,26.192672,242.8,0,2024-04-28 21:44:57,187
159,,,87991            8V2,41980778,15,0.8,120.437252,26.192707,238.3,0,2024-04-28 21:47:43,99
345,,,87991            8V2,41980778,15,1.2,120.437228,26.192718,26.4,0,2024-04-28 21:53:06,229
401,,,87991            8V2,41980778,15,0.9,120.437208,26.192648,141.4,0,2024-04-28 21:55:48,263
101,,,87991            8V2,41980778,15,1.1,120.437153,26.19264,273.0,0,2024-04-28 22:01:10,59
54,,,87991            8V2,41980778,15,0.4,120.437172,26.192667,236.7,0,2024-04-28 22:03:52,37
403,,,87991            8V2,41980778,15,0.4,120.437172,26.192667,236.7,0,2024-04-28 22:03:52,264
349,,,87991            8V2,41980778,15,2.0,120.436998,26.19254,47.6,0,2024-04-28 22:14:34,236
339,,,87991            8V2,41980778,15,2.1,120.43711,26.192662,262.1,0,2024-04-28 22:17:15,218
56,,,87991            8V2,41980778,15,1.4,120.436987,26.192532,354.3,0,2024-04-28 22:22:36,40
102,,,87991            8V2,41980778,15,1.4,120.436987,26.192532,354.3,0,2024-04-28 22:22:36,57
164,,,87991            8V2,41980778,15,1.4,120.436987,26.192532,354.3,0,2024-04-28 22:22:36,107
406,,,87991            8V2,41980778,15,1.4,120.436987,26.192532,354.3,0,2024-04-28 22:22:36,269
224,,,87991            8V2,41980778,15,0.6,120.436915,26.19241,154.8,0,2024-04-28 23:05:28,155
285,,,87991            8V2,41980778,15,1.9,120.436953,26.19244,160.8,0,2024-04-28 23:10:49,196
58,,,87991            8V2,41980778,15,1.9,120.436953,26.19244,160.8,0,2024-04-28 23:10:49,40
225,,,87991            8V2,41980778,15,1.7,120.436845,26.192275,229.5,0,2024-04-28 23:18:51,152
56,,,87991            8V2,41980778,15,3.4,120.436945,26.192367,71.9,0,2024-04-28 23:21:31,42
221,,,87991            8V2,41980778,15,1.3,120.436918,26.192315,73.6,0,2024-04-28 23:26:52,137
170,,,87991            8V2,41980778,15,0.4,120.436997,26.19234,74.5,0,2024-04-28 23:29:32,117
113,,,87991            8V2,41980778,15,0.2,120.436942,26.192253,311.8,0,2024-04-28 23:32:12,72
115,,,87991            8V2,41980778,15,2.0,120.436935,26.19224,26.9,0,2024-04-28 23:37:34,79
113,,,87991            8V2,41980778,15,1.7,120.437027,26.192245,11.4,0,2024-04-28 23:42:55,79
157,,,87991            8V2,41980778,15,3.1,120.43692,26.192253,305.2,0,2024-04-28 23:45:36,101
113,,,87991            8V2,41980778,15,1.5,120.436977,26.192163,104.1,0,2024-04-28 23:50:57,71
469,,,87991            8V2,41980778,15,1.6,120.436968,26.192093,148.4,0,2024-04-28 23:53:37,321
461,,,87991            8V2,41980778,15,2.2,120.4369,26.192168,346.2,0,2024-04-28 23:58:58,302
376,,,87991            8V2,41980778,15,1.7,120.436933,26.192155,177.2,0,2024-04-29 00:04:18,251
279,,,87991            8V2,41980778,15,1.2,120.436908,26.192127,197.9,0,2024-04-29 00:06:58,190
114,,,87991            8V2,41980778,15,3.0,120.43701,26.192032,175.4,0,2024-04-29 00:12:21,82
345,,,87991            8V2,41980778,15,1.3,120.437028,26.191975,292.6,0,2024-04-29 00:15:01,228
651,,,87991            8V2,41980778,15,1.8,120.436872,26.192088,9.3,0,2024-04-29 00:20:22,468
712,,,87991            8V2,41980778,15,1.8,120.436872,26.192088,9.3,0,2024-04-29 00:20:22,524
400,,,87991            8V2,41980778,15,0.5,120.436767,26.192038,49.5,0,2024-04-29 00:28:23,267
399,,,87991            8V2,41980778,15,0.7,120.436835,26.192117,265.4,0,2024-04-29 00:31:04,260
276,,,87991            8V2,41980778,15,1.2,120.436823,26.192092,149.5,0,2024-04-29 00:36:24,180
518,,,87991            8V2,41980778,15,1.6,120.436798,26.192103,173.9,0,2024-04-29 00:39:05,346
115,,,87991            8V2,41980778,15,0.8,120.43695,26.191808,281.1,0,2024-04-29 00:44:27,78
116,,,87991            8V2,41980778,15,1.8,120.436725,26.191958,358.5,0,2024-04-29 00:47:07,74
277,,,87991            8V2,41980778,15,1.5,120.436773,26.192125,255.5,0,2024-04-29 00:49:47,180
108,,,87991            8V2,41980778,15,0.9,120.437008,26.191837,343.9,0,2024-04-29 00:55:20,75
284,,,87991            8V2,41980778,15,0.5,120.437078,26.191862,263.1,0,2024-04-29 01:00:51,181
338,,,87991            8V2,41980778,15,0.5,120.437078,26.191862,263.1,0,2024-04-29 01:00:51,226
278,,,87991            8V2,41980778,15,2.0,120.437112,26.191853,32.0,0,2024-04-29 01:08:58,194
345,,,87991            8V2,41980778,15,1.2,120.437115,26.191848,45.0,0,2024-04-29 01:11:40,233
650,,,87991            8V2,41980778,15,0.6,120.437103,26.191737,235.9,0,2024-04-29 01:17:07,482
156,,,87991            8V2,41980778,15,0.6,120.437103,26.191737,235.9,0,2024-04-29 01:17:07,102
647,,,87991            8V2,41980778,15,0.6,120.437103,26.191737,235.9,0,2024-04-29 01:17:07,467
60,,,87991            8V2,41980778,15,0.4,120.437132,26.191792,30.9,0,2024-04-29 01:27:51,49
56,,,87991            8V2,41980778,15,0.2,120.437247,26.1918,310.6,0,2024-04-29 01:33:17,40
281,,,87991            8V3,41980778,15,0.5,120.437218,26.19169,89.1,0,2024-04-29 01:35:58,184
283,,,87991            8V2,41980778,15,0.5,120.437348,26.1918,310.0,0,2024-04-29 01:41:21,182
165,,,87991            8V2,41980778,15,0.1,120.437458,26.191602,277.4,0,2024-04-29 01:44:01,109
277,,,87991            8V2,41980778,15,1.0,120.437537,26.191675,108.8,0,2024-04-29 01:49:22,184
227,,,87991            8V2,41980778,15,1.2,120.437717,26.191407,166.9,0,2024-04-29 01:52:02,153
231,,,87991            8V2,41980778,15,0.9,120.437775,26.191425,308.1,0,2024-04-29 01:57:23,160
114,,,87991            8V2,41980778,15,0.6,120.438065,26.190977,144.0,0,2024-04-29 02:02:47,81
403,,,87991            8V2,41980778,15,1.0,120.438137,26.191012,122.9,0,2024-04-29 02:05:29,253
553,,,87991            8V2,41980778,15,2.9,120.438225,26.191128,358.2,0,2024-04-29 02:10:52,407
157,,,87991            8V2,41980778,15,1.2,120.438422,26.191217,308.6,0,2024-04-29 02:13:34,108
165,,,87991            8V2,41980778,15,1.8,120.438468,26.19127,150.3,0,2024-04-29 02:16:17,100
400,,,87991            8V2,41980778,15,1.9,120.43858,26.191363,18.5,0,2024-04-29 02:21:42,261
341,,,87991            8V2,41980778,15,0.1,120.438645,26.191415,127.4,0,2024-04-29 02:24:24,215
281,,,87991            8V2,41980778,15,0.7,120.438672,26.191592,212.7,0,2024-04-29 02:29:48,190
54,,,87991            8V2,41980778,15,0.3,120.439185,26.191248,288.5,0,2024-04-29 02:32:29,41
398,,,87991            8V2,41980778,15,1.1,120.439397,26.191375,241.8,0,2024-04-29 02:38:01,262
106,,,87991            8V2,41980778,15,0.8,120.439523,26.191483,121.5,0,2024-04-29 02:40:43,77
400,,,87991            8V2,41980778,15,0.7,120.439632,26.191573,321.4,0,2024-04-29 02:46:16,265
105,,,87991            8V2,41980778,15,1.9,120.43976,26.191668,294.9,0,2024-04-29 02:48:59,66
345,,,87991            8V2,41980778,15,1.0,120.439795,26.19177,326.3,0,2024-04-29 02:54:22,210
223,,,87991            8V2,41980778,15,0.3,120.44005,26.192593,60.0,0,2024-04-29 02:57:08,143
343,,,87991            8V2,41980778,15,0.5,120.440063,26.192587,95.7,0,2024-04-29 03:02:30,237
107,,,87991            8V2,41980778,15,1.3,120.440073,26.192608,11.0,0,2024-04-29 03:05:12,63
279,,,87991            8V2,41980778,15,0.9,120.43999,26.192535,61.6,0,2024-04-29 03:10:35,182
347,,,87991            8V2,41980778,15,1.0,120.440028,26.19262,66.8,0,2024-04-29 03:13:17,229
340,,,87991            8V2,41980778,15,1.6,120.439993,26.19254,222.1,0,2024-04-29 03:18:39,223
110,,,87991            8V2,41980778,15,1.6,120.440047,26.19271,196.1,0,2024-04-29 03:21:19,74
347,,,87991            8V2,41980778,15,0.6,120.439837,26.19251,140.8,0,2024-04-29 03:26:41,210
402,,,87991            8V2,41980778,15,0.6,120.439837,26.19251,140.8,0,2024-04-29 03:26:41,253
280,,,87991            8V2,41980778,15,0.7,120.439948,26.192617,150.6,0,2024-04-29 03:34:45,172
340,,,87991            8V2,41980778,15,1.5,120.439695,26.192585,45.4,0,2024-04-29 03:37:25,218
164,,,87991            8V2,41980778,15,0.6,120.439705,26.192553,81.8,0,2024-04-29 03:42:47,96
462,,,87991            8V2,41980778,15,2.0,120.43968,26.192562,142.0,0,2024-04-29 03:48:07,300
116,,,87991            8V2,41980778,15,1.4,120.439633,26.192602,16.3,0,2024-04-29 03:50:48,77
896,,,87991            8V2,41980778,15,1.4,120.439633,26.192602,16.3,0,2024-04-29 03:50:48,670
109,,,87991            8V2,41980778,15,1.6,120.439555,26.192715,352.5,0,2024-04-29 03:58:54,68
220,,,87991            8V2,41980778,15,0.2,120.439693,26.192458,119.4,0,2024-04-29 04:01:35,135
460,,,87991            8V2,41980778,15,1.2,120.439738,26.192415,5.3,0,2024-04-29 04:07:11,290
355,,,87991            8V2,41980778,15,1.1,120.43974,26.192422,204.1,0,2024-04-29 04:09:53,236
279,,,87991            8V2,41980778,15,1.1,120.439718,26.192415,290.4,0,2024-04-29 04:15:18,171
59,,,87991            8V2,41980778,15,1.1,120.439718,26.192415,290.4,0,2024-04-29 04:15:18,40
288,,,87991            8V2,41980778,15,1.8,120.439693,26.192462,89.0,0,2024-04-29 04:23:25,181
283,,,87991            8V2,41980778,15,0.5,120.439708,26.19247,271.9,0,2024-04-29 04:26:17,183
524,,,87991            8V2,41980778,15,1.3,120.439702,26.19244,202.1,0,2024-04-29 04:31:41,345
282,,,87991            8V2,41980778,15,1.3,120.439702,26.19244,202.1,0,2024-04-29 04:31:41,175
343,,,87991            8V2,41980778,15,1.8,120.439718,26.192442,143.2,0,2024-04-29 04:39:47,232
341,,,87991            8V2,41980778,15,0.7,120.43968,26.192495,346.8,0,2024-04-29 04:45:11,216
465,,,87991            8V2,41980778,15,1.2,120.439717,26.19251,3.3,0,2024-04-29 04:47:52,308
740,,,87991            8V2,41980778,15,1.2,120.439717,26.19251,3.3,0,2024-04-29 04:47:52,545
611,,,87991            8V2,41980778,15,1.1,120.439695,26.192565,5.3,0,2024-04-29 04:56:02,435
282,,,87991            8V2,41980778,15,0.5,120.439682,26.192593,203.0,0,2024-04-29 04:58:44,179
112,,,87991            8V2,41980778,15,1.0,120.439678,26.19261,262.6,0,2024-04-29 05:04:09,74
229,,,87991            8V2,41980778,15,0.7,120.439682,26.192592,94.7,0,2024-04-29 05:06:52,154
401,,,87991            8V2,41980778,15,1.4,120.439692,26.192632,242.5,0,2024-04-29 05:12:21,258
116,,,87991            8V2,41980778,15,0.8,120.439717,26.19266,84.6,0,2024-04-29 05:15:04,80
220,,,87991            8V2,41980778,15,0.8,120.439715,26.19264,18.8,0,2024-04-29 05:20:28,127
161,,,87991            8V2,41980778,15,1.2,120.439695,26.192685,120.1,0,2024-04-29 05:23:10,99
172,,,87991            8V2,41980778,15,0.7,120.439767,26.192563,101.2,0,2024-04-29 05:28:34,122
343,,,87991            8V2,41980778,15,0.5,120.439762,26.192545,329.3,0,2024-04-29 05:31:16,226
60,,,87991            8V2,41980778,15,0.9,120.439735,26.192512,319.2,0,2024-04-29 05:36:41,43
103,,,87991            8V2,41980778,15,0.5,120.439758,26.192513,160.2,0,2024-04-29 05:39:23,53
401,,,87991            8V2,41980778,15,0.7,120.439775,26.192502,56.6,0,2024-04-29 05:44:48,266
348,,,87991            8V2,41980778,15,1.1,120.439753,26.192317,84.2,0,2024-04-29 05:50:32,227
496,,,87991            8V2,41980778,15,1.1,120.439753,26.192317,84.2,0,2024-04-29 05:50:32,338
402,,,87991            8V2,41980778,15,1.4,120.439712,26.192367,178.4,0,2024-04-29 05:58:42,254
285,,,87991            8V2,41980778,15,0.9,120.439702,26.192383,221.4,0,2024-04-29 06:01:24,184
441,,,87991            8V2,41980778,15,0.9,120.439667,26.192438,160.8,0,2024-04-29 06:04:06,299
401,,,87991            8V2,41980778,15,0.6,120.439642,26.192488,109.4,0,2024-04-29 06:09:30,267
492,,,87991            8V2,41980778,15,0.7,120.439598,26.192605,192.7,0,2024-04-29 06:12:12,336
113,,,87991            8V2,41980778,15,0.8,120.439632,26.192548,145.8,0,2024-04-29 06:17:37,85
236,,,87991            8V2,41980778,15,1.1,120.439577,26.192642,324.4,0,2024-04-29 06:23:10,154
285,,,87991            8V2,41980778,15,0.6,120.43958,26.192658,186.0,0,2024-04-29 06:25:52,185
341,,,87991            8V2,41980778,15,0.5,120.439567,26.192688,216.4,0,2024-04-29 06:28:38,227
495,,,87991            8V2,41980778,15,0.7,120.439525,26.192652,143.5,0,2024-04-29 06:34:15,332
863,,,87991            8V2,41980778,15,0.4,120.43964,26.192882,175.2,0,2024-04-29 06:37:01,644
114,,,87991            8V2,41980778,15,0.4,120.439663,26.192978,46.8,0,2024-04-29 06:42:31,84
336,,,87991            8V2,41980778,15,1.0,120.440032,26.193023,128.2,0,2024-04-29 06:45:13,212
295,,,87991            8V2,41980778,15,0.7,120.4401,26.19303,296.7,0,2024-04-29 06:47:54,191
344,,,87991            8V2,41980778,15,0.5,120.439938,26.193233,115.9,0,2024-04-29 06:53:25,215
170,,,87991            8V2,41980778,15,1.4,120.439908,26.193253,129.3,0,2024-04-29 06:59:05,112
404,,,87991            8V2,41980778,15,1.7,120.439882,26.19327,304.5,0,2024-04-29 07:01:48,270
230,,,87991            8V2,41980778,15,1.0,120.44009,26.193595,223.8,0,2024-04-29 07:07:11,155
340,,,87991            8V2,41980778,15,1.1,120.439798,26.193355,73.2,0,2024-04-29 07:09:53,229
546,,,87991            8V2,41980778,15,3.0,120.439805,26.193358,32.4,0,2024-04-29 07:15:18,362
404,,,87991            8V2,41980778,15,4.2,120.439783,26.193583,114.1,0,2024-04-29 07:18:11,267
167,,,87991            8V2,41980778,15,1.2,120.439748,26.193357,101.5,0,2024-04-29 07:24:10,111
465,,,87991            8V2,41980778,15,1.2,120.439748,26.193357,101.5,0,2024-04-29 07:24:10,291
341,,,87991            8V2,41980778,15,1.1,120.439682,26.193348,212.3,0,2024-04-29 07:29:47,215
462,,,87991            8V2,41980778,15,1.1,120.439547,26.193335,108.7,0,2024-04-29 07:35:23,306
225,,,87991            8V2,41980778,15,1.2,120.439513,26.193252,48.8,0,2024-04-29 07:38:11,152
173,,,87991            8V2,41980778,15,0.5,120.439397,26.19332,106.8,0,2024-04-29 07:43:47,127
340,,,87991            8V2,41980778,15,0.5,120.439397,26.19332,106.8,0,2024-04-29 07:43:47,235
226,,,87991            8V2,41980778,15,1.3,120.43922,26.19338,348.7,0,2024-04-29 07:49:23,152
346,,,87991            8V2,41980778,15,1.3,120.439088,26.19341,233.1,0,2024-04-29 07:54:59,232
399,,,87991            8V2,41980778,15,2.1,120.439017,26.193407,201.9,0,2024-04-29 07:57:47,251
236,,,87991            8V2,41980778,15,2.1,120.439017,26.193407,201.9,0,2024-04-29 07:57:47,159
446,,,87991            8V2,41980778,15,1.4,120.438787,26.193402,41.6,0,2024-04-29 08:09:03,291
342,,,87991            8V2,41980778,15,1.2,120.43876,26.193395,272.9,0,2024-04-29 08:11:45,226
232,,,87991            8V2,41980778,15,0.6,120.438673,26.193388,17.3,0,2024-04-29 08:14:26,153
284,,,87991            8V2,41980778,15,0.8,120.438145,26.192948,114.4,0,2024-04-29 08:19:52,196
391,,,87991            8V2,41980778,15,0.7,120.4381,26.193137,13.2,0,2024-04-29 08:22:45,242
151,,,87991            8V2,41980778,15,1.4,120.438028,26.193172,144.9,0,2024-04-29 08:28:07,81
219,,,87991            8V2,41980778,15,0.9,120.437987,26.193163,142.0,0,2024-04-29 08:30:48,141
400,,,87991            8V2,41980778,15,1.0,120.437672,26.193068,142.5,0,2024-04-29 08:36:11,253
284,,,87991            8V2,41980778,15,1.0,120.437672,26.193068,142.5,0,2024-04-29 08:36:11,183
58,,,87991            8V2,41980778,15,1.2,120.43764,26.193083,75.6,0,2024-04-29 08:44:13,40
226,,,87991            8V2,41980778,15,1.8,120.437445,26.1928,110.6,0,2024-04-29 08:49:36,150
281,,,87991            8V3,41980778,15,1.1,120.437705,26.193145,184.4,0,2024-04-29 08:52:55,179
429,,,87991            8V1,41980778,15,1.4,120.437063,26.193248,199.0,0,2024-04-29 08:58:16,267
734,,,87991            8V2,41980778,15,0.2,120.437428,26.193098,108.9,0,2024-04-29 09:02:32,514
122,,,87991            8V2,41980778,15,1.1,120.437483,26.19303,75.9,0,2024-04-29 09:05:16,82
278,,,87991            8V2,41980778,15,1.1,120.437483,26.19303,75.9,0,2024-04-29 09:05:16,167
459,,,87991            8V2,41980778,15,1.6,120.437395,26.192975,53.5,0,2024-04-29 09:13:15,314
558,,,87991            8V2,41980778,15,1.6,120.437395,26.192975,53.5,0,2024-04-29 09:13:15,370
344,,,87991            8V2,41980778,15,1.6,120.437395,26.192975,53.5,0,2024-04-29 09:13:15,206
396,,,87991            8V2,41980778,15,1.7,120.437245,26.192902,347.7,0,2024-04-29 09:26:34,242
223,,,87991            8V2,41980778,15,1.3,120.437187,26.192887,101.9,0,2024-04-29 09:29:17,134
224,,,87991            8V2,41980778,15,1.3,120.437187,26.192887,101.9,0,2024-04-29 09:29:17,142
167,,,87991            8V2,41980778,15,0.4,120.437153,26.192872,147.0,0,2024-04-29 09:37:25,101
339,,,87991            8V2,41980778,15,0.4,120.437153,26.192872,147.0,0,2024-04-29 09:37:25,220
287,,,87991            8V2,41980778,15,0.4,120.437153,26.192872,147.0,0,2024-04-29 09:37:25,185
400,,,87991            8V2,41980778,15,0.9,120.437143,26.192873,144.9,0,2024-04-29 09:50:55,257
346,,,87991            8V2,41980778,15,0.3,120.437238,26.192847,245.8,0,2024-04-29 09:53:38,216
398,,,87991            8V1,41980778,15,1.8,120.437162,26.192793,55.9,0,2024-04-29 09:59:00,253
287,,,87991            8V2,41980778,15,0.7,120.437127,26.19285,308.3,0,2024-04-29 10:01:42,179
406,,,87991            8V2,41980778,15,0.3,120.437075,26.19291,33.0,0,2024-04-29 10:07:05,254
348,,,87991            8V2,41980778,15,0.4,120.437087,26.192858,207.2,0,2024-04-29 10:09:46,225
461,,,87991            8V2,41980778,15,0.4,120.437087,26.192858,207.2,0,2024-04-29 10:09:46,291
339,,,87991            8V2,41980778,15,0.5,120.436997,26.192795,188.5,0,2024-04-29 10:17:49,217
117,,,87991            8V2,41980778,15,0.5,120.436997,26.192795,188.5,0,2024-04-29 10:17:49,91
406,,,87991            8V2,41980778,15,0.5,120.436997,26.192795,188.5,0,2024-04-29 10:17:49,268
117,,,87991            8V2,41980778,15,0.8,120.43698,26.192835,55.3,0,2024-04-29 10:28:48,86
169,,,87991            8V2,41980778,15,0.8,120.43698,26.192835,55.3,0,2024-04-29 10:28:48,109
521,,,87991            8V1,41980778,15,0.4,120.43693,26.19287,295.7,0,2024-04-29 10:39:44,343
347,,,87991            8V1,41980778,15,0.4,120.43693,26.19287,295.7,0,2024-04-29 10:39:44,217
294,,,87991            8V2,41980778,15,0.6,120.436938,26.19293,72.0,0,2024-04-29 10:47:44,183
920,,,87991            8V2,41980778,15,0.6,120.436667,26.192665,352.6,0,2024-04-29 10:50:23,670
353,,,87991            8V2,41980778,15,2.3,120.436877,26.192907,27.5,0,2024-04-29 10:55:50,216
340,,,87991            8V2,41980778,15,0.4,120.436922,26.192832,23.7,0,2024-04-29 10:58:41,205
463,,,87991            8V2,41980778,15,0.6,120.436898,26.192847,2.2,0,2024-04-29 11:04:10,289
235,,,87991            8V2,41980778,15,0.6,120.436898,26.192847,2.2,0,2024-04-29 11:04:10,141
411,,,87991            8V2,41980778,15,1.0,120.4368,26.192742,73.3,0,2024-04-29 11:12:18,259
348,,,87991            8V2,41980778,15,1.0,120.4368,26.192742,73.3,0,2024-04-29 11:12:18,215
1220,,,87991            8V2,41980778,15,1.4,120.436758,26.192653,162.3,0,2024-04-29 11:20:24,825
106,,,87991            8V2,41980778,15,2.3,120.436793,26.192707,82.4,0,2024-04-29 11:23:04,66
287,,,87991            8V2,41980778,15,1.0,120.436797,26.19269,258.2,0,2024-04-29 11:28:24,178
235,,,87991            8V1,41980778,15,1.7,120.436802,26.19272,151.2,0,2024-04-29 11:31:04,139
61,,,87991            8V1,41980778,15,1.7,120.436802,26.19272,151.2,0,2024-04-29 11:31:04,45
221,,,87991            8V1,41980778,15,1.7,120.436802,26.19272,151.2,0,2024-04-29 11:31:04,142
289,,,87991            8V2,41980778,15,0.4,120.436768,26.192688,71.9,0,2024-04-29 11:47:18,186
182,,,87991            8V2,41980778,15,0.4,120.436768,26.192688,71.9,0,2024-04-29 11:47:18,126
294,,,87991            8V2,41980778,15,0.9,120.436833,26.192642,353.9,0,2024-04-29 11:57:58,205
177,,,87991            8V2,41980778,15,0.9,120.436833,26.192642,353.9,0,2024-04-29 11:57:58,123
349,,,87991            8V2,41980778,15,1.5,120.436822,26.192642,313.5,0,2024-04-29 12:06:01,213
178,,,87991            8V2,41980778,15,0.9,120.436815,26.192662,254.2,0,2024-04-29 12:08:41,117
401,,,87991            8V2,41980778,15,0.1,120.436853,26.19261,286.4,0,2024-04-29 12:14:03,255
346,,,87991            8V2,41980778,15,0.4,120.436807,26.192672,101.8,0,2024-04-29 12:16:43,220
291,,,87991            8V2,41980778,15,0.4,120.436833,26.192667,1.7,0,2024-04-29 12:19:23,179
457,,,87991            8V2,41980778,15,1.2,120.436827,26.19264,145.1,0,2024-04-29 12:27:24,281
221,,,87991            8V2,41980778,15,1.1,120.436852,26.192623,183.9,0,2024-04-29 12:30:04,145
344,,,87991            8V2,41980778,15,0.4,120.436907,26.192545,194.1,0,2024-04-29 12:32:47,203
464,,,87991            8V2,41980778,15,1.3,120.436897,26.19262,79.9,0,2024-04-29 12:38:12,285
398,,,87991            8V2,41980778,15,1.2,120.43691,26.19269,154.9,0,2024-04-29 12:40:56,234
588,,,87991            8V2,41980778,15,0.3,120.437013,26.192743,295.0,0,2024-04-29 12:46:19,390
403,,,87991            8V2,41980778,15,1.2,120.437128,26.192702,260.1,0,2024-04-29 12:49:01,249
464,,,87991            8V2,41980778,15,0.9,120.437257,26.192833,150.9,0,2024-04-29 12:54:22,283
400,,,87991            8V2,41980778,15,0.3,120.437345,26.192902,157.5,0,2024-04-29 12:57:04,232
462,,,87991            8V2,41980778,15,0.4,120.437503,26.192978,77.9,0,2024-04-29 13:02:30,280
607,,,87991            8V2,41980778,15,0.4,120.437565,26.19299,174.6,0,2024-04-29 13:05:14,393
172,,,87991            8V2,41980778,15,1.4,120.437713,26.193052,131.2,0,2024-04-29 13:10:38,103
289,,,87991            8V2,41980778,15,0.3,120.43791,26.193028,132.4,0,2024-04-29 13:16:04,184
401,,,87991            8V2,41980778,15,0.8,120.43801,26.193058,116.5,0,2024-04-29 13:18:47,246
335,,,87991            8V2,41980778,15,0.6,120.438383,26.19305,150.3,0,2024-04-29 13:24:16,200
406,,,87991            8V2,41980778,15,1.6,120.438663,26.193023,135.4,0,2024-04-29 13:26:56,244
174,,,87991            8V2,41980778,15,0.0,120.438937,26.192972,267.2,0,2024-04-29 13:32:19,107
342,,,87991            8V2,41980778,15,1.9,120.439192,26.192895,114.6,0,2024-04-29 13:35:00,208
176,,,87991            8V1,41980778,15,1.2,120.439262,26.192937,107.0,0,2024-04-29 13:40:24,107
339,,,87991            8V2,41980778,15,1.1,120.439178,26.192943,119.3,0,2024-04-29 13:43:06,203
456,,,87991            8V2,41980778,15,1.5,120.43941,26.193048,215.4,0,2024-04-29 13:48:26,286
115,,,87991            8V2,41980778,15,1.9,120.43949,26.192873,257.5,0,2024-04-29 13:51:06,75
397,,,87991            8V2,41980778,15,2.6,120.439343,26.192903,155.8,0,2024-04-29 13:56:28,224
334,,,87991            8V2,41980778,15,1.5,120.439135,26.19288,108.7,0,2024-04-29 13:59:10,200
221,,,87991            8V2,41980778,15,0.2,120.439157,26.192937,122.3,0,2024-04-29 14:04:43,131
278,,,87991            8V1,41980778,15,1.6,120.439048,26.192942,246.0,0,2024-04-29 14:10:14,176
396,,,87991            8V1,41980778,15,0.7,120.439253,26.19282,305.6,0,2024-04-29 14:12:58,241
283,,,87991            8V2,41980778,15,2.2,120.439262,26.192757,353.3,0,2024-04-29 14:18:22,175
339,,,87991            8V2,41980778,15,2.2,120.439262,26.192757,353.3,0,2024-04-29 14:18:22,202
342,,,87991            8V2,41980778,15,1.1,120.43888,26.192843,92.2,0,2024-04-29 14:23:46,204
229,,,87991            8V2,41980778,15,0.8,120.439008,26.192877,308.1,0,2024-04-29 14:29:11,140
460,,,87991            8V2,41980778,15,0.7,120.438933,26.192915,264.5,0,2024-04-29 14:34:36,280
281,,,87991            8V2,41980778,15,0.3,120.438898,26.192935,270.1,0,2024-04-29 14:37:19,171
460,,,87991            8V2,41980778,15,1.0,120.438908,26.192932,268.1,0,2024-04-29 14:42:54,277
340,,,87991            8V2,41980778,15,0.7,120.439003,26.192802,49.1,0,2024-04-29 14:45:42,205
174,,,87991            8V2,41980778,15,1.5,120.438838,26.192918,358.1,0,2024-04-29 14:51:08,110
340,,,87991            8V2,41980778,15,1.5,120.438838,26.192918,358.1,0,2024-04-29 14:51:08,201
398,,,87991            8V2,41980778,15,1.5,120.438838,26.192918,358.1,0,2024-04-29 14:51:08,249
339,,,87991            8V2,41980778,15,0.2,120.438763,26.192898,359.4,0,2024-04-29 15:02:03,207
400,,,87991            8V2,41980778,15,0.2,120.438763,26.192898,359.4,0,2024-04-29 15:02:03,250
352,,,87991            8V2,41980778,15,2.2,120.439,26.192753,117.7,0,2024-04-29 15:10:16,227
