fid,IMO_Number,Call_Sign,ShipName,MMSI,Navigational_Status,SOG,Longitude,Latitude,COG,Ship_and_Cargo_Type,Record_Time,group
5533,,,LONGLINE BUOY 09 04%,319009,15,5.8,121.840428,22.109913,287.2,0,2024-04-16 01:21:31,3699
5430,,,LONGLINE BUOY 09 73%,319009,15,6.0,121.834722,22.111772,297.9,0,2024-04-16 01:24:47,3627
5466,,,LONGLINE BUOY 09 73%,319009,15,6.3,121.828877,22.113667,286.4,0,2024-04-16 01:28:03,3645
5582,,,LONGLINE BUOY 09 73%,319009,15,6.8,121.817537,22.117528,306.0,0,2024-04-16 01:34:41,3745
5231,,,LONGLINE BUOY 09 73%,319009,15,5.5,121.811832,22.119427,279.3,0,2024-04-16 01:37:57,3526
5210,,,LONGLINE BUOY 09 73%,319009,15,5.6,121.789328,22.127238,300.8,0,2024-04-16 01:51:19,3536
5360,,,LONGLINE BUOY 09 73%,319009,15,5.8,121.783352,22.128905,296.2,0,2024-04-16 01:54:39,3634
5075,,,LONGLINE BUOY 09 73%,319009,15,2.9,121.771957,22.134545,325.7,0,2024-04-16 02:14:23,3414
5083,,,LONGLINE BUOY 09 73%,319009,15,1.1,121.769052,22.137075,313.9,0,2024-04-16 02:27:49,3398
4748,,,LONGLINE BUOY 09 73%,319009,15,0.8,121.768273,22.13767,275.4,0,2024-04-16 02:31:07,3165
5106,,,LONGLINE BUOY 09 73%,319009,15,1.3,121.766898,22.138635,314.0,0,2024-04-16 02:37:38,3422
4949,,,LONGLINE BUOY 09 73%,319009,15,1.0,121.765317,22.139995,324.6,0,2024-04-16 02:47:28,3326
5324,,,LONGLINE BUOY 09 72%,319009,15,1.0,121.760633,22.142718,280.8,0,2024-04-16 03:13:54,3635
5579,,,LONGLINE BUOY 09 72%,319009,15,1.1,121.758823,22.143003,313.9,0,2024-04-16 03:20:44,3785
5399,,,LONGLINE BUOY 09 72%,319009,15,1.4,121.757863,22.143147,303.8,0,2024-04-16 03:24:04,3654
4887,,,LONGLINE BUOY 09 72%,319009,15,1.4,121.755892,22.144017,343.7,0,2024-04-16 03:30:52,3299
5018,,,LONGLINE BUOY 09 72%,319009,15,1.6,121.752445,22.144913,295.5,0,2024-04-16 03:41:04,3368
4945,,,LONGLINE BUOY 09 72%,319009,15,4.2,121.751073,22.147005,104.2,0,2024-04-16 03:54:52,3344
4968,,,LONGLINE BUOY 09 72%,319009,15,4.0,121.755003,22.147217,86.0,0,2024-04-16 03:58:10,3364
4835,,,LONGLINE BUOY 09 72%,319009,15,4.2,121.758762,22.147425,84.4,0,2024-04-16 04:01:25,3283
4860,,,LONGLINE BUOY 09 72%,319009,15,4.1,121.77408,22.147318,83.9,0,2024-04-16 04:14:28,3296
4447,,,LONGLINE BUOY 09 72%,319009,15,5.1,121.77813,22.147133,89.8,0,2024-04-16 04:17:43,3034
4808,,,LONGLINE BUOY 09 72%,319009,15,4.3,121.781972,22.148577,76.4,0,2024-04-16 04:21:02,3286
4378,,,LONGLINE BUOY 09 72%,319009,15,4.8,121.786065,22.150252,58.0,0,2024-04-16 04:24:18,3021
4482,,,LONGLINE BUOY 09 72%,319009,15,4.4,121.794175,22.153535,75.8,0,2024-04-16 04:30:52,3077
4558,,,LONGLINE BUOY 09 72%,319009,15,4.8,121.798137,22.155413,89.8,0,2024-04-16 04:34:08,3106
4517,,,LONGLINE BUOY 09 72%,319009,15,4.6,121.80224,22.15729,56.2,0,2024-04-16 04:37:22,3105
4425,,,LONGLINE BUOY 09 72%,319009,15,4.3,121.810382,22.160738,63.0,0,2024-04-16 04:43:54,3062
4597,,,LONGLINE BUOY 09 72%,319009,15,5.0,121.818427,22.162563,89.7,0,2024-04-16 04:50:28,3189
4561,,,LONGLINE BUOY 09 72%,319009,15,3.9,121.821925,22.162447,85.0,0,2024-04-16 04:53:45,3175
4726,,,LONGLINE BUOY 09 72%,319009,15,6.0,121.833255,22.18682,15.1,0,2024-04-16 05:16:48,3317
4615,,,LONGLINE BUOY 09 72%,319009,15,5.7,121.83543,22.203005,9.8,0,2024-04-16 05:26:44,3260
4791,,,LONGLINE BUOY 09 72%,319009,15,6.3,121.836387,22.214128,9.1,0,2024-04-16 05:33:20,3384
5037,,,LONGLINE BUOY 09 72%,319009,15,6.4,121.837058,22.225102,11.2,0,2024-04-16 05:39:58,3562
5214,,,LONGLINE BUOY 09 72%,319009,15,0.8,121.837358,22.249148,329.8,0,2024-04-16 05:56:26,3700
5033,,,LONGLINE BUOY 09 72%,319009,15,2.3,121.834967,22.250705,359.4,0,2024-04-16 06:02:59,3547
5327,,,LONGLINE BUOY 09 72%,319009,15,1.7,121.833502,22.25255,310.0,0,2024-04-16 06:09:34,3805
5812,,,LONGLINE BUOY 09 72%,319009,15,2.7,121.83278,22.253477,271.8,0,2024-04-16 06:12:51,4176
6506,,,LONGLINE BUOY 09 72%,319009,15,2.4,121.83214,22.254395,37.0,0,2024-04-16 06:16:10,4691
6697,,,LONGLINE BUOY 09 72%,319009,15,1.5,121.831402,22.255333,12.1,0,2024-04-16 06:19:25,4811
6775,,,LONGLINE BUOY 09 72%,319009,15,2.1,121.830647,22.256293,1.9,0,2024-04-16 06:22:50,4857
6374,,,LONGLINE BUOY 09 72%,319009,15,1.0,121.829235,22.258153,273.9,0,2024-04-16 06:29:26,4601
6229,,,LONGLINE BUOY 09 72%,319009,15,0.4,121.827802,22.259962,358.4,0,2024-04-16 06:35:56,4426
5676,,,LONGLINE BUOY 09 71%,319009,15,1.6,121.82631,22.261763,313.2,0,2024-04-16 06:42:32,4021
6337,,,LONGLINE BUOY 09 72%,319009,15,3.1,121.824832,22.263542,252.6,0,2024-04-16 06:49:06,4508
6772,,,LONGLINE BUOY 09 71%,319009,15,1.2,121.824155,22.264523,315.5,0,2024-04-16 06:52:22,4853
6408,,,LONGLINE BUOY 09 71%,319009,15,1.9,121.821057,22.267745,346.3,0,2024-04-16 07:05:50,4543
6008,,,LONGLINE BUOY 09 71%,319009,15,0.9,121.819528,22.269368,320.9,0,2024-04-16 07:12:27,4285
6199,,,LONGLINE BUOY 09 71%,319009,15,1.7,121.81586,22.27315,308.1,0,2024-04-16 07:29:08,4392
6428,,,LONGLINE BUOY 09 71%,319009,15,1.2,121.814223,22.274707,341.9,0,2024-04-16 07:35:41,4573
6795,,,LONGLINE BUOY 09 71%,319009,15,0.8,121.813208,22.27557,351.0,0,2024-04-16 07:39:02,4845
6667,,,LONGLINE BUOY 09 71%,319009,15,1.2,121.81256,22.276248,287.1,0,2024-04-16 07:42:17,4717
6261,,,LONGLINE BUOY 09 71%,319009,15,1.2,121.811613,22.277018,288.8,0,2024-04-16 07:45:38,4402
6074,,,LONGLINE BUOY 09 71%,319009,15,0.6,121.810793,22.27775,270.9,0,2024-04-16 07:48:56,4273
6354,,,LONGLINE BUOY 09 71%,319009,15,0.9,121.80919,22.27926,318.7,0,2024-04-16 07:55:42,4495
6645,,,LONGLINE BUOY 09 71%,319009,15,1.2,121.807412,22.280675,287.5,0,2024-04-16 08:02:21,4657
5812,,,LONGLINE BUOY 09 71%,319009,15,2.3,121.805758,22.282127,281.1,0,2024-04-16 08:09:02,4059
6533,,,LONGLINE BUOY 09 71%,319009,15,1.8,121.80314,22.284258,287.0,0,2024-04-16 08:19:08,4613
6501,,,LONGLINE BUOY 09 71%,319009,15,0.5,121.802407,22.28492,276.4,0,2024-04-16 08:22:23,4606
6939,,,LONGLINE BUOY 09 71%,319009,15,1.4,121.800512,22.286547,349.2,0,2024-04-16 08:28:59,4896
6708,,,LONGLINE BUOY 09 71%,319009,15,1.1,121.799957,22.287,10.6,0,2024-04-16 08:32:17,4743
7019,,,LONGLINE BUOY 09 71%,319009,15,1.5,121.7977,22.288868,330.2,0,2024-04-16 08:39:04,4993
6730,,,LONGLINE BUOY 09 71%,319009,15,2.0,121.794942,22.291135,342.0,0,2024-04-16 08:49:02,4748
6685,,,LONGLINE BUOY 09 71%,319009,15,1.8,121.794078,22.29188,299.5,0,2024-04-16 08:52:21,4747
6265,,,LONGLINE BUOY 09 71%,319009,15,1.8,121.792218,22.293457,312.6,0,2024-04-16 08:59:08,4403
6451,,,LONGLINE BUOY 09 71%,319009,15,1.1,121.790405,22.294993,339.2,0,2024-04-16 09:05:52,4543
6829,,,LONGLINE BUOY 09 71%,319009,15,0.8,121.789442,22.29581,4.2,0,2024-04-16 09:09:11,4826
6615,,,LONGLINE BUOY 09 71%,319009,15,1.9,121.788525,22.29661,340.5,0,2024-04-16 09:12:34,4661
6453,,,LONGLINE BUOY 09 71%,319009,15,1.3,121.78743,22.297617,291.7,0,2024-04-16 09:16:02,4566
6666,,,LONGLINE BUOY 09 71%,319009,15,1.5,121.785327,22.29935,281.9,0,2024-04-16 09:22:50,4680
6883,,,LONGLINE BUOY 09 71%,319009,15,1.4,121.784223,22.300293,311.1,0,2024-04-16 09:26:20,4853
6836,,,LONGLINE BUOY 09 71%,319009,15,1.9,121.783163,22.30111,337.5,0,2024-04-16 09:29:40,4830
6110,,,LONGLINE BUOY 09 71%,319009,15,2.2,121.780828,22.303058,303.3,0,2024-04-16 09:36:28,4279
6048,,,LONGLINE BUOY 09 71%,319009,15,0.8,121.778502,22.305037,312.3,0,2024-04-16 09:43:08,4222
6319,,,LONGLINE BUOY 09 71%,319009,15,1.5,121.776222,22.30702,311.1,0,2024-04-16 09:49:47,4429
6580,,,LONGLINE BUOY 09 71%,319009,15,1.2,121.775147,22.307963,333.9,0,2024-04-16 09:53:08,4605
6523,,,LONGLINE BUOY 09 71%,319009,15,1.6,121.774053,22.308963,310.3,0,2024-04-16 09:56:27,4568
6425,,,LONGLINE BUOY 09 71%,319009,15,0.3,121.773158,22.309913,193.0,0,2024-04-16 09:59:46,4479
6527,,,LONGLINE BUOY 09 71%,319009,15,1.9,121.770938,22.311877,343.7,0,2024-04-16 10:06:21,4535
6781,,,LONGLINE BUOY 09 71%,319009,15,2.2,121.769968,22.31281,332.1,0,2024-04-16 10:09:39,4718
6395,,,LONGLINE BUOY 09 71%,319009,15,0.8,121.766915,22.315773,9.9,0,2024-04-16 10:19:33,4437
6307,,,LONGLINE BUOY 09 71%,319009,15,1.4,121.765777,22.31678,306.6,0,2024-04-16 10:22:58,4377
6789,,,LONGLINE BUOY 09 71%,319009,15,1.5,121.764708,22.31785,289.4,0,2024-04-16 10:26:17,4725
6903,,,LONGLINE BUOY 09 71%,319009,15,1.1,121.7627,22.319858,284.4,0,2024-04-16 10:32:57,4797
6567,,,LONGLINE BUOY 09 71%,319009,15,0.9,121.761583,22.320892,22.6,0,2024-04-16 10:36:15,4582
6688,,,LONGLINE BUOY 09 71%,319009,15,0.8,121.760527,22.321932,323.5,0,2024-04-16 10:39:33,4650
6778,,,LONGLINE BUOY 09 71%,319009,15,1.8,121.759492,22.322988,316.8,0,2024-04-16 10:42:51,4707
6616,,,LONGLINE BUOY 09 71%,319009,15,1.1,121.75746,22.325103,343.6,0,2024-04-16 10:49:29,4611
6319,,,LONGLINE BUOY 09 71%,319009,15,1.3,121.756628,22.32605,314.9,0,2024-04-16 10:52:51,4399
6739,,,LONGLINE BUOY 09 71%,319009,15,2.1,121.755388,22.327238,318.7,0,2024-04-16 10:56:10,4729
6737,,,LONGLINE BUOY 09 71%,319009,15,1.7,121.754585,22.328142,309.4,0,2024-04-16 10:59:32,4716
6442,,,LONGLINE BUOY 09 71%,319009,15,0.5,121.753572,22.329193,354.4,0,2024-04-16 11:02:47,4485
6296,,,LONGLINE BUOY 09 71%,319009,15,1.5,121.752433,22.330367,305.7,0,2024-04-16 11:06:10,4367
6204,,,LONGLINE BUOY 09 71%,319009,15,0.4,121.750797,22.33223,242.1,0,2024-04-16 11:12:50,4284
6583,,,LONGLINE BUOY 09 71%,319009,15,0.2,121.749617,22.333368,301.8,0,2024-04-16 11:16:12,4532
6195,,,LONGLINE BUOY 09 70%,319009,15,1.8,121.74868,22.334305,299.2,0,2024-04-16 11:19:38,4279
6349,,,LONGLINE BUOY 09 71%,319009,15,1.0,121.747927,22.33528,55.9,0,2024-04-16 11:22:58,4405
6529,,,LONGLINE BUOY 09 71%,319009,15,2.1,121.74574,22.337408,313.5,0,2024-04-16 11:29:44,4537
6559,,,LONGLINE BUOY 09 71%,319009,15,0.9,121.745482,22.338218,305.3,0,2024-04-16 11:33:04,4595
6726,,,LONGLINE BUOY 09 71%,319009,15,0.4,121.744258,22.339118,0.0,0,2024-04-16 11:36:23,4696
6692,,,LONGLINE BUOY 09 71%,319009,15,0.5,121.742807,22.340463,342.8,0,2024-04-16 11:39:56,4698
6739,,,LONGLINE BUOY 09 70%,319009,15,1.6,121.741153,22.342315,355.3,0,2024-04-16 11:46:42,4708
6686,,,LONGLINE BUOY 09 71%,319009,15,1.4,121.740248,22.343273,307.3,0,2024-04-16 11:50:04,4657
6698,,,LONGLINE BUOY 09 70%,319009,15,1.3,121.739265,22.344352,320.0,0,2024-04-16 11:53:20,4693
6749,,,LONGLINE BUOY 09 71%,319009,15,2.4,121.738437,22.34532,340.0,0,2024-04-16 11:56:50,4743
6572,,,LONGLINE BUOY 09 70%,319009,15,1.8,121.736597,22.347377,331.3,0,2024-04-16 12:03:33,4573
6386,,,LONGLINE BUOY 09 71%,319009,15,2.3,121.73596,22.348208,327.1,0,2024-04-16 12:06:48,4477
6287,,,LONGLINE BUOY 09 70%,319009,15,1.0,121.734318,22.350203,327.2,0,2024-04-16 12:13:24,4352
6456,,,LONGLINE BUOY 09 70%,319009,15,1.0,121.733465,22.35122,313.9,0,2024-04-16 12:16:42,4441
6658,,,LONGLINE BUOY 09 70%,319009,15,1.7,121.731862,22.353157,340.2,0,2024-04-16 12:23:18,4619
6888,,,LONGLINE BUOY 09 70%,319009,15,2.4,121.73125,22.354122,336.0,0,2024-04-16 12:26:40,4781
6662,,,LONGLINE BUOY 09 70%,319009,15,1.7,121.730453,22.355128,349.1,0,2024-04-16 12:29:58,4615
6773,,,LONGLINE BUOY 09 70%,319009,15,1.4,121.729895,22.356157,327.2,0,2024-04-16 12:33:22,4698
6328,,,LONGLINE BUOY 09 70%,319009,15,1.8,121.72942,22.357668,345.8,0,2024-04-16 12:36:40,4377
6726,,,LONGLINE BUOY 09 70%,319009,15,0.9,121.727898,22.359198,323.8,0,2024-04-16 12:43:28,4640
6679,,,LONGLINE BUOY 09 70%,319009,15,1.5,121.726578,22.360877,301.2,0,2024-04-16 12:50:06,4645
6884,,,LONGLINE BUOY 09 70%,319009,15,1.6,121.725265,22.36326,40.8,0,2024-04-16 12:56:46,4762
6521,,,LONGLINE BUOY 09 70%,319009,15,1.3,121.724617,22.364455,328.9,0,2024-04-16 13:00:12,4467
6655,,,LONGLINE BUOY 09 70%,319009,15,0.4,121.724037,22.365482,286.1,0,2024-04-16 13:03:28,4574
6384,,,LONGLINE BUOY 09 70%,319009,15,0.8,121.723165,22.366515,266.3,0,2024-04-16 13:06:48,4378
6582,,,LONGLINE BUOY 09 70%,319009,15,2.1,121.722197,22.368567,350.9,0,2024-04-16 13:13:28,4560
6686,,,LONGLINE BUOY 09 70%,319009,15,1.6,121.721495,22.369683,318.9,0,2024-04-16 13:16:56,4634
6687,,,LONGLINE BUOY 09 70%,319009,15,1.5,121.720795,22.37094,295.5,0,2024-04-16 13:20:14,4641
6155,,,LONGLINE BUOY 09 70%,319009,15,0.6,121.72021,22.372027,230.6,0,2024-04-16 13:23:30,4261
5210,,,LONGLINE BUOY 09 70%,319009,15,1.2,121.719075,22.374173,320.2,0,2024-04-16 13:30:10,3462
5900,,,LONGLINE BUOY 09 70%,319009,15,0.9,121.71822,22.376148,284.4,0,2024-04-16 13:36:48,3952
6335,,,LONGLINE BUOY 09 70%,319009,15,2.1,121.71758,22.377482,335.3,0,2024-04-16 13:40:06,4313
6374,,,LONGLINE BUOY 09 70%,319009,15,1.3,121.717098,22.378507,359.0,0,2024-04-16 13:43:24,4362
6267,,,LONGLINE BUOY 09 70%,319009,15,1.5,121.71613,22.38076,348.1,0,2024-04-16 13:50:02,4247
5727,,,LONGLINE BUOY 09 70%,319009,15,0.8,121.715217,22.382907,323.5,0,2024-04-16 13:56:42,3811
5506,,,LONGLINE BUOY 09 70%,319009,15,0.5,121.714018,22.386155,169.2,0,2024-04-16 14:06:52,3699
6179,,,LONGLINE BUOY 09 70%,319009,15,1.0,121.713533,22.38727,327.0,0,2024-04-16 14:10:10,4162
6388,,,LONGLINE BUOY 09 70%,319009,15,1.6,121.71324,22.38829,15.8,0,2024-04-16 14:13:28,4373
6384,,,LONGLINE BUOY 09 70%,319009,15,0.8,121.712875,22.389397,330.8,0,2024-04-16 14:16:48,4347
6327,,,LONGLINE BUOY 09 70%,319009,15,1.0,121.712622,22.390515,20.5,0,2024-04-16 14:20:10,4306
6450,,,LONGLINE BUOY 09 70%,319009,15,0.5,121.712132,22.392863,0.6,0,2024-04-16 14:26:56,4411
6444,,,LONGLINE BUOY 09 70%,319009,15,2.0,121.711848,22.393963,351.2,0,2024-04-16 14:30:16,4432
6553,,,LONGLINE BUOY 09 70%,319009,15,1.4,121.711622,22.395105,337.7,0,2024-04-16 14:33:34,4480
6383,,,LONGLINE BUOY 09 70%,319009,15,1.1,121.711307,22.396343,334.2,0,2024-04-16 14:36:54,4380
6320,,,LONGLINE BUOY 09 70%,319009,15,1.0,121.711175,22.397413,325.9,0,2024-04-16 14:40:16,4326
6378,,,LONGLINE BUOY 09 70%,319009,15,2.0,121.710753,22.399775,2.6,0,2024-04-16 14:47:00,4341
6531,,,LONGLINE BUOY 09 70%,319009,15,0.9,121.710665,22.400942,18.5,0,2024-04-16 14:50:22,4442
6295,,,LONGLINE BUOY 09 70%,319009,15,1.6,121.710558,22.40214,357.9,0,2024-04-16 14:53:42,4293
6481,,,LONGLINE BUOY 09 70%,319009,15,1.4,121.71003,22.404605,4.6,0,2024-04-16 15:00:20,4416
6289,,,LONGLINE BUOY 09 70%,319009,15,1.2,121.710165,22.405435,353.7,0,2024-04-16 15:03:40,4264
6205,,,LONGLINE BUOY 09 70%,319009,15,0.6,121.710172,22.406432,350.5,0,2024-04-16 15:06:56,4245
5143,,,LONGLINE BUOY 09 70%,319009,15,0.3,121.710115,22.409418,40.6,0,2024-04-16 15:17:00,3408
6147,,,LONGLINE BUOY 09 70%,319009,15,0.6,121.709627,22.412937,338.8,0,2024-04-16 15:30:16,4195
6140,,,LONGLINE BUOY 09 70%,319009,15,1.3,121.709055,22.414903,15.4,0,2024-04-16 15:36:56,4190
6428,,,LONGLINE BUOY 09 70%,319009,15,1.1,121.708783,22.415777,9.3,0,2024-04-16 15:40:14,4396
5522,,,LONGLINE BUOY 09 70%,319009,15,0.7,121.707805,22.418638,10.4,0,2024-04-16 15:50:12,3727
5959,,,LONGLINE BUOY 09 70%,319009,15,1.6,121.706225,22.423648,337.7,0,2024-04-16 16:06:52,4024
5822,,,LONGLINE BUOY 09 70%,319009,15,1.3,121.70574,22.425622,324.3,0,2024-04-16 16:13:28,3903
6289,,,LONGLINE BUOY 09 70%,319009,15,0.7,121.70572,22.42658,357.7,0,2024-04-16 16:16:52,4247
5939,,,LONGLINE BUOY 09 70%,319009,15,1.8,121.705298,22.427655,20.1,0,2024-04-16 16:20:08,3988
6131,,,LONGLINE BUOY 09 70%,319009,15,1.1,121.705075,22.428665,318.0,0,2024-04-16 16:23:24,4114
5565,,,LONGLINE BUOY 09 70%,319009,15,0.2,121.704657,22.430772,335.9,0,2024-04-16 16:30:14,3745
5668,,,LONGLINE BUOY 09 70%,319009,15,0.5,121.704437,22.431657,25.0,0,2024-04-16 16:33:30,3837
5599,,,LONGLINE BUOY 09 70%,319009,15,0.7,121.703973,22.434695,41.1,0,2024-04-16 16:43:36,3768
5577,,,LONGLINE BUOY 09 69%,319009,15,1.6,121.703708,22.435878,351.7,0,2024-04-16 16:46:54,3757
5908,,,LONGLINE BUOY 09 70%,319009,15,1.8,121.703658,22.436628,20.8,0,2024-04-16 16:50:12,3999
5693,,,LONGLINE BUOY 09 70%,319009,15,0.9,121.703608,22.438565,357.3,0,2024-04-16 16:56:57,3881
5947,,,LONGLINE BUOY 09 69%,319009,15,1.7,121.703383,22.440405,1.9,0,2024-04-16 17:03:54,4062
6015,,,LONGLINE BUOY 09 69%,319009,15,0.7,121.703387,22.441293,301.6,0,2024-04-16 17:07:12,4077
5645,,,LONGLINE BUOY 09 69%,319009,15,1.5,121.703357,22.442135,350.9,0,2024-04-16 17:10:28,3837
5833,,,LONGLINE BUOY 09 69%,319009,15,1.0,121.70328,22.44309,12.7,0,2024-04-16 17:13:43,3932
5682,,,LONGLINE BUOY 09 69%,319009,15,1.1,121.703378,22.443913,352.5,0,2024-04-16 17:16:58,3859
5690,,,LONGLINE BUOY 09 69%,319009,15,1.1,121.703485,22.445608,337.6,0,2024-04-16 17:23:36,3872
5793,,,LONGLINE BUOY 09 69%,319009,15,1.3,121.703558,22.446433,6.0,0,2024-04-16 17:26:58,3958
5750,,,LONGLINE BUOY 09 69%,319009,15,1.0,121.703612,22.447195,359.1,0,2024-04-16 17:30:12,3932
5960,,,LONGLINE BUOY 09 69%,319009,15,1.3,121.70361,22.447922,3.5,0,2024-04-16 17:33:32,4068
5624,,,LONGLINE BUOY 09 69%,319009,15,0.9,121.703677,22.448758,22.4,0,2024-04-16 17:36:50,3854
5612,,,LONGLINE BUOY 09 69%,319009,15,0.9,121.70366,22.450205,348.9,0,2024-04-16 17:43:23,3845
5578,,,LONGLINE BUOY 09 69%,319009,15,0.5,121.703722,22.450972,341.7,0,2024-04-16 17:46:44,3805
5383,,,LONGLINE BUOY 09 69%,319009,15,1.1,121.703812,22.451735,299.3,0,2024-04-16 17:50:04,3707
5633,,,LONGLINE BUOY 09 69%,319009,15,0.6,121.703842,22.453143,313.5,0,2024-04-16 17:56:39,3881
6000,,,LONGLINE BUOY 09 69%,319009,15,1.0,121.703778,22.45377,9.0,0,2024-04-16 17:59:55,4130
5897,,,LONGLINE BUOY 09 69%,319009,15,1.2,121.703678,22.454313,307.8,0,2024-04-16 18:03:15,4028
5792,,,LONGLINE BUOY 09 69%,319009,15,1.0,121.703635,22.455028,338.7,0,2024-04-16 18:06:33,3959
5792,,,LONGLINE BUOY 09 69%,319009,15,0.1,121.703487,22.45573,116.8,0,2024-04-16 18:09:51,3972
5913,,,LONGLINE BUOY 09 69%,319009,15,0.6,121.703312,22.456953,283.1,0,2024-04-16 18:16:27,4063
5702,,,LONGLINE BUOY 09 69%,319009,15,1.2,121.703113,22.457537,24.2,0,2024-04-16 18:19:45,3946
5678,,,LONGLINE BUOY 09 69%,319009,15,1.2,121.702843,22.458187,2.7,0,2024-04-16 18:23:01,3914
5766,,,LONGLINE BUOY 09 69%,319009,15,1.4,121.702322,22.460217,329.4,0,2024-04-16 18:32:55,3998
5445,,,LONGLINE BUOY 09 69%,319009,15,6.6,121.703672,22.46225,67.7,0,2024-04-16 18:36:28,3762
5214,,,LONGLINE BUOY 09 62%,319009,15,1.6,119.513235,22.24565,38.3,0,2024-04-24 02:18:16,3417
5512,,,LONGLINE BUOY 09 62%,319009,15,1.6,119.513235,22.24565,38.3,0,2024-04-24 02:18:16,3612
5690,,,LONGLINE BUOY 09 62%,319009,15,1.6,119.513235,22.24565,38.3,0,2024-04-24 02:18:16,3715
5425,,,LONGLINE BUOY 09 62%,319009,15,1.6,119.525703,22.248293,71.1,0,2024-04-24 02:47:48,3544
5431,,,LONGLINE BUOY 09 62%,319009,15,1.6,119.525703,22.248293,71.1,0,2024-04-24 02:47:48,3570
5429,,,LONGLINE BUOY 09 62%,319009,15,1.6,119.525703,22.248293,71.1,0,2024-04-24 02:47:48,3541
5060,,,LONGLINE BUOY 09 50%,319009,15,6.1,120.149483,22.318578,98.8,0,2024-04-26 01:20:38,3307
5107,,,LONGLINE BUOY 09 50%,319009,15,6.4,120.15529,22.318142,93.3,0,2024-04-26 01:23:56,3374
5108,,,LONGLINE BUOY 09 50%,319009,15,6.1,120.161063,22.317682,102.2,0,2024-04-26 01:27:12,3352
4901,,,LONGLINE BUOY 09 50%,319009,15,5.8,120.1666,22.317033,94.0,0,2024-04-26 01:30:26,3257
4842,,,LONGLINE BUOY 09 50%,319009,15,5.9,120.1781,22.315688,91.8,0,2024-04-26 01:37:02,3190
4843,,,LONGLINE BUOY 09 50%,319009,15,6.2,120.183807,22.315278,96.0,0,2024-04-26 01:40:18,3198
4826,,,LONGLINE BUOY 09 50%,319009,15,5.9,120.189488,22.314715,98.2,0,2024-04-26 01:43:38,3172
5052,,,LONGLINE BUOY 09 50%,319009,15,6.0,120.200808,22.313568,92.2,0,2024-04-26 01:50:12,3305
4890,,,LONGLINE BUOY 09 50%,319009,15,5.6,120.206392,22.31286,101.6,0,2024-04-26 01:53:28,3216
5280,,,LONGLINE BUOY 09 50%,319009,15,11.2,120.211765,22.312217,208.3,0,2024-04-26 01:56:43,3473
5399,,,LONGLINE BUOY 09 50%,319009,15,11.2,120.211765,22.312217,208.3,0,2024-04-26 01:56:43,3563
5065,,,LONGLINE BUOY 09 50%,319009,15,5.4,120.228815,22.31068,91.8,0,2024-04-26 02:06:34,3350
4990,,,LONGLINE BUOY 09 50%,319009,15,5.4,120.228815,22.31068,91.8,0,2024-04-26 02:06:34,3287
5150,,,LONGLINE BUOY 09 50%,319009,15,5.3,120.239963,22.309748,93.6,0,2024-04-26 02:13:10,3364
4757,,,LONGLINE BUOY 09 50%,319009,15,5.1,120.245582,22.309292,101.2,0,2024-04-26 02:16:28,3119
4742,,,LONGLINE BUOY 09 50%,319009,15,6.2,120.251187,22.308897,94.7,0,2024-04-26 02:19:44,3077
4615,,,LONGLINE BUOY 09 50%,319009,15,6.2,120.2624,22.308303,93.3,0,2024-04-26 02:26:22,2991
4633,,,LONGLINE BUOY 09 50%,319009,15,6.4,120.268077,22.308132,96.0,0,2024-04-26 02:29:38,3022
4590,,,LONGLINE BUOY 09 50%,319009,15,6.0,120.273692,22.307743,101.2,0,2024-04-26 02:32:56,3015
4662,,,LONGLINE BUOY 09 50%,319009,15,5.7,120.279457,22.307498,94.1,0,2024-04-26 02:36:12,3096
4912,,,LONGLINE BUOY 09 50%,319009,15,5.8,120.291333,22.307072,87.9,0,2024-04-26 02:42:45,3224
4825,,,LONGLINE BUOY 09 50%,319009,15,6.1,120.297465,22.306895,92.7,0,2024-04-26 02:46:04,3177
4815,,,LONGLINE BUOY 09 50%,319009,15,5.9,120.303437,22.306527,95.5,0,2024-04-26 02:49:22,3161
5026,,,LONGLINE BUOY 09 50%,319009,15,6.0,120.30934,22.306372,91.5,0,2024-04-26 02:52:40,3286
4862,,,LONGLINE BUOY 09 50%,319009,15,5.5,120.321005,22.307785,86.8,0,2024-04-26 02:59:14,3183
5096,,,LONGLINE BUOY 09 50%,319009,15,5.2,120.326788,22.308507,89.5,0,2024-04-26 03:02:30,3335
4930,,,LONGLINE BUOY 09 50%,319009,15,5.9,120.332587,22.309327,82.8,0,2024-04-26 03:05:48,3231
5122,,,LONGLINE BUOY 09 49%,319009,15,5.5,120.338087,22.310442,75.0,0,2024-04-26 03:09:06,3390
5097,,,LONGLINE BUOY 09 50%,319009,15,5.6,120.343472,22.311338,80.5,0,2024-04-26 03:12:24,3368
5241,,,LONGLINE BUOY 09 50%,319009,15,4.6,120.352923,22.314665,70.9,0,2024-04-26 03:19:00,3505
5396,,,LONGLINE BUOY 09 50%,319009,15,3.8,120.356997,22.316052,62.6,0,2024-04-26 03:22:16,3621
5314,,,LONGLINE BUOY 09 50%,319009,15,4.1,120.360807,22.317703,60.9,0,2024-04-26 03:25:37,3558
5313,,,LONGLINE BUOY 09 49%,319009,15,4.9,120.367533,22.322955,40.8,0,2024-04-26 03:32:10,3570
5367,,,LONGLINE BUOY 09 49%,319009,15,5.8,120.371143,22.326343,33.8,0,2024-04-26 03:35:26,3610
5216,,,LONGLINE BUOY 09 49%,319009,15,6.3,120.37486,22.330602,45.8,0,2024-04-26 03:38:42,3522
5351,,,LONGLINE BUOY 09 49%,319009,15,5.7,120.3765,22.334565,268.5,0,2024-04-26 03:42:00,3597
5470,,,LONGLINE BUOY 09 49%,319009,15,0.3,120.375392,22.335333,54.8,0,2024-04-26 03:45:16,3688
5209,,,LONGLINE BUOY 09 49%,319009,15,2.0,120.372432,22.332628,244.3,0,2024-04-26 03:51:51,3531
5431,,,LONGLINE BUOY 09 49%,319009,15,0.1,120.372455,22.332635,306.0,0,2024-04-26 03:55:06,3652
5478,,,LONGLINE BUOY 09 49%,319009,15,0.0,120.372398,22.332618,254.6,0,2024-04-26 03:58:22,3689
5397,,,LONGLINE BUOY 09 49%,319009,15,0.2,120.372425,22.332622,240.0,0,2024-04-26 04:01:42,3620
5129,,,LONGLINE BUOY 09 49%,319009,15,0.9,120.371998,22.33263,227.3,0,2024-04-26 04:08:18,3453
5028,,,LONGLINE BUOY 09 49%,319009,15,0.1,120.372358,22.332632,104.7,0,2024-04-26 04:11:36,3395
5537,,,LONGLINE BUOY 09 49%,319009,15,0.6,120.37262,22.332673,288.4,0,2024-04-26 04:14:58,3729
5668,,,LONGLINE BUOY 09 49%,319009,15,0.5,120.372427,22.33257,90.8,0,2024-04-26 04:18:18,3822
5552,,,LONGLINE BUOY 09 49%,319009,15,0.4,120.372327,22.332672,216.6,0,2024-04-26 04:21:44,3770
5666,,,LONGLINE BUOY 09 48%,319009,15,0.2,120.372362,22.332553,122.2,0,2024-04-26 04:28:51,3852
5712,,,LONGLINE BUOY 09 48%,319009,15,0.2,120.372362,22.332553,122.2,0,2024-04-26 04:28:51,3864
5771,,,LONGLINE BUOY 09 48%,319009,15,0.0,120.372342,22.33251,153.8,0,2024-04-26 04:35:26,3892
5502,,,LONGLINE BUOY 09 48%,319009,15,0.1,120.372358,22.332487,255.8,0,2024-04-26 04:38:42,3737
5601,,,LONGLINE BUOY 09 48%,319009,15,0.6,120.372353,22.332387,182.3,0,2024-04-26 04:45:12,3799
5494,,,LONGLINE BUOY 09 48%,319009,15,0.2,120.372347,22.332443,114.0,0,2024-04-26 04:48:32,3729
5543,,,LONGLINE BUOY 09 49%,319009,15,0.0,120.372347,22.332458,105.5,0,2024-04-26 04:51:45,3759
5486,,,LONGLINE BUOY 09 49%,319009,15,0.0,120.372247,22.332543,226.9,0,2024-04-26 04:54:55,3689
5269,,,LONGLINE BUOY 09 49%,319009,15,4.4,120.372345,22.332403,339.9,0,2024-04-26 05:01:19,3534
5004,,,LONGLINE BUOY 09 49%,319009,15,0.3,120.372282,22.332535,157.7,0,2024-04-26 05:04:32,3371
5116,,,LONGLINE BUOY 09 49%,319009,15,0.4,120.372332,22.332457,357.0,0,2024-04-26 05:07:47,3436
5230,,,LONGLINE BUOY 09 48%,319009,15,0.2,120.372345,22.332418,18.9,0,2024-04-26 05:14:22,3560
5523,,,LONGLINE BUOY 09 48%,319009,15,0.2,120.372358,22.332378,348.8,0,2024-04-26 05:17:40,3773
5693,,,LONGLINE BUOY 09 48%,319009,15,0.1,120.372365,22.332447,42.2,0,2024-04-26 05:20:54,3898
5701,,,LONGLINE BUOY 09 48%,319009,15,0.1,120.372403,22.332355,172.2,0,2024-04-26 05:24:12,3897
5070,,,LONGLINE BUOY 09 48%,319009,15,0.0,120.372405,22.332373,5.0,0,2024-04-26 05:30:42,3462
5142,,,LONGLINE BUOY 09 48%,319009,15,0.3,120.372425,22.332318,193.0,0,2024-04-26 05:33:58,3506
4856,,,LONGLINE BUOY 09 48%,319009,15,0.3,120.372472,22.332295,153.3,0,2024-04-26 05:37:14,3323
5304,,,LONGLINE BUOY 09 48%,319009,15,0.3,120.372472,22.332295,153.3,0,2024-04-26 05:37:14,3636
5435,,,LONGLINE BUOY 09 48%,319009,15,0.3,120.372408,22.332323,179.2,0,2024-04-26 05:43:44,3728
5299,,,LONGLINE BUOY 09 48%,319009,15,0.5,120.372412,22.332335,165.3,0,2024-04-26 05:50:16,3623
4993,,,LONGLINE BUOY 09 48%,319009,15,0.3,120.372397,22.332392,2.0,0,2024-04-26 05:53:36,3415
5250,,,LONGLINE BUOY 09 48%,319009,15,0.1,120.372362,22.332427,297.0,0,2024-04-26 05:56:52,3589
5623,,,LONGLINE BUOY 09 48%,319009,15,0.2,120.37233,22.332365,339.8,0,2024-04-26 06:00:04,3841
5381,,,LONGLINE BUOY 09 48%,319009,15,0.4,120.372353,22.332315,354.9,0,2024-04-26 06:06:36,3664
5674,,,LONGLINE BUOY 09 48%,319009,15,0.2,120.372372,22.332415,101.0,0,2024-04-26 06:09:52,3877
5509,,,LONGLINE BUOY 09 48%,319009,15,0.2,120.372373,22.332487,62.8,0,2024-04-26 06:13:06,3793
5565,,,LONGLINE BUOY 09 48%,319009,15,0.0,120.372332,22.332453,248.9,0,2024-04-26 06:16:22,3818
5886,,,LONGLINE BUOY 09 48%,319009,15,0.6,120.372188,22.332345,65.7,0,2024-04-26 06:22:52,4043
5743,,,LONGLINE BUOY 09 48%,319009,15,0.6,120.372373,22.332417,87.3,0,2024-04-26 06:26:08,3945
6018,,,LONGLINE BUOY 09 48%,319009,15,0.4,120.372397,22.332467,75.4,0,2024-04-26 06:29:24,4124
5582,,,LONGLINE BUOY 09 48%,319009,15,0.4,120.372448,22.33244,33.9,0,2024-04-26 06:32:40,3858
5521,,,LONGLINE BUOY 09 47%,319009,15,0.6,120.372467,22.332222,49.6,0,2024-04-26 06:36:04,3791
5572,,,LONGLINE BUOY 09 48%,319009,15,0.6,120.372408,22.332503,48.0,0,2024-04-26 06:42:38,3832
5700,,,LONGLINE BUOY 09 47%,319009,15,0.5,120.372422,22.332508,51.1,0,2024-04-26 06:45:54,3906
5752,,,LONGLINE BUOY 09 47%,319009,15,0.3,120.372393,22.332578,36.2,0,2024-04-26 06:49:22,3927
5641,,,LONGLINE BUOY 09 47%,319009,15,0.4,120.37242,22.332508,49.7,0,2024-04-26 06:55:56,3884
5697,,,LONGLINE BUOY 09 47%,319009,15,0.4,120.372297,22.332527,81.1,0,2024-04-26 06:59:14,3910
5747,,,LONGLINE BUOY 09 47%,319009,15,0.6,120.37239,22.332457,313.7,0,2024-04-26 07:02:32,3938
5595,,,LONGLINE BUOY 09 47%,319009,15,0.6,120.37239,22.332457,313.7,0,2024-04-26 07:02:32,3806
6002,,,LONGLINE BUOY 09 47%,319009,15,0.6,120.37239,22.332457,313.7,0,2024-04-26 07:02:32,4102
5664,,,LONGLINE BUOY 09 47%,319009,15,0.1,120.37238,22.332458,73.6,0,2024-04-26 07:15:50,3850
5458,,,LONGLINE BUOY 09 47%,319009,15,0.4,120.372322,22.332532,41.9,0,2024-04-26 07:19:06,3752
5938,,,LONGLINE BUOY 09 47%,319009,15,0.7,120.372255,22.332505,140.0,0,2024-04-26 07:22:25,4060
5477,,,LONGLINE BUOY 09 47%,319009,15,0.3,120.372232,22.33251,174.5,0,2024-04-26 07:25:43,3734
5286,,,LONGLINE BUOY 09 47%,319009,15,0.9,120.372315,22.332525,144.7,0,2024-04-26 07:32:18,3601
5248,,,LONGLINE BUOY 09 47%,319009,15,0.2,120.37221,22.33249,86.6,0,2024-04-26 07:35:37,3562
5254,,,LONGLINE BUOY 09 47%,319009,15,0.4,120.372218,22.332372,112.1,0,2024-04-26 07:38:58,3539
5342,,,LONGLINE BUOY 09 47%,319009,15,0.4,120.372355,22.332367,78.0,0,2024-04-26 07:42:18,3599
5579,,,LONGLINE BUOY 09 47%,319009,15,0.1,120.372442,22.332365,134.5,0,2024-04-26 07:49:10,3773
5535,,,LONGLINE BUOY 09 47%,319009,15,0.2,120.37233,22.332455,153.4,0,2024-04-26 07:52:30,3741
5702,,,LONGLINE BUOY 09 47%,319009,15,0.5,120.372227,22.332213,68.2,0,2024-04-26 07:55:49,3839
5361,,,LONGLINE BUOY 09 47%,319009,15,0.4,120.372315,22.332278,181.0,0,2024-04-26 07:59:07,3633
5155,,,LONGLINE BUOY 09 47%,319009,15,0.2,120.372433,22.332282,104.7,0,2024-04-26 08:02:26,3473
4951,,,LONGLINE BUOY 09 46%,319009,15,0.3,120.372427,22.332337,35.6,0,2024-04-26 08:09:00,3338
5632,,,LONGLINE BUOY 09 47%,319009,15,0.5,120.372202,22.332262,40.6,0,2024-04-26 08:12:16,3780
5797,,,LONGLINE BUOY 09 47%,319009,15,0.2,120.372177,22.332203,256.1,0,2024-04-26 08:15:32,3905
5604,,,LONGLINE BUOY 09 47%,319009,15,0.4,120.372188,22.332263,100.8,0,2024-04-26 08:18:52,3752
5599,,,LONGLINE BUOY 09 47%,319009,15,0.9,120.372273,22.332265,43.1,0,2024-04-26 08:22:10,3763
5942,,,LONGLINE BUOY 09 46%,319009,15,0.5,120.372078,22.332182,53.0,0,2024-04-26 08:28:45,3991
5786,,,LONGLINE BUOY 09 46%,319009,15,0.0,120.372098,22.332203,111.5,0,2024-04-26 08:31:59,3890
5632,,,LONGLINE BUOY 09 46%,319009,15,0.2,120.371863,22.332018,106.3,0,2024-04-26 08:38:35,3789
5789,,,LONGLINE BUOY 09 46%,319009,15,0.6,120.372327,22.332285,64.2,0,2024-04-26 08:41:58,3898
5877,,,LONGLINE BUOY 09 46%,319009,15,0.1,120.372285,22.33251,230.7,0,2024-04-26 08:45:38,3939
5173,,,LONGLINE BUOY 09 46%,319009,15,0.1,120.37226,22.332515,332.8,0,2024-04-26 08:48:52,3496
4814,,,LONGLINE BUOY 09 44%,319009,15,0.1,120.372322,22.332462,229.1,0,2024-04-26 08:52:06,3233
4937,,,LONGLINE BUOY 09 46%,319009,15,0.7,120.372288,22.332533,80.9,0,2024-04-26 08:58:37,3286
4946,,,LONGLINE BUOY 09 46%,319009,15,0.5,120.372352,22.332503,200.3,0,2024-04-26 09:01:52,3301
5561,,,LONGLINE BUOY 09 46%,319009,15,0.1,120.372392,22.332435,108.2,0,2024-04-26 09:05:09,3715
5321,,,LONGLINE BUOY 09 46%,319009,15,0.3,120.372293,22.33247,164.9,0,2024-04-26 09:08:22,3579
5803,,,LONGLINE BUOY 09 46%,319009,15,0.1,120.37233,22.33243,273.1,0,2024-04-26 09:14:57,3909
5450,,,LONGLINE BUOY 09 46%,319009,15,0.2,120.372347,22.332405,102.0,0,2024-04-26 09:18:15,3646
5617,,,LONGLINE BUOY 09 46%,319009,15,0.3,120.372332,22.33244,181.3,0,2024-04-26 09:21:29,3779
5707,,,LONGLINE BUOY 09 46%,319009,15,0.3,120.37232,22.332448,194.4,0,2024-04-26 09:24:45,3833
5452,,,LONGLINE BUOY 09 46%,319009,15,0.7,120.372675,22.332455,165.0,0,2024-04-26 09:31:19,3681
5671,,,LONGLINE BUOY 09 46%,319009,15,0.7,120.372795,22.332935,61.2,0,2024-04-26 09:34:38,3827
5441,,,LONGLINE BUOY 09 46%,319009,15,0.0,120.372293,22.332665,151.1,0,2024-04-26 09:37:54,3645
5417,,,LONGLINE BUOY 09 46%,319009,15,0.2,120.37234,22.33272,138.4,0,2024-04-26 09:41:11,3618
5193,,,LONGLINE BUOY 09 46%,319009,15,0.5,120.372303,22.332693,214.0,0,2024-04-26 09:44:28,3455
5397,,,LONGLINE BUOY 09 46%,319009,15,0.2,120.37271,22.332905,156.7,0,2024-04-26 09:51:12,3590
5317,,,LONGLINE BUOY 09 46%,319009,15,0.5,120.372295,22.332615,123.3,0,2024-04-26 09:54:32,3550
5848,,,LONGLINE BUOY 09 45%,319009,15,0.3,120.372297,22.332767,209.4,0,2024-04-26 09:57:52,3905
5560,,,LONGLINE BUOY 09 45%,319009,15,0.2,120.372307,22.332712,115.9,0,2024-04-26 10:01:12,3721
5683,,,LONGLINE BUOY 09 45%,319009,15,0.3,120.372425,22.332772,157.0,0,2024-04-26 10:07:52,3793
5652,,,LONGLINE BUOY 09 45%,319009,15,0.1,120.372223,22.332687,179.4,0,2024-04-26 10:11:08,3779
5875,,,LONGLINE BUOY 09 45%,319009,15,0.1,120.372347,22.33269,3.2,0,2024-04-26 10:14:30,3930
5530,,,LONGLINE BUOY 09 45%,319009,15,0.3,120.3723,22.332815,119.8,0,2024-04-26 10:17:48,3681
5554,,,LONGLINE BUOY 09 45%,319009,15,1.4,120.372323,22.332713,278.6,0,2024-04-26 10:21:06,3700
5705,,,LONGLINE BUOY 09 45%,319009,15,0.2,120.372428,22.332823,40.9,0,2024-04-26 10:27:44,3814
5498,,,LONGLINE BUOY 09 45%,319009,15,0.3,120.37233,22.332765,145.2,0,2024-04-26 10:31:02,3689
5563,,,LONGLINE BUOY 09 45%,319009,15,0.1,120.372608,22.333032,144.9,0,2024-04-26 10:34:21,3725
5552,,,LONGLINE BUOY 09 45%,319009,15,0.3,120.372522,22.333002,107.5,0,2024-04-26 10:41:04,3722
5483,,,LONGLINE BUOY 09 45%,319009,15,0.2,120.372493,22.33277,143.2,0,2024-04-26 10:44:17,3668
5746,,,LONGLINE BUOY 09 45%,319009,15,0.4,120.372465,22.33298,49.4,0,2024-04-26 10:47:38,3820
5824,,,LONGLINE BUOY 09 45%,319009,15,0.1,120.3725,22.33271,127.9,0,2024-04-26 10:51:02,3864
5527,,,LONGLINE BUOY 09 45%,319009,15,0.1,120.372438,22.332853,48.9,0,2024-04-26 10:54:19,3638
5681,,,LONGLINE BUOY 09 45%,319009,15,0.1,120.372388,22.332797,322.8,0,2024-04-26 11:00:55,3748
5469,,,LONGLINE BUOY 09 45%,319009,15,0.1,120.372373,22.33264,338.1,0,2024-04-26 11:04:10,3617
5424,,,LONGLINE BUOY 09 45%,319009,15,0.2,120.37254,22.332712,124.4,0,2024-04-26 11:07:32,3590
5521,,,LONGLINE BUOY 09 45%,319009,15,0.5,120.372338,22.332818,133.7,0,2024-04-26 11:10:51,3652
5642,,,LONGLINE BUOY 09 45%,319009,15,0.0,120.372377,22.332828,296.8,0,2024-04-26 11:14:05,3752
5549,,,LONGLINE BUOY 09 44%,319009,15,0.4,120.372392,22.3328,348.0,0,2024-04-26 11:20:41,3694
5772,,,LONGLINE BUOY 09 44%,319009,15,0.2,120.372347,22.332877,51.5,0,2024-04-26 11:24:10,3825
5387,,,LONGLINE BUOY 09 44%,319009,15,0.1,120.372402,22.332792,15.4,0,2024-04-26 11:27:30,3584
5759,,,LONGLINE BUOY 09 45%,319009,15,0.3,120.372453,22.332703,120.6,0,2024-04-26 11:34:03,3810
5464,,,LONGLINE BUOY 09 45%,319009,15,0.3,120.372502,22.332693,112.0,0,2024-04-26 11:37:19,3594
5459,,,LONGLINE BUOY 09 44%,319009,15,0.2,120.37225,22.332882,145.6,0,2024-04-26 11:40:46,3594
5644,,,LONGLINE BUOY 09 44%,319009,15,0.4,120.372377,22.332737,60.6,0,2024-04-26 11:44:02,3739
5690,,,LONGLINE BUOY 09 44%,319009,15,0.4,120.372363,22.33274,134.1,0,2024-04-26 11:47:20,3787
5703,,,LONGLINE BUOY 09 44%,319009,15,0.1,120.372397,22.33272,81.5,0,2024-04-26 11:54:00,3800
5563,,,LONGLINE BUOY 09 44%,319009,15,0.5,120.372417,22.332663,104.9,0,2024-04-26 11:57:28,3678
5871,,,LONGLINE BUOY 09 45%,319009,15,0.5,120.372268,22.332948,44.9,0,2024-04-26 12:00:50,3924
5559,,,LONGLINE BUOY 09 44%,319009,15,0.4,120.37238,22.332698,258.5,0,2024-04-26 12:04:14,3713
5566,,,LONGLINE BUOY 09 44%,319009,15,0.1,120.372337,22.332732,348.2,0,2024-04-26 12:11:00,3745
5425,,,LONGLINE BUOY 09 44%,319009,15,0.2,120.372272,22.332782,336.4,0,2024-04-26 12:14:16,3616
5805,,,LONGLINE BUOY 09 44%,319009,15,0.9,120.372247,22.332775,96.0,0,2024-04-26 12:17:35,3854
5416,,,LONGLINE BUOY 09 44%,319009,15,0.9,120.372247,22.332775,96.0,0,2024-04-26 12:17:35,3601
5428,,,LONGLINE BUOY 09 44%,319009,15,0.5,120.372175,22.332752,91.0,0,2024-04-26 12:24:07,3592
5817,,,LONGLINE BUOY 09 43%,319009,15,0.2,120.372252,22.332672,160.5,0,2024-04-26 12:30:45,3851
5413,,,LONGLINE BUOY 09 44%,319009,15,0.2,120.372313,22.332675,121.6,0,2024-04-26 12:34:05,3582
5412,,,LONGLINE BUOY 09 44%,319009,15,0.3,120.372305,22.332673,336.7,0,2024-04-26 12:37:24,3583
5562,,,LONGLINE BUOY 09 44%,319009,15,0.0,120.372317,22.332685,6.0,0,2024-04-26 12:40:42,3654
5568,,,LONGLINE BUOY 09 44%,319009,15,0.1,120.372397,22.332643,42.1,0,2024-04-26 12:44:10,3658
5352,,,LONGLINE BUOY 09 44%,319009,15,0.0,120.372362,22.332605,115.1,0,2024-04-26 12:50:52,3497
5249,,,LONGLINE BUOY 09 44%,319009,15,0.3,120.37233,22.332682,96.1,0,2024-04-26 12:54:08,3442
5296,,,LONGLINE BUOY 09 44%,319009,15,1.1,120.37229,22.332778,332.6,0,2024-04-26 12:57:25,3451
5596,,,LONGLINE BUOY 09 44%,319009,15,0.1,120.372317,22.3327,107.3,0,2024-04-26 13:04:04,3706
5467,,,LONGLINE BUOY 09 43%,319009,15,0.2,120.372375,22.332687,162.4,0,2024-04-26 13:07:30,3604
5546,,,LONGLINE BUOY 09 44%,319009,15,0.7,120.372312,22.332728,89.8,0,2024-04-26 13:10:49,3691
5502,,,LONGLINE BUOY 09 43%,319009,15,0.1,120.372323,22.3327,208.9,0,2024-04-26 13:14:07,3650
5997,,,LONGLINE BUOY 09 43%,319009,15,0.0,120.372333,22.332625,153.7,0,2024-04-26 13:17:25,3975
5564,,,LONGLINE BUOY 09 43%,319009,15,0.4,120.372303,22.332767,347.3,0,2024-04-26 13:24:01,3708
5487,,,LONGLINE BUOY 09 43%,319009,15,0.2,120.372255,22.332798,156.3,0,2024-04-26 13:27:19,3630
5529,,,LONGLINE BUOY 09 43%,319009,15,0.1,120.37235,22.332767,104.3,0,2024-04-26 13:30:37,3671
5474,,,LONGLINE BUOY 09 43%,319009,15,0.2,120.372263,22.332812,351.0,0,2024-04-26 13:33:58,3579
5260,,,LONGLINE BUOY 09 43%,319009,15,0.4,120.372413,22.332708,39.5,0,2024-04-26 13:37:16,3455
5259,,,LONGLINE BUOY 09 43%,319009,15,0.1,120.372333,22.33279,95.9,0,2024-04-26 13:43:54,3468
5518,,,LONGLINE BUOY 09 43%,319009,15,0.1,120.372272,22.33286,355.0,0,2024-04-26 13:47:13,3603
5768,,,LONGLINE BUOY 09 43%,319009,15,0.3,120.372187,22.332847,23.4,0,2024-04-26 13:50:31,3780
5631,,,LONGLINE BUOY 09 43%,319009,15,0.4,120.372342,22.332908,329.6,0,2024-04-26 13:57:16,3690
5314,,,LONGLINE BUOY 09 43%,319009,15,0.1,120.372282,22.332862,313.9,0,2024-04-26 14:00:36,3486
5339,,,LONGLINE BUOY 09 43%,319009,15,0.0,120.372258,22.332912,355.4,0,2024-04-26 14:03:53,3466
5220,,,LONGLINE BUOY 09 43%,319009,15,0.2,120.37211,22.332858,358.1,0,2024-04-26 14:07:13,3374
5077,,,LONGLINE BUOY 09 43%,319009,15,0.3,120.372243,22.332893,268.4,0,2024-04-26 14:10:32,3286
5461,,,LONGLINE BUOY 09 43%,319009,15,0.0,120.372158,22.332935,16.8,0,2024-04-26 14:17:08,3577
5345,,,LONGLINE BUOY 09 43%,319009,15,0.2,120.372195,22.332965,280.9,0,2024-04-26 14:20:26,3464
5239,,,LONGLINE BUOY 09 43%,319009,15,0.2,120.372195,22.332965,280.9,0,2024-04-26 14:20:26,3414
5350,,,LONGLINE BUOY 09 43%,319009,15,0.1,120.372235,22.332957,64.2,0,2024-04-26 14:27:02,3487
5382,,,LONGLINE BUOY 09 43%,319009,15,0.1,120.372167,22.33296,330.9,0,2024-04-26 14:33:38,3521
5458,,,LONGLINE BUOY 09 43%,319009,15,0.1,120.372145,22.332983,280.4,0,2024-04-26 14:36:58,3555
5408,,,LONGLINE BUOY 09 43%,319009,15,0.1,120.372107,22.332968,7.3,0,2024-04-26 14:40:16,3517
5401,,,LONGLINE BUOY 09 43%,319009,15,0.2,120.372103,22.33289,5.5,0,2024-04-26 14:43:34,3514
5360,,,LONGLINE BUOY 09 43%,319009,15,0.1,120.37221,22.332917,25.8,0,2024-04-26 14:50:10,3482
5422,,,LONGLINE BUOY 09 43%,319009,15,0.6,120.37215,22.332958,203.4,0,2024-04-26 14:53:28,3545
5258,,,LONGLINE BUOY 09 43%,319009,15,5.2,120.374575,22.334512,34.4,0,2024-04-26 14:56:46,3453
5690,,,LONGLINE BUOY 09 43%,319009,15,0.0,120.375368,22.335252,357.7,0,2024-04-26 15:00:16,3726
5120,,,LONGLINE BUOY 09 43%,319009,15,6.3,120.37761,22.334343,80.5,0,2024-04-26 15:03:46,3346
5056,,,LONGLINE BUOY 09 43%,319009,15,6.0,120.387705,22.33989,37.0,0,2024-04-26 15:10:18,3268
5113,,,LONGLINE BUOY 09 42%,319009,15,5.8,120.391137,22.344618,29.0,0,2024-04-26 15:13:31,3272
5389,,,LONGLINE BUOY 09 42%,319009,15,4.5,120.392762,22.34958,12.7,0,2024-04-26 15:16:51,3469
5580,,,LONGLINE BUOY 09 43%,319009,15,5.1,120.394475,22.354083,35.0,0,2024-04-26 15:20:10,3641
5424,,,LONGLINE BUOY 09 43%,319009,15,3.9,120.397672,22.362908,310.0,0,2024-04-26 15:26:43,3534
5175,,,LONGLINE BUOY 09 43%,319009,15,4.3,120.39921,22.367447,21.3,0,2024-04-26 15:29:55,3372
5005,,,LONGLINE BUOY 09 43%,319009,15,4.9,120.400873,22.372167,19.1,0,2024-04-26 15:33:09,3256
5626,,,LONGLINE BUOY 09 43%,319009,15,5.9,120.404042,22.382283,13.2,0,2024-04-26 15:39:33,3649
5246,,,LONGLINE BUOY 09 43%,319009,15,5.3,120.405098,22.387422,11.0,0,2024-04-26 15:42:51,3423
5569,,,LONGLINE BUOY 09 43%,319009,15,5.4,120.405627,22.392685,13.9,0,2024-04-26 15:46:12,3626
5453,,,LONGLINE BUOY 09 42%,319009,15,4.8,120.406837,22.397273,5.5,0,2024-04-26 15:49:30,3543
5136,,,LONGLINE BUOY 09 43%,319009,15,4.2,120.4081,22.401418,19.1,0,2024-04-26 15:52:48,3351
5143,,,LONGLINE BUOY 09 43%,319009,15,4.6,120.410822,22.409243,0.5,0,2024-04-26 15:59:20,3347
5460,,,LONGLINE BUOY 09 43%,319009,15,4.8,120.412488,22.413233,17.9,0,2024-04-26 16:02:38,3581
5577,,,LONGLINE BUOY 09 43%,319009,15,4.8,120.414148,22.417517,17.4,0,2024-04-26 16:05:52,3630
5174,,,LONGLINE BUOY 09 43%,319009,15,4.8,120.414148,22.417517,17.4,0,2024-04-26 16:05:52,3369
5086,,,LONGLINE BUOY 09 42%,319009,15,4.5,120.418807,22.431022,23.1,0,2024-04-26 16:15:51,3311
4948,,,LONGLINE BUOY 09 42%,319009,15,4.5,120.418807,22.431022,23.1,0,2024-04-26 16:15:51,3238
4813,,,LONGLINE BUOY 09 42%,319009,15,5.0,120.422252,22.439868,21.2,0,2024-04-26 16:22:27,3138
4675,,,LONGLINE BUOY 09 42%,319009,15,5.4,120.42389,22.444553,25.4,0,2024-04-26 16:25:46,3018
4700,,,LONGLINE BUOY 09 42%,319009,15,5.6,120.428335,22.453807,33.7,0,2024-04-26 16:32:23,3038
5024,,,LONGLINE BUOY 09 42%,319009,15,5.6,120.430955,22.458407,31.8,0,2024-04-26 16:35:39,3241
4738,,,LONGLINE BUOY 09 42%,319009,15,5.7,120.433717,22.462982,33.9,0,2024-04-26 16:39:00,3071
4732,,,LONGLINE BUOY 09 42%,319009,15,4.1,120.43818,22.464658,55.2,0,2024-04-26 16:42:19,3063
4579,,,LONGLINE BUOY 09 42%,319009,15,4.1,120.43818,22.464658,55.2,0,2024-04-26 16:42:19,2993
4673,,,LONGLINE BUOY 09 42%,319009,15,0.2,120.443197,22.466362,44.0,0,2024-04-26 16:52:15,3057
4690,,,LONGLINE BUOY 09 42%,319009,15,0.2,120.44321,22.466365,134.5,0,2024-04-26 16:55:35,3069
4938,,,LONGLINE BUOY 09 42%,319009,15,0.6,120.443223,22.46634,121.6,0,2024-04-26 16:58:51,3239
5147,,,LONGLINE BUOY 09 42%,319009,15,0.2,120.443362,22.466313,115.4,0,2024-04-26 17:02:20,3403
5641,,,LONGLINE BUOY 09 42%,319009,15,0.3,120.443363,22.466347,259.0,0,2024-04-26 17:09:07,3734
5759,,,LONGLINE BUOY 09 42%,319009,15,0.1,120.443268,22.466353,77.3,0,2024-04-26 17:12:24,3806
5484,,,LONGLINE BUOY 09 42%,319009,15,0.1,120.44315,22.466368,103.0,0,2024-04-26 17:15:41,3623
5767,,,LONGLINE BUOY 09 42%,319009,15,0.0,120.443255,22.46626,27.4,0,2024-04-26 17:19:06,3802
5306,,,LONGLINE BUOY 09 42%,319009,15,0.6,120.443633,22.466573,206.3,0,2024-04-26 17:22:25,3541
5373,,,LONGLINE BUOY 09 42%,319009,15,0.1,120.44326,22.466178,326.8,0,2024-04-26 17:29:12,3587
5540,,,LONGLINE BUOY 09 42%,319009,15,0.3,120.44323,22.466187,16.5,0,2024-04-26 17:32:31,3683
5277,,,LONGLINE BUOY 09 42%,319009,15,0.6,120.443255,22.466208,210.3,0,2024-04-26 17:35:50,3501
5522,,,LONGLINE BUOY 09 42%,319009,15,0.5,120.443317,22.466278,3.2,0,2024-04-26 17:39:08,3664
5482,,,LONGLINE BUOY 09 42%,319009,15,0.3,120.443293,22.46623,115.4,0,2024-04-26 17:42:23,3623
5256,,,LONGLINE BUOY 09 42%,319009,15,0.9,120.44317,22.46626,61.4,0,2024-04-26 17:48:59,3507
5700,,,LONGLINE BUOY 09 41%,319009,15,0.2,120.443345,22.466287,13.1,0,2024-04-26 17:52:21,3805
5482,,,LONGLINE BUOY 09 41%,319009,15,0.7,120.443253,22.466333,18.1,0,2024-04-26 17:55:38,3662
5380,,,LONGLINE BUOY 09 41%,319009,15,0.7,120.443315,22.466457,200.0,0,2024-04-26 18:02:15,3585
5653,,,LONGLINE BUOY 09 42%,319009,15,0.6,120.44317,22.466265,33.2,0,2024-04-26 18:05:33,3741
5201,,,LONGLINE BUOY 09 42%,319009,15,0.2,120.443185,22.466297,148.5,0,2024-04-26 18:08:49,3468
5364,,,LONGLINE BUOY 09 42%,319009,15,0.2,120.443185,22.466297,148.5,0,2024-04-26 18:08:49,3597
5359,,,LONGLINE BUOY 09 41%,319009,15,0.2,120.443243,22.466417,153.1,0,2024-04-26 18:15:25,3586
5694,,,LONGLINE BUOY 09 41%,319009,15,0.3,120.44328,22.466505,34.1,0,2024-04-26 18:22:07,3819
5420,,,LONGLINE BUOY 09 41%,319009,15,0.7,120.443168,22.466427,169.6,0,2024-04-26 18:25:27,3637
5410,,,LONGLINE BUOY 09 41%,319009,15,0.3,120.443128,22.4664,86.2,0,2024-04-26 18:28:49,3637
5452,,,LONGLINE BUOY 09 41%,319009,15,0.3,120.443118,22.466455,42.9,0,2024-04-26 18:32:05,3665
5257,,,LONGLINE BUOY 09 41%,319009,15,0.6,120.443202,22.466455,166.1,0,2024-04-26 18:35:25,3533
5202,,,LONGLINE BUOY 09 41%,319009,15,0.2,120.443153,22.466313,17.7,0,2024-04-26 18:42:03,3467
5253,,,LONGLINE BUOY 09 41%,319009,15,9.3,120.443133,22.466198,59.5,0,2024-04-26 18:45:23,3521
5398,,,LONGLINE BUOY 09 41%,319009,15,0.4,120.443163,22.466218,63.2,0,2024-04-26 18:48:46,3614
5502,,,LONGLINE BUOY 09 41%,319009,15,0.3,120.443085,22.466277,202.3,0,2024-04-26 18:52:05,3692
5624,,,LONGLINE BUOY 09 41%,319009,15,0.5,120.443203,22.466205,96.2,0,2024-04-26 18:58:47,3762
5355,,,LONGLINE BUOY 09 41%,319009,15,0.3,120.44312,22.466388,106.1,0,2024-04-26 19:02:03,3577
5175,,,LONGLINE BUOY 09 41%,319009,15,0.5,120.44319,22.466203,105.7,0,2024-04-26 19:05:18,3407
5048,,,LONGLINE BUOY 09 41%,319009,15,0.4,120.443057,22.466255,190.8,0,2024-04-26 19:08:37,3307
4946,,,LONGLINE BUOY 09 41%,319009,15,0.2,120.443202,22.466147,139.3,0,2024-04-26 19:15:13,3250
4775,,,LONGLINE BUOY 09 41%,319009,15,0.6,120.443237,22.466213,102.1,0,2024-04-26 19:18:28,3120
5038,,,LONGLINE BUOY 09 41%,319009,15,0.7,120.443115,22.466265,127.5,0,2024-04-26 19:21:51,3268
4923,,,LONGLINE BUOY 09 41%,319009,15,0.9,120.44311,22.466117,138.8,0,2024-04-26 19:25:09,3215
4998,,,LONGLINE BUOY 09 41%,319009,15,0.4,120.443272,22.466202,141.3,0,2024-04-26 19:28:48,3276
4882,,,LONGLINE BUOY 09 40%,319009,15,0.0,120.443257,22.466228,174.5,0,2024-04-26 19:35:27,3199
4811,,,LONGLINE BUOY 09 40%,319009,15,0.6,120.443553,22.466023,109.5,0,2024-04-26 19:38:43,3136
4881,,,LONGLINE BUOY 09 41%,319009,15,0.0,120.443307,22.46619,66.4,0,2024-04-26 19:42:04,3199
4915,,,LONGLINE BUOY 09 40%,319009,15,0.2,120.443242,22.46623,99.1,0,2024-04-26 19:45:22,3204
4717,,,LONGLINE BUOY 09 40%,319009,15,0.4,120.443223,22.466318,173.2,0,2024-04-26 19:52:02,3082
4968,,,LONGLINE BUOY 09 40%,319009,15,0.6,120.443233,22.466278,130.1,0,2024-04-26 19:55:21,3227
4921,,,LONGLINE BUOY 09 40%,319009,15,0.3,120.443317,22.466152,55.3,0,2024-04-26 19:58:39,3196
4991,,,LONGLINE BUOY 09 40%,319009,15,0.2,120.443282,22.466272,75.5,0,2024-04-26 20:01:58,3249
4928,,,LONGLINE BUOY 09 40%,319009,15,0.1,120.443272,22.46629,77.8,0,2024-04-26 20:08:41,3194
4930,,,LONGLINE BUOY 09 40%,319009,15,0.9,120.443245,22.466333,315.8,0,2024-04-26 20:11:57,3192
4762,,,LONGLINE BUOY 09 40%,319009,15,0.4,120.44329,22.466295,50.6,0,2024-04-26 20:15:11,3088
4844,,,LONGLINE BUOY 09 40%,319009,15,0.2,120.44328,22.46627,357.8,0,2024-04-26 20:18:36,3129
4905,,,LONGLINE BUOY 09 40%,319009,15,0.3,120.4432,22.466322,106.2,0,2024-04-26 20:22:06,3170
4906,,,LONGLINE BUOY 09 40%,319009,15,0.1,120.443297,22.466293,151.6,0,2024-04-26 20:28:48,3170
4926,,,LONGLINE BUOY 09 40%,319009,15,0.3,120.443225,22.466298,309.8,0,2024-04-26 20:32:06,3195
4966,,,LONGLINE BUOY 09 40%,319009,15,0.1,120.44327,22.466285,142.6,0,2024-04-26 20:35:28,3200
5190,,,LONGLINE BUOY 09 40%,319009,15,0.3,120.443042,22.466365,293.9,0,2024-04-26 20:38:54,3345
5072,,,LONGLINE BUOY 09 40%,319009,15,0.4,120.443117,22.466405,144.5,0,2024-04-26 20:42:20,3258
4681,,,LONGLINE BUOY 09 40%,319009,15,0.1,120.443252,22.466248,71.8,0,2024-04-26 20:49:04,3006
4902,,,LONGLINE BUOY 09 40%,319009,15,0.3,120.443222,22.466267,87.3,0,2024-04-26 20:52:24,3173
4805,,,LONGLINE BUOY 09 40%,319009,15,0.0,120.443188,22.46666,195.8,0,2024-04-26 20:55:41,3097
4708,,,LONGLINE BUOY 09 40%,319009,15,0.4,120.443208,22.466272,114.9,0,2024-04-26 20:59:04,3047
4535,,,LONGLINE BUOY 09 40%,319009,15,0.0,120.44316,22.466372,123.5,0,2024-04-26 21:02:22,2945
4735,,,LONGLINE BUOY 09 40%,319009,15,0.1,120.443275,22.466188,66.5,0,2024-04-26 21:09:00,3055
4743,,,LONGLINE BUOY 09 40%,319009,15,0.6,120.443217,22.466258,349.7,0,2024-04-26 21:12:18,3071
4585,,,LONGLINE BUOY 09 39%,319009,15,0.3,120.443147,22.46637,112.5,0,2024-04-26 21:15:36,2971
4794,,,LONGLINE BUOY 09 40%,319009,15,0.3,120.4433,22.465845,174.0,0,2024-04-26 21:18:53,3084
4680,,,LONGLINE BUOY 09 39%,319009,15,1.0,120.443507,22.466065,62.3,0,2024-04-26 21:22:18,3019
4668,,,LONGLINE BUOY 09 40%,319009,15,0.5,120.443147,22.46637,7.0,0,2024-04-26 21:28:54,2999
4854,,,LONGLINE BUOY 09 40%,319009,15,0.5,120.443168,22.466357,1.4,0,2024-04-26 21:32:12,3103
4896,,,LONGLINE BUOY 09 40%,319009,15,0.5,120.443105,22.466413,118.5,0,2024-04-26 21:35:29,3114
5134,,,LONGLINE BUOY 09 39%,319009,15,0.4,120.443383,22.465948,19.6,0,2024-04-26 21:42:12,3283
4872,,,LONGLINE BUOY 09 39%,319009,15,0.8,120.443312,22.46612,352.9,0,2024-04-26 21:45:34,3131
4591,,,LONGLINE BUOY 09 39%,319009,15,0.9,120.443095,22.466382,185.0,0,2024-04-26 21:48:52,2951
4692,,,LONGLINE BUOY 09 39%,319009,15,0.7,120.443503,22.465728,313.9,0,2024-04-26 21:52:08,3013
5072,,,LONGLINE BUOY 09 39%,319009,15,0.2,120.443415,22.465498,283.3,0,2024-04-26 21:55:26,3260
4531,,,LONGLINE BUOY 09 39%,319009,15,0.3,120.443443,22.465748,26.4,0,2024-04-26 22:02:02,2899
4402,,,LONGLINE BUOY 09 39%,319009,15,0.0,120.4434,22.465517,7.6,0,2024-04-26 22:05:20,2802
4157,,,LONGLINE BUOY 09 39%,319009,15,0.0,120.44327,22.466308,173.1,0,2024-04-26 22:09:10,2607
4437,,,LONGLINE BUOY 09 39%,319009,15,0.2,120.443257,22.46629,113.9,0,2024-04-26 22:12:24,2812
4462,,,LONGLINE BUOY 09 39%,319009,15,0.2,120.443208,22.466232,331.1,0,2024-04-26 22:15:44,2810
4953,,,LONGLINE BUOY 09 39%,319009,15,0.2,120.443297,22.466245,102.3,0,2024-04-26 22:22:16,3149
4826,,,LONGLINE BUOY 09 39%,319009,15,0.1,120.443262,22.466285,306.2,0,2024-04-26 22:25:34,3133
4929,,,LONGLINE BUOY 09 39%,319009,15,0.1,120.443335,22.466228,37.8,0,2024-04-26 22:28:50,3173
4878,,,LONGLINE BUOY 09 39%,319009,15,0.1,120.443267,22.466247,128.8,0,2024-04-26 22:32:03,3146
4930,,,LONGLINE BUOY 09 39%,319009,15,0.2,120.443283,22.466285,104.9,0,2024-04-26 22:38:35,3212
4945,,,LONGLINE BUOY 09 39%,319009,15,1.5,120.44328,22.4663,32.0,0,2024-04-26 22:41:51,3229
5148,,,LONGLINE BUOY 09 39%,319009,15,0.1,120.443312,22.466283,176.4,0,2024-04-26 22:45:06,3324
5270,,,LONGLINE BUOY 09 39%,319009,15,0.0,120.443307,22.46629,218.5,0,2024-04-26 22:48:21,3421
4903,,,LONGLINE BUOY 09 39%,319009,15,0.0,120.443327,22.466275,193.3,0,2024-04-26 22:54:54,3178
5150,,,LONGLINE BUOY 09 39%,319009,15,0.4,120.443312,22.466295,123.1,0,2024-04-26 22:58:10,3330
5166,,,LONGLINE BUOY 09 39%,319009,15,0.1,120.443285,22.466292,258.9,0,2024-04-26 23:01:23,3334
5151,,,LONGLINE BUOY 09 39%,319009,15,0.2,120.44332,22.466253,331.9,0,2024-04-26 23:04:35,3348
4948,,,LONGLINE BUOY 09 39%,319009,15,0.1,120.443325,22.466377,66.5,0,2024-04-26 23:11:06,3206
4889,,,LONGLINE BUOY 09 39%,319009,15,0.0,120.443318,22.466305,230.5,0,2024-04-26 23:14:24,3185
5005,,,LONGLINE BUOY 09 38%,319009,15,0.2,120.443315,22.466307,22.4,0,2024-04-26 23:17:42,3245
4783,,,LONGLINE BUOY 09 39%,319009,15,0.0,120.44331,22.466323,147.6,0,2024-04-26 23:20:58,3110
5156,,,LONGLINE BUOY 09 38%,319009,15,0.0,120.443297,22.466275,256.0,0,2024-04-26 23:24:18,3341
5092,,,LONGLINE BUOY 09 38%,319009,15,0.1,120.443365,22.466358,210.3,0,2024-04-26 23:30:54,3285
5378,,,LONGLINE BUOY 09 38%,319009,15,0.1,120.44335,22.466305,97.3,0,2024-04-26 23:34:12,3494
5201,,,LONGLINE BUOY 09 38%,319009,15,0.1,120.443382,22.466337,72.6,0,2024-04-26 23:37:30,3383
5145,,,LONGLINE BUOY 09 38%,319009,15,0.2,120.443293,22.466338,217.9,0,2024-04-26 23:44:03,3331
5000,,,LONGLINE BUOY 09 38%,319009,15,0.2,120.443422,22.46621,127.7,0,2024-04-26 23:47:16,3244
5389,,,LONGLINE BUOY 09 38%,319009,15,0.1,120.4433,22.466297,102.1,0,2024-04-26 23:50:36,3487
5115,,,LONGLINE BUOY 09 38%,319009,15,0.1,120.4433,22.466297,102.1,0,2024-04-26 23:50:36,3318
4991,,,LONGLINE BUOY 09 38%,319009,15,0.3,120.443337,22.466267,115.4,0,2024-04-27 00:00:24,3251
5118,,,LONGLINE BUOY 09 38%,319009,15,0.0,120.443277,22.466243,224.9,0,2024-04-27 00:03:38,3345
5168,,,LONGLINE BUOY 09 38%,319009,15,0.3,120.443383,22.466383,131.9,0,2024-04-27 00:06:54,3354
5084,,,LONGLINE BUOY 09 38%,319009,15,0.3,120.443292,22.466277,189.4,0,2024-04-27 00:10:12,3296
5264,,,LONGLINE BUOY 09 38%,319009,15,0.4,120.443262,22.466263,144.6,0,2024-04-27 00:16:42,3372
4769,,,LONGLINE BUOY 09 38%,319009,15,0.2,120.443243,22.4663,3.6,0,2024-04-27 00:20:00,3068
4923,,,LONGLINE BUOY 09 38%,319009,15,0.1,120.443277,22.466247,110.6,0,2024-04-27 00:23:14,3158
5139,,,LONGLINE BUOY 09 38%,319009,15,0.4,120.44327,22.466267,121.9,0,2024-04-27 00:26:30,3289
4776,,,LONGLINE BUOY 09 38%,319009,15,0.2,120.44324,22.466318,131.6,0,2024-04-27 00:33:04,3101
5030,,,LONGLINE BUOY 09 38%,319009,15,0.3,120.443295,22.466337,7.0,0,2024-04-27 00:36:22,3227
4964,,,LONGLINE BUOY 09 38%,319009,15,0.3,120.443292,22.466328,48.0,0,2024-04-27 00:39:40,3193
4728,,,LONGLINE BUOY 09 38%,319009,15,0.0,120.443243,22.466298,57.0,0,2024-04-27 00:42:56,3036
4748,,,LONGLINE BUOY 09 38%,319009,15,0.2,120.443252,22.466297,46.1,0,2024-04-27 00:49:28,3063
4705,,,LONGLINE BUOY 09 38%,319009,15,0.3,120.443238,22.466298,65.6,0,2024-04-27 00:52:40,3023
4894,,,LONGLINE BUOY 09 38%,319009,15,0.3,120.443265,22.466285,127.6,0,2024-04-27 00:56:00,3128
4746,,,LONGLINE BUOY 09 38%,319009,15,0.2,120.443253,22.466287,71.4,0,2024-04-27 00:59:14,3027
5019,,,LONGLINE BUOY 09 38%,319009,15,0.0,120.443287,22.466288,266.7,0,2024-04-27 01:02:32,3203
4914,,,LONGLINE BUOY 09 37%,319009,15,0.5,120.443263,22.466222,12.1,0,2024-04-27 01:09:04,3146
4957,,,LONGLINE BUOY 09 37%,319009,15,0.2,120.443323,22.466243,51.9,0,2024-04-27 01:12:20,3167
5139,,,LONGLINE BUOY 09 38%,319009,15,0.1,120.44331,22.466305,92.1,0,2024-04-27 01:15:36,3290
4747,,,LONGLINE BUOY 09 38%,319009,15,0.2,120.44329,22.466252,17.5,0,2024-04-27 01:18:52,3058
4575,,,LONGLINE BUOY 09 37%,319009,15,0.3,120.443278,22.46629,25.6,0,2024-04-27 01:25:24,2949
5059,,,LONGLINE BUOY 09 37%,319009,15,0.2,120.443258,22.466282,42.8,0,2024-04-27 01:28:38,3295
5113,,,LONGLINE BUOY 09 37%,319009,15,0.2,120.44327,22.466302,40.1,0,2024-04-27 01:31:58,3336
4929,,,LONGLINE BUOY 09 37%,319009,15,0.2,120.443263,22.466255,69.4,0,2024-04-27 01:38:28,3216
4780,,,LONGLINE BUOY 09 37%,319009,15,0.5,120.443278,22.46621,122.3,0,2024-04-27 01:41:46,3120
5154,,,LONGLINE BUOY 09 37%,319009,15,0.4,120.44324,22.466272,74.9,0,2024-04-27 01:45:04,3357
5220,,,LONGLINE BUOY 09 37%,319009,15,0.1,120.443238,22.466292,101.7,0,2024-04-27 01:48:20,3414
5043,,,LONGLINE BUOY 09 37%,319009,15,0.5,120.443278,22.466277,112.5,0,2024-04-27 01:51:40,3301
5177,,,LONGLINE BUOY 09 37%,319009,15,0.3,120.443235,22.466287,43.3,0,2024-04-27 01:58:14,3380
5157,,,LONGLINE BUOY 09 37%,319009,15,0.1,120.443223,22.466307,71.7,0,2024-04-27 02:01:33,3340
5138,,,LONGLINE BUOY 09 37%,319009,15,0.2,120.443228,22.466272,129.4,0,2024-04-27 02:04:48,3314
5088,,,LONGLINE BUOY 09 37%,319009,15,0.2,120.443215,22.466228,351.1,0,2024-04-27 02:08:06,3291
4955,,,LONGLINE BUOY 09 37%,319009,15,0.6,120.44324,22.466312,136.9,0,2024-04-27 02:11:22,3221
5027,,,LONGLINE BUOY 09 37%,319009,15,0.4,120.443213,22.466272,30.6,0,2024-04-27 02:17:54,3257
5218,,,LONGLINE BUOY 09 37%,319009,15,0.6,120.443193,22.466185,140.2,0,2024-04-27 02:21:10,3372
5082,,,LONGLINE BUOY 09 37%,319009,15,0.4,120.443223,22.466188,103.5,0,2024-04-27 02:24:28,3302
5158,,,LONGLINE BUOY 09 37%,319009,15,0.4,120.443208,22.466268,152.8,0,2024-04-27 02:31:02,3359
5098,,,LONGLINE BUOY 09 37%,319009,15,0.1,120.443253,22.466295,23.0,0,2024-04-27 02:34:20,3342
5222,,,LONGLINE BUOY 09 37%,319009,15,0.2,120.443235,22.466283,29.0,0,2024-04-27 02:37:38,3431
5296,,,LONGLINE BUOY 09 37%,319009,15,0.4,120.44322,22.466207,119.4,0,2024-04-27 02:40:54,3466
5201,,,LONGLINE BUOY 09 37%,319009,15,0.3,120.443227,22.466283,286.1,0,2024-04-27 02:44:12,3414
5384,,,LONGLINE BUOY 09 37%,319009,15,0.3,120.443243,22.46632,87.4,0,2024-04-27 02:50:44,3541
5068,,,LONGLINE BUOY 09 37%,319009,15,0.4,120.443277,22.466348,12.5,0,2024-04-27 02:54:02,3367
5381,,,LONGLINE BUOY 09 37%,319009,15,0.2,120.443235,22.466323,161.5,0,2024-04-27 02:57:20,3573
5063,,,LONGLINE BUOY 09 37%,319009,15,0.0,120.443257,22.46636,86.2,0,2024-04-27 03:00:38,3364
5395,,,LONGLINE BUOY 09 37%,319009,15,0.3,120.443188,22.466455,339.6,0,2024-04-27 03:07:12,3563
5281,,,LONGLINE BUOY 09 36%,319009,15,0.2,120.443242,22.46639,125.1,0,2024-04-27 03:10:28,3492
5354,,,LONGLINE BUOY 09 36%,319009,15,0.3,120.443262,22.466363,352.3,0,2024-04-27 03:13:46,3550
5072,,,LONGLINE BUOY 09 36%,319009,15,0.1,120.443213,22.466372,83.4,0,2024-04-27 03:17:04,3376
5352,,,LONGLINE BUOY 09 37%,319009,15,0.8,120.443128,22.466463,129.8,0,2024-04-27 03:20:22,3522
5450,,,LONGLINE BUOY 09 36%,319009,15,0.1,120.4432,22.466412,59.9,0,2024-04-27 03:26:52,3599
5179,,,LONGLINE BUOY 09 36%,319009,15,0.1,120.4432,22.466412,59.9,0,2024-04-27 03:26:52,3444
5267,,,LONGLINE BUOY 09 36%,319009,15,0.4,120.443358,22.466298,115.0,0,2024-04-27 03:36:48,3498
5394,,,LONGLINE BUOY 09 36%,319009,15,0.1,120.44332,22.46632,299.4,0,2024-04-27 03:40:02,3610
5336,,,LONGLINE BUOY 09 36%,319009,15,0.1,120.443357,22.466475,11.1,0,2024-04-27 03:43:20,3568
5517,,,LONGLINE BUOY 09 36%,319009,15,0.2,120.443352,22.466332,142.6,0,2024-04-27 03:46:38,3672
5143,,,LONGLINE BUOY 09 36%,319009,15,1.0,120.44333,22.466332,123.0,0,2024-04-27 03:49:54,3445
5509,,,LONGLINE BUOY 09 36%,319009,15,0.1,120.4437,22.466458,111.7,0,2024-04-27 03:56:30,3646
5174,,,LONGLINE BUOY 09 36%,319009,15,0.2,120.443425,22.466248,233.0,0,2024-04-27 03:59:48,3443
5357,,,LONGLINE BUOY 09 36%,319009,15,0.1,120.443405,22.466232,74.1,0,2024-04-27 04:03:11,3575
5235,,,LONGLINE BUOY 09 36%,319009,15,0.1,120.443465,22.466185,84.6,0,2024-04-27 04:06:26,3510
5417,,,LONGLINE BUOY 09 36%,319009,15,0.4,120.44344,22.46621,296.2,0,2024-04-27 04:09:46,3631
5569,,,LONGLINE BUOY 09 36%,319009,15,0.4,120.443578,22.466107,49.5,0,2024-04-27 04:16:30,3746
5205,,,LONGLINE BUOY 09 36%,319009,15,0.1,120.443392,22.46605,320.5,0,2024-04-27 04:19:48,3491
5248,,,LONGLINE BUOY 09 36%,319009,15,0.2,120.443388,22.4661,346.7,0,2024-04-27 04:23:06,3549
5632,,,LONGLINE BUOY 09 36%,319009,15,0.1,120.443423,22.466023,195.7,0,2024-04-27 04:26:24,3798
5258,,,LONGLINE BUOY 09 36%,319009,15,0.1,120.443523,22.466012,105.9,0,2024-04-27 04:33:00,3556
5411,,,LONGLINE BUOY 09 36%,319009,15,0.0,120.443507,22.465952,22.5,0,2024-04-27 04:36:18,3666
5273,,,LONGLINE BUOY 09 36%,319009,15,0.1,120.443477,22.465925,39.3,0,2024-04-27 04:39:33,3600
5325,,,LONGLINE BUOY 09 36%,319009,15,0.0,120.443517,22.465905,89.5,0,2024-04-27 04:42:50,3593
5416,,,LONGLINE BUOY 09 36%,319009,15,0.1,120.443537,22.465885,160.6,0,2024-04-27 04:49:26,3670
5602,,,LONGLINE BUOY 09 35%,319009,15,0.0,120.443525,22.465895,139.3,0,2024-04-27 04:52:54,3798
5553,,,LONGLINE BUOY 09 35%,319009,15,0.0,120.443525,22.465895,139.3,0,2024-04-27 04:52:54,3753
5539,,,LONGLINE BUOY 09 35%,319009,15,0.5,120.443545,22.465915,334.4,0,2024-04-27 04:59:32,3752
5547,,,LONGLINE BUOY 09 35%,319009,15,0.8,120.443537,22.465882,224.1,0,2024-04-27 05:02:50,3761
5533,,,LONGLINE BUOY 09 35%,319009,15,0.5,120.443513,22.465807,88.1,0,2024-04-27 05:09:24,3736
5518,,,LONGLINE BUOY 09 35%,319009,15,0.6,120.44352,22.46581,336.3,0,2024-04-27 05:12:40,3741
5212,,,LONGLINE BUOY 09 35%,319009,15,0.2,120.443563,22.465698,256.1,0,2024-04-27 05:15:55,3550
5365,,,LONGLINE BUOY 09 35%,319009,15,0.3,120.443458,22.465775,286.8,0,2024-04-27 05:22:32,3620
5372,,,LONGLINE BUOY 09 35%,319009,15,0.1,120.44344,22.46581,92.0,0,2024-04-27 05:25:48,3664
5493,,,LONGLINE BUOY 09 35%,319009,15,0.1,120.443395,22.465772,224.1,0,2024-04-27 05:29:05,3743
5710,,,LONGLINE BUOY 09 35%,319009,15,0.1,120.443395,22.465772,224.1,0,2024-04-27 05:29:05,3906
5900,,,LONGLINE BUOY 09 35%,319009,15,0.2,120.443358,22.465777,346.3,0,2024-04-27 05:35:38,4022
5557,,,LONGLINE BUOY 09 35%,319009,15,0.5,120.443372,22.465653,325.2,0,2024-04-27 05:42:14,3796
5600,,,LONGLINE BUOY 09 35%,319009,15,0.3,120.44338,22.465863,1.6,0,2024-04-27 05:45:32,3836
5594,,,LONGLINE BUOY 09 35%,319009,15,0.4,120.443382,22.465723,163.6,0,2024-04-27 05:48:48,3844
5760,,,LONGLINE BUOY 09 35%,319009,15,0.5,120.443378,22.465818,21.7,0,2024-04-27 05:52:04,3968
5728,,,LONGLINE BUOY 09 35%,319009,15,0.2,120.443433,22.46585,222.5,0,2024-04-27 05:58:42,3962
5656,,,LONGLINE BUOY 09 35%,319009,15,0.1,120.443375,22.465907,174.3,0,2024-04-27 06:01:58,3904
5019,,,LONGLINE BUOY 09 35%,319009,15,0.0,120.443407,22.465903,43.1,0,2024-04-27 06:05:16,3453
5453,,,LONGLINE BUOY 09 35%,319009,15,0.8,120.443055,22.465793,225.7,0,2024-04-27 06:08:38,3749
5277,,,LONGLINE BUOY 09 35%,319009,15,0.1,120.443357,22.466112,119.8,0,2024-04-27 06:15:14,3605
5721,,,LONGLINE BUOY 09 35%,319009,15,0.1,120.443357,22.466112,119.8,0,2024-04-27 06:15:14,3929
5889,,,LONGLINE BUOY 09 35%,319009,15,0.4,120.443405,22.46608,220.1,0,2024-04-27 06:21:52,4018
5902,,,LONGLINE BUOY 09 35%,319009,15,0.0,120.443388,22.466092,174.8,0,2024-04-27 06:25:10,4024
5402,,,LONGLINE BUOY 09 35%,319009,15,0.2,120.443427,22.466088,20.1,0,2024-04-27 06:28:28,3703
5607,,,LONGLINE BUOY 09 35%,319009,15,0.0,120.442432,22.466765,204.0,0,2024-04-27 06:35:04,3867
5825,,,LONGLINE BUOY 09 34%,319009,15,0.3,120.442377,22.466908,352.3,0,2024-04-27 06:38:22,4010
5677,,,LONGLINE BUOY 09 35%,319009,15,0.3,120.442378,22.466998,330.8,0,2024-04-27 06:41:46,3909
5646,,,LONGLINE BUOY 09 34%,319009,15,0.2,120.44233,22.466957,161.6,0,2024-04-27 06:45:04,3864
5688,,,LONGLINE BUOY 09 34%,319009,15,0.4,120.442357,22.466808,259.4,0,2024-04-27 06:48:22,3874
5965,,,LONGLINE BUOY 09 34%,319009,15,0.3,120.442378,22.466772,306.8,0,2024-04-27 06:54:56,4075
5913,,,LONGLINE BUOY 09 34%,319009,15,0.2,120.442353,22.466793,198.7,0,2024-04-27 06:58:16,4049
5794,,,LONGLINE BUOY 09 34%,319009,15,0.0,120.442342,22.466765,248.3,0,2024-04-27 07:01:34,3964
5750,,,LONGLINE BUOY 09 34%,319009,15,0.2,120.44239,22.466765,128.3,0,2024-04-27 07:08:10,3932
5725,,,LONGLINE BUOY 09 34%,319009,15,0.4,120.442313,22.46673,35.6,0,2024-04-27 07:11:26,3904
5622,,,LONGLINE BUOY 09 34%,319009,15,0.3,120.442345,22.46676,41.6,0,2024-04-27 07:14:44,3832
5799,,,LONGLINE BUOY 09 34%,319009,15,0.1,120.442312,22.466755,318.9,0,2024-04-27 07:17:58,3959
5737,,,LONGLINE BUOY 09 34%,319009,15,0.3,120.442312,22.466732,38.4,0,2024-04-27 07:24:32,3942
5738,,,LONGLINE BUOY 09 34%,319009,15,0.4,120.442378,22.46674,50.7,0,2024-04-27 07:27:48,3902
6061,,,LONGLINE BUOY 09 34%,319009,15,0.5,120.442365,22.466773,280.0,0,2024-04-27 07:31:08,4116
5763,,,LONGLINE BUOY 09 34%,319009,15,0.2,120.44239,22.466747,304.9,0,2024-04-27 07:34:26,3943
5816,,,LONGLINE BUOY 09 34%,319009,15,0.1,120.442347,22.466785,157.1,0,2024-04-27 07:41:02,3955
5691,,,LONGLINE BUOY 09 34%,319009,15,0.1,120.442392,22.466762,2.2,0,2024-04-27 07:44:20,3866
6014,,,LONGLINE BUOY 09 34%,319009,15,0.2,120.442358,22.466785,60.9,0,2024-04-27 07:47:38,4093
5572,,,LONGLINE BUOY 09 34%,319009,15,0.1,120.442418,22.466775,331.8,0,2024-04-27 07:50:56,3772
5585,,,LONGLINE BUOY 09 34%,319009,15,0.4,120.442402,22.466765,257.6,0,2024-04-27 07:54:12,3785
5692,,,LONGLINE BUOY 09 34%,319009,15,0.1,120.442043,22.466892,227.4,0,2024-04-27 08:00:50,3847
5886,,,LONGLINE BUOY 09 34%,319009,15,0.1,120.441847,22.46692,5.4,0,2024-04-27 08:04:08,3965
5887,,,LONGLINE BUOY 09 34%,319009,15,0.1,120.441838,22.466882,127.4,0,2024-04-27 08:07:26,3950
5903,,,LONGLINE BUOY 09 34%,319009,15,0.2,120.441835,22.46688,33.8,0,2024-04-27 08:10:44,3978
5576,,,LONGLINE BUOY 09 34%,319009,15,0.2,120.441853,22.466877,301.6,0,2024-04-27 08:14:02,3758
5739,,,LONGLINE BUOY 09 34%,319009,15,0.2,120.441853,22.466877,301.6,0,2024-04-27 08:14:02,3834
5737,,,LONGLINE BUOY 09 34%,319009,15,0.4,120.441762,22.46685,46.8,0,2024-04-27 08:23:56,3880
5934,,,LONGLINE BUOY 09 34%,319009,15,0.2,120.441778,22.466813,68.0,0,2024-04-27 08:27:14,4008
5674,,,LONGLINE BUOY 09 33%,319009,15,0.1,120.441815,22.466855,202.5,0,2024-04-27 08:33:50,3825
5752,,,LONGLINE BUOY 09 34%,319009,15,0.1,120.441912,22.466787,336.4,0,2024-04-27 08:37:08,3893
6197,,,LONGLINE BUOY 09 34%,319009,15,0.1,120.441905,22.466825,73.0,0,2024-04-27 08:40:26,4200
5949,,,LONGLINE BUOY 09 33%,319009,15,0.3,120.441918,22.466793,222.9,0,2024-04-27 08:43:44,4006
5812,,,LONGLINE BUOY 09 33%,319009,15,0.3,120.441848,22.466838,288.3,0,2024-04-27 08:50:18,3925
5633,,,LONGLINE BUOY 09 33%,319009,15,0.3,120.441848,22.466838,288.3,0,2024-04-27 08:50:18,3807
5881,,,LONGLINE BUOY 09 33%,319009,15,0.1,120.44186,22.466793,5.6,0,2024-04-27 08:56:56,3968
5779,,,LONGLINE BUOY 09 33%,319009,15,0.1,120.441853,22.466792,248.3,0,2024-04-27 09:00:14,3882
5761,,,LONGLINE BUOY 09 33%,319009,15,0.1,120.441848,22.46676,110.4,0,2024-04-27 09:03:32,3841
5636,,,LONGLINE BUOY 09 33%,319009,15,0.4,120.441902,22.466802,40.1,0,2024-04-27 09:10:08,3760
5746,,,LONGLINE BUOY 09 33%,319009,15,0.1,120.441938,22.466843,322.3,0,2024-04-27 09:13:26,3836
6035,,,LONGLINE BUOY 09 33%,319009,15,0.2,120.441888,22.46671,153.9,0,2024-04-27 09:16:44,4068
5799,,,LONGLINE BUOY 09 33%,319009,15,0.5,120.441885,22.466822,340.6,0,2024-04-27 09:23:20,3912
5812,,,LONGLINE BUOY 09 33%,319009,15,0.3,120.441942,22.466897,272.7,0,2024-04-27 09:26:38,3901
5786,,,LONGLINE BUOY 09 33%,319009,15,0.6,120.44194,22.466742,245.3,0,2024-04-27 09:29:56,3878
5827,,,LONGLINE BUOY 09 33%,319009,15,0.4,120.44192,22.466737,307.3,0,2024-04-27 09:33:12,3918
5457,,,LONGLINE BUOY 09 33%,319009,15,0.1,120.441957,22.466763,343.4,0,2024-04-27 09:36:32,3677
5727,,,LONGLINE BUOY 09 33%,319009,15,0.0,120.441928,22.466832,282.2,0,2024-04-27 09:43:06,3867
5944,,,LONGLINE BUOY 09 33%,319009,15,0.3,120.441877,22.46685,343.5,0,2024-04-27 09:46:24,4006
5397,,,LONGLINE BUOY 09 33%,319009,15,0.5,120.441947,22.46688,335.8,0,2024-04-27 09:49:44,3604
5645,,,LONGLINE BUOY 09 33%,319009,15,0.2,120.441837,22.466917,221.6,0,2024-04-27 09:53:04,3784
5548,,,LONGLINE BUOY 09 33%,319009,15,0.6,120.44195,22.466727,29.1,0,2024-04-27 09:56:20,3705
5674,,,LONGLINE BUOY 09 33%,319009,15,0.4,120.441853,22.467067,53.8,0,2024-04-27 10:02:56,3803
5518,,,LONGLINE BUOY 09 33%,319009,15,0.5,120.441855,22.466987,0.1,0,2024-04-27 10:06:16,3705
5684,,,LONGLINE BUOY 09 33%,319009,15,0.5,120.441855,22.466987,0.1,0,2024-04-27 10:06:16,3800
5726,,,LONGLINE BUOY 09 33%,319009,15,0.4,120.441678,22.467253,152.5,0,2024-04-27 10:16:10,3792
5771,,,LONGLINE BUOY 09 33%,319009,15,0.2,120.441642,22.467338,318.4,0,2024-04-27 10:19:26,3868
5806,,,LONGLINE BUOY 09 32%,319009,15,0.2,120.441843,22.467455,254.3,0,2024-04-27 10:22:46,3910
6039,,,LONGLINE BUOY 09 32%,319009,15,0.2,120.441522,22.46733,25.0,0,2024-04-27 10:26:02,4076
5698,,,LONGLINE BUOY 09 32%,319009,15,0.2,120.441545,22.46735,332.3,0,2024-04-27 10:29:22,3832
5691,,,LONGLINE BUOY 09 32%,319009,15,0.3,120.441517,22.46727,30.3,0,2024-04-27 10:35:58,3822
5574,,,LONGLINE BUOY 09 32%,319009,15,0.1,120.441392,22.467222,319.2,0,2024-04-27 10:39:18,3729
5830,,,LONGLINE BUOY 09 32%,319009,15,0.1,120.441463,22.467145,216.3,0,2024-04-27 10:42:36,3909
6027,,,LONGLINE BUOY 09 32%,319009,15,0.3,120.441628,22.46705,310.6,0,2024-04-27 10:49:12,4058
6089,,,LONGLINE BUOY 09 32%,319009,15,0.1,120.441377,22.467205,275.8,0,2024-04-27 10:52:28,4113
5875,,,LONGLINE BUOY 09 32%,319009,15,0.2,120.44137,22.467215,24.0,0,2024-04-27 10:55:48,3958
5679,,,LONGLINE BUOY 09 32%,319009,15,0.2,120.441403,22.467195,23.6,0,2024-04-27 10:59:06,3823
5887,,,LONGLINE BUOY 09 32%,319009,15,0.2,120.441423,22.467213,277.8,0,2024-04-27 11:02:26,3961
5821,,,LONGLINE BUOY 09 32%,319009,15,0.2,120.44141,22.467185,22.6,0,2024-04-27 11:08:58,3898
5697,,,LONGLINE BUOY 09 32%,319009,15,0.2,120.441422,22.467187,8.5,0,2024-04-27 11:12:18,3826
5507,,,LONGLINE BUOY 09 32%,319009,15,0.2,120.441437,22.467173,114.3,0,2024-04-27 11:15:38,3667
5510,,,LONGLINE BUOY 09 32%,319009,15,0.2,120.441387,22.467225,290.7,0,2024-04-27 11:18:56,3677
5817,,,LONGLINE BUOY 09 32%,319009,15,0.2,120.441487,22.467173,301.6,0,2024-04-27 11:22:18,3883
5756,,,LONGLINE BUOY 09 32%,319009,15,0.4,120.441468,22.46715,309.4,0,2024-04-27 11:28:54,3815
5439,,,LONGLINE BUOY 09 32%,319009,15,0.4,120.441468,22.46715,309.4,0,2024-04-27 11:28:54,3599
5381,,,LONGLINE BUOY 09 32%,319009,15,0.2,120.441552,22.467088,309.9,0,2024-04-27 11:35:28,3565
5763,,,LONGLINE BUOY 09 32%,319009,15,0.1,120.441538,22.467125,89.8,0,2024-04-27 11:42:06,3823
5512,,,LONGLINE BUOY 09 32%,319009,15,0.2,120.441572,22.467115,91.4,0,2024-04-27 11:45:24,3621
5768,,,LONGLINE BUOY 09 32%,319009,15,0.3,120.44158,22.4671,108.5,0,2024-04-27 11:48:42,3805
5699,,,LONGLINE BUOY 09 32%,319009,15,0.3,120.44158,22.4671,108.5,0,2024-04-27 11:48:42,3764
5502,,,LONGLINE BUOY 09 32%,319009,15,0.0,120.441548,22.467112,275.5,0,2024-04-27 11:55:18,3664
5836,,,LONGLINE BUOY 09 32%,319009,15,0.3,120.441598,22.467085,108.7,0,2024-04-27 12:01:52,3857
5487,,,LONGLINE BUOY 09 32%,319009,15,0.4,120.441597,22.46708,102.5,0,2024-04-27 12:05:14,3604
5827,,,LONGLINE BUOY 09 32%,319009,15,0.3,120.441622,22.467063,297.4,0,2024-04-27 12:08:30,3836
5496,,,LONGLINE BUOY 09 32%,319009,15,0.3,120.441622,22.467063,297.4,0,2024-04-27 12:08:30,3595
5886,,,LONGLINE BUOY 09 32%,319009,15,0.3,120.44165,22.467048,183.5,0,2024-04-27 12:18:24,3867
5608,,,LONGLINE BUOY 09 31%,319009,15,0.2,120.441685,22.467057,311.3,0,2024-04-27 12:21:42,3674
5720,,,LONGLINE BUOY 09 32%,319009,15,0.3,120.441672,22.46703,84.1,0,2024-04-27 12:25:00,3752
5729,,,LONGLINE BUOY 09 32%,319009,15,0.3,120.441687,22.467113,225.0,0,2024-04-27 12:28:20,3750
5698,,,LONGLINE BUOY 09 32%,319009,15,0.6,120.441725,22.467032,346.6,0,2024-04-27 12:34:56,3740
5632,,,LONGLINE BUOY 09 32%,319009,15,0.1,120.441752,22.467077,274.7,0,2024-04-27 12:38:14,3706
5531,,,LONGLINE BUOY 09 32%,319009,15,0.2,120.441652,22.46711,306.9,0,2024-04-27 12:41:34,3615
5546,,,LONGLINE BUOY 09 32%,319009,15,0.2,120.441652,22.46711,306.9,0,2024-04-27 12:41:34,3629
5619,,,LONGLINE BUOY 09 32%,319009,15,0.4,120.441768,22.467163,355.2,0,2024-04-27 12:51:26,3670
5270,,,LONGLINE BUOY 09 31%,319009,15,0.2,120.441843,22.467142,85.4,0,2024-04-27 12:54:46,3436
4691,,,LONGLINE BUOY 09 31%,319009,15,0.0,120.441827,22.467215,29.3,0,2024-04-27 12:58:02,3044
4721,,,LONGLINE BUOY 09 32%,319009,15,0.2,120.441662,22.46719,302.5,0,2024-04-27 13:01:20,3075
4848,,,LONGLINE BUOY 09 32%,319009,15,0.3,120.441702,22.467362,23.6,0,2024-04-27 13:04:40,3152
5150,,,LONGLINE BUOY 09 31%,319009,15,0.1,120.442035,22.467318,20.2,0,2024-04-27 13:11:14,3340
5234,,,LONGLINE BUOY 09 32%,319009,15,0.7,120.441762,22.4675,338.6,0,2024-04-27 13:14:34,3411
5552,,,LONGLINE BUOY 09 31%,319009,15,0.6,120.441667,22.46746,6.7,0,2024-04-27 13:17:52,3617
5755,,,LONGLINE BUOY 09 31%,319009,15,0.3,120.44172,22.467587,129.2,0,2024-04-27 13:24:28,3785
5752,,,LONGLINE BUOY 09 31%,319009,15,0.1,120.441758,22.467482,88.7,0,2024-04-27 13:27:46,3748
5441,,,LONGLINE BUOY 09 32%,319009,15,0.4,120.441828,22.467592,105.4,0,2024-04-27 13:31:04,3527
5203,,,LONGLINE BUOY 09 31%,319009,15,0.1,120.441792,22.467712,53.5,0,2024-04-27 13:34:20,3360
4817,,,LONGLINE BUOY 09 31%,319009,15,0.0,120.44175,22.467767,340.3,0,2024-04-27 13:37:40,3125
4811,,,LONGLINE BUOY 09 31%,319009,15,0.2,120.441755,22.467443,239.0,0,2024-04-27 13:44:14,3145
5050,,,LONGLINE BUOY 09 31%,319009,15,0.2,120.441755,22.467443,239.0,0,2024-04-27 13:44:14,3263
5236,,,LONGLINE BUOY 09 31%,319009,15,0.1,120.441853,22.46754,165.0,0,2024-04-27 13:50:54,3410
5430,,,LONGLINE BUOY 09 31%,319009,15,0.2,120.44164,22.467537,73.6,0,2024-04-27 13:54:12,3550
5803,,,LONGLINE BUOY 09 31%,319009,15,0.2,120.44164,22.467537,73.6,0,2024-04-27 13:54:12,3796
5445,,,LONGLINE BUOY 09 31%,319009,15,0.2,120.441617,22.467335,45.4,0,2024-04-27 14:00:44,3564
5702,,,LONGLINE BUOY 09 31%,319009,15,0.5,120.441545,22.467157,77.5,0,2024-04-27 14:07:26,3721
5635,,,LONGLINE BUOY 09 31%,319009,15,0.2,120.441762,22.467465,234.6,0,2024-04-27 14:10:44,3674
5917,,,LONGLINE BUOY 09 31%,319009,15,0.2,120.441623,22.467183,337.6,0,2024-04-27 14:17:20,3853
5523,,,LONGLINE BUOY 09 31%,319009,15,0.0,120.441722,22.467375,233.4,0,2024-04-27 14:20:58,3590
5315,,,LONGLINE BUOY 09 31%,319009,15,0.3,120.44164,22.467332,13.6,0,2024-04-27 14:24:18,3446
5259,,,LONGLINE BUOY 09 30%,319009,15,0.0,120.441665,22.467223,6.0,0,2024-04-27 14:27:48,3414
5571,,,LONGLINE BUOY 09 31%,319009,15,0.1,120.44169,22.467152,358.0,0,2024-04-27 14:31:14,3578
5654,,,LONGLINE BUOY 09 31%,319009,15,0.1,120.44169,22.467152,358.0,0,2024-04-27 14:31:14,3628
5370,,,LONGLINE BUOY 09 30%,319009,15,0.3,120.441645,22.467233,279.5,0,2024-04-27 14:41:07,3442
5678,,,LONGLINE BUOY 09 30%,319009,15,0.1,120.441667,22.467193,248.3,0,2024-04-27 14:44:25,3640
5463,,,LONGLINE BUOY 09 30%,319009,15,0.3,120.441678,22.467192,294.0,0,2024-04-27 14:47:43,3508
5554,,,LONGLINE BUOY 09 30%,319009,15,0.3,120.441678,22.467192,294.0,0,2024-04-27 14:47:43,3576
5370,,,LONGLINE BUOY 09 30%,319009,15,0.1,120.441695,22.467208,239.7,0,2024-04-27 14:57:37,3432
5305,,,LONGLINE BUOY 09 30%,319009,15,0.2,120.441682,22.467237,214.1,0,2024-04-27 15:00:53,3389
5355,,,LONGLINE BUOY 09 30%,319009,15,0.6,120.44171,22.467215,270.4,0,2024-04-27 15:04:11,3416
5452,,,LONGLINE BUOY 09 30%,319009,15,0.6,120.44171,22.467215,270.4,0,2024-04-27 15:04:11,3505
5302,,,LONGLINE BUOY 09 30%,319009,15,0.2,120.441713,22.467262,232.3,0,2024-04-27 15:14:05,3400
5395,,,LONGLINE BUOY 09 30%,319009,15,0.2,120.441673,22.46726,347.3,0,2024-04-27 15:17:23,3481
5246,,,LONGLINE BUOY 09 30%,319009,15,0.0,120.441712,22.467238,34.3,0,2024-04-27 15:20:54,3373
5557,,,LONGLINE BUOY 09 30%,319009,15,0.2,120.441708,22.467242,163.1,0,2024-04-27 15:24:10,3583
4993,,,LONGLINE BUOY 09 30%,319009,15,0.1,120.441698,22.467225,199.8,0,2024-04-27 15:27:28,3225
5299,,,LONGLINE BUOY 09 30%,319009,15,0.3,120.44167,22.467365,330.9,0,2024-04-27 15:34:12,3415
5165,,,LONGLINE BUOY 09 30%,319009,15,0.2,120.441717,22.467238,288.9,0,2024-04-27 15:37:40,3313
4951,,,LONGLINE BUOY 09 30%,319009,15,0.1,120.441712,22.467197,199.0,0,2024-04-27 15:40:58,3166
5317,,,LONGLINE BUOY 09 30%,319009,15,0.3,120.441777,22.467217,337.5,0,2024-04-27 15:44:14,3412
5209,,,LONGLINE BUOY 09 30%,319009,15,0.4,120.441863,22.467248,349.9,0,2024-04-27 15:47:29,3372
5246,,,LONGLINE BUOY 09 29%,319009,15,0.3,120.441592,22.467162,275.6,0,2024-04-27 15:54:24,3365
5161,,,LONGLINE BUOY 09 29%,319009,15,0.4,120.441698,22.46716,3.5,0,2024-04-27 15:57:42,3298
5551,,,LONGLINE BUOY 09 29%,319009,15,0.2,120.441803,22.467085,220.9,0,2024-04-27 16:01:02,3563
5332,,,LONGLINE BUOY 09 29%,319009,15,0.1,120.441682,22.467235,26.9,0,2024-04-27 16:04:22,3431
5111,,,LONGLINE BUOY 09 30%,319009,15,0.1,120.44163,22.46717,341.7,0,2024-04-27 16:10:54,3265
5139,,,LONGLINE BUOY 09 29%,319009,15,0.1,120.441668,22.467162,15.3,0,2024-04-27 16:14:10,3307
5066,,,LONGLINE BUOY 09 29%,319009,15,0.2,120.441657,22.467172,172.8,0,2024-04-27 16:17:28,3261
5376,,,LONGLINE BUOY 09 30%,319009,15,0.1,120.44169,22.467207,184.4,0,2024-04-27 16:20:46,3468
5236,,,LONGLINE BUOY 09 30%,319009,15,0.2,120.441692,22.467172,181.1,0,2024-04-27 16:27:20,3402
5309,,,LONGLINE BUOY 09 30%,319009,15,0.2,120.441692,22.467172,181.1,0,2024-04-27 16:27:20,3451
5184,,,LONGLINE BUOY 09 29%,319009,15,0.2,120.441692,22.467167,324.9,0,2024-04-27 16:33:56,3381
5399,,,LONGLINE BUOY 09 30%,319009,15,0.8,120.441628,22.467237,169.4,0,2024-04-27 16:37:11,3538
5192,,,LONGLINE BUOY 09 30%,319009,15,0.4,120.441643,22.467275,3.4,0,2024-04-27 16:43:37,3411
5412,,,LONGLINE BUOY 09 30%,319009,15,0.3,120.441653,22.467208,215.1,0,2024-04-27 16:46:52,3558
5507,,,LONGLINE BUOY 09 30%,319009,15,0.3,120.441653,22.467208,215.1,0,2024-04-27 16:46:52,3637
5457,,,LONGLINE BUOY 09 29%,319009,15,0.1,120.441657,22.467303,2.0,0,2024-04-27 16:53:26,3626
5413,,,LONGLINE BUOY 09 29%,319009,15,0.3,120.441675,22.46721,273.6,0,2024-04-27 17:00:10,3602
5446,,,LONGLINE BUOY 09 29%,319009,15,0.2,120.441615,22.467265,141.9,0,2024-04-27 17:03:24,3613
5679,,,LONGLINE BUOY 09 29%,319009,15,0.2,120.441615,22.467265,141.9,0,2024-04-27 17:03:24,3753
5227,,,LONGLINE BUOY 09 29%,319009,15,0.7,120.441702,22.467212,210.2,0,2024-04-27 17:10:03,3464
5226,,,LONGLINE BUOY 09 29%,319009,15,0.4,120.441707,22.467143,317.4,0,2024-04-27 17:13:24,3474
5076,,,LONGLINE BUOY 09 29%,319009,15,0.3,120.441682,22.467212,83.9,0,2024-04-27 17:20:00,3372
5252,,,LONGLINE BUOY 09 30%,319009,15,0.7,120.441655,22.467238,200.8,0,2024-04-27 17:23:13,3514
5576,,,LONGLINE BUOY 09 29%,319009,15,0.2,120.441678,22.467288,333.1,0,2024-04-27 17:26:33,3731
5547,,,LONGLINE BUOY 09 29%,319009,15,0.0,120.441678,22.467258,326.3,0,2024-04-27 17:29:51,3697
5466,,,LONGLINE BUOY 09 29%,319009,15,0.0,120.441678,22.467258,326.3,0,2024-04-27 17:29:51,3638
5680,,,LONGLINE BUOY 09 29%,319009,15,0.8,120.441645,22.467175,8.4,0,2024-04-27 17:39:46,3802
5354,,,LONGLINE BUOY 09 29%,319009,15,0.8,120.441645,22.467175,8.4,0,2024-04-27 17:39:46,3588
5497,,,LONGLINE BUOY 09 29%,319009,15,0.8,120.441645,22.467175,8.4,0,2024-04-27 17:39:46,3710
5571,,,LONGLINE BUOY 09 29%,319009,15,0.3,120.441678,22.467382,187.4,0,2024-04-27 17:52:57,3776
5487,,,LONGLINE BUOY 09 29%,319009,15,0.5,120.44166,22.467152,356.0,0,2024-04-27 17:56:13,3747
5489,,,LONGLINE BUOY 09 29%,319009,15,0.3,120.441647,22.46722,50.7,0,2024-04-27 17:59:32,3733
5545,,,LONGLINE BUOY 09 29%,319009,15,1.2,120.441627,22.467193,16.4,0,2024-04-27 18:02:46,3763
5578,,,LONGLINE BUOY 09 29%,319009,15,1.2,120.441627,22.467193,16.4,0,2024-04-27 18:02:46,3803
5301,,,LONGLINE BUOY 09 29%,319009,15,0.9,120.441657,22.467108,35.2,0,2024-04-27 18:12:38,3604
5628,,,LONGLINE BUOY 09 29%,319009,15,0.9,120.441657,22.467108,35.2,0,2024-04-27 18:12:38,3840
5299,,,LONGLINE BUOY 09 29%,319009,15,0.5,120.441607,22.46722,95.4,0,2024-04-27 18:19:24,3597
5339,,,LONGLINE BUOY 09 29%,319009,15,0.8,120.441682,22.467137,352.0,0,2024-04-27 18:22:42,3622
5626,,,LONGLINE BUOY 09 29%,319009,15,0.3,120.441673,22.467207,16.5,0,2024-04-27 18:29:14,3832
5367,,,LONGLINE BUOY 09 29%,319009,15,0.3,120.44171,22.467177,31.3,0,2024-04-27 18:32:32,3650
5879,,,LONGLINE BUOY 09 29%,319009,15,0.6,120.441672,22.467157,332.3,0,2024-04-27 18:35:48,3978
5437,,,LONGLINE BUOY 09 29%,319009,15,0.4,120.441625,22.467228,5.6,0,2024-04-27 18:42:24,3676
5392,,,LONGLINE BUOY 09 29%,319009,15,0.0,120.441635,22.467198,80.4,0,2024-04-27 18:45:44,3674
5595,,,LONGLINE BUOY 09 29%,319009,15,0.3,120.441592,22.467327,36.8,0,2024-04-27 18:49:00,3817
5259,,,LONGLINE BUOY 09 29%,319009,15,0.3,120.441673,22.467172,67.4,0,2024-04-27 18:52:16,3577
5696,,,LONGLINE BUOY 09 29%,319009,15,0.3,120.441743,22.467143,66.8,0,2024-04-27 18:55:34,3875
5242,,,LONGLINE BUOY 09 29%,319009,15,0.1,120.441655,22.467182,74.8,0,2024-04-27 19:02:08,3544
5226,,,LONGLINE BUOY 09 28%,319009,15,0.3,120.441758,22.467102,32.8,0,2024-04-27 19:05:24,3535
5059,,,LONGLINE BUOY 09 29%,319009,15,0.3,120.441805,22.467153,34.6,0,2024-04-27 19:08:42,3403
5432,,,LONGLINE BUOY 09 28%,319009,15,0.4,120.441843,22.467033,34.0,0,2024-04-27 19:15:16,3655
5402,,,LONGLINE BUOY 09 28%,319009,15,0.6,120.441825,22.467045,73.0,0,2024-04-27 19:18:32,3671
5075,,,LONGLINE BUOY 09 28%,319009,15,0.4,120.441822,22.467108,80.3,0,2024-04-27 19:21:46,3432
5342,,,LONGLINE BUOY 09 28%,319009,15,0.9,120.441845,22.467033,331.3,0,2024-04-27 19:25:02,3588
5251,,,LONGLINE BUOY 09 28%,319009,15,0.8,120.441982,22.46701,328.5,0,2024-04-27 19:28:18,3501
5144,,,LONGLINE BUOY 09 28%,319009,15,0.7,120.441907,22.467122,334.5,0,2024-04-27 19:34:52,3441
4749,,,LONGLINE BUOY 09 28%,319009,15,0.4,120.441935,22.467038,31.3,0,2024-04-27 19:38:10,3161
5001,,,LONGLINE BUOY 09 28%,319009,15,0.1,120.441953,22.467082,56.7,0,2024-04-27 19:41:26,3362
4607,,,LONGLINE BUOY 09 28%,319009,15,0.5,120.44195,22.467067,68.8,0,2024-04-27 19:44:44,3076
5018,,,LONGLINE BUOY 09 28%,319009,15,0.3,120.442088,22.467027,90.7,0,2024-04-27 19:51:22,3341
4612,,,LONGLINE BUOY 09 28%,319009,15,0.5,120.441937,22.467037,347.5,0,2024-04-27 19:54:38,3071
4579,,,LONGLINE BUOY 09 28%,319009,15,0.7,120.44198,22.467125,22.9,0,2024-04-27 19:57:56,3059
4477,,,LONGLINE BUOY 09 28%,319009,15,0.3,120.442017,22.467217,46.7,0,2024-04-27 20:01:14,2999
4475,,,LONGLINE BUOY 09 28%,319009,15,0.3,120.441942,22.4672,247.3,0,2024-04-27 20:07:48,2968
4704,,,LONGLINE BUOY 09 28%,319009,15,0.2,120.442083,22.46718,74.0,0,2024-04-27 20:11:05,3127
5205,,,LONGLINE BUOY 09 28%,319009,15,0.6,120.44206,22.467187,295.0,0,2024-04-27 20:14:23,3459
5189,,,LONGLINE BUOY 09 28%,319009,15,0.3,120.44212,22.467112,129.0,0,2024-04-27 20:17:40,3482
5289,,,LONGLINE BUOY 09 28%,319009,15,0.2,120.441982,22.46719,352.9,0,2024-04-27 20:24:12,3558
5811,,,LONGLINE BUOY 09 28%,319009,15,0.3,120.442167,22.467135,253.0,0,2024-04-27 20:27:32,3933
5630,,,LONGLINE BUOY 09 28%,319009,15,0.2,120.442082,22.467175,256.3,0,2024-04-27 20:30:50,3801
5314,,,LONGLINE BUOY 09 28%,319009,15,0.2,120.442082,22.467175,256.3,0,2024-04-27 20:30:50,3602
5562,,,LONGLINE BUOY 09 28%,319009,15,0.2,120.442232,22.467248,313.0,0,2024-04-27 20:37:26,3756
5744,,,LONGLINE BUOY 09 28%,319009,15,0.1,120.442073,22.467185,339.7,0,2024-04-27 20:44:00,3876
5642,,,LONGLINE BUOY 09 28%,319009,15,0.1,120.442127,22.46716,276.4,0,2024-04-27 20:47:16,3835
5571,,,LONGLINE BUOY 09 28%,319009,15,0.4,120.44207,22.467117,39.2,0,2024-04-27 20:50:34,3774
5694,,,LONGLINE BUOY 09 28%,319009,15,0.2,120.442035,22.46712,266.3,0,2024-04-27 20:53:54,3841
5019,,,LONGLINE BUOY 09 28%,319009,15,0.6,120.442232,22.467307,239.2,0,2024-04-27 21:00:30,3373
5274,,,LONGLINE BUOY 09 28%,319009,15,1.5,120.442165,22.46728,217.8,0,2024-04-27 21:03:48,3512
4964,,,LONGLINE BUOY 09 28%,319009,15,0.4,120.442315,22.46738,239.6,0,2024-04-27 21:07:07,3341
5132,,,LONGLINE BUOY 09 27%,319009,15,0.2,120.442135,22.467348,196.5,0,2024-04-27 21:10:24,3428
5062,,,LONGLINE BUOY 09 28%,319009,15,0.7,120.442178,22.467327,89.9,0,2024-04-27 21:17:00,3371
5324,,,LONGLINE BUOY 09 28%,319009,15,0.7,120.442178,22.467327,89.9,0,2024-04-27 21:17:00,3548
4773,,,LONGLINE BUOY 09 28%,319009,15,0.4,120.442,22.467327,0.8,0,2024-04-27 21:23:34,3190
5060,,,LONGLINE BUOY 09 28%,319009,15,0.1,120.442173,22.46741,332.3,0,2024-04-27 21:26:52,3381
5183,,,LONGLINE BUOY 09 27%,319009,15,1.0,120.442048,22.46732,23.9,0,2024-04-27 21:30:08,3464
5355,,,LONGLINE BUOY 09 27%,319009,15,0.4,120.442052,22.467243,217.0,0,2024-04-27 21:36:54,3570
5236,,,LONGLINE BUOY 09 28%,319009,15,0.3,120.442102,22.467348,189.5,0,2024-04-27 21:40:10,3486
5194,,,LONGLINE BUOY 09 28%,319009,15,0.0,120.441978,22.46725,191.3,0,2024-04-27 21:43:30,3458
5188,,,LONGLINE BUOY 09 28%,319009,15,0.0,120.441978,22.46725,191.3,0,2024-04-27 21:43:30,3474
5292,,,LONGLINE BUOY 09 27%,319009,15,0.2,120.442037,22.46732,191.6,0,2024-04-27 21:53:22,3543
5260,,,LONGLINE BUOY 09 27%,319009,15,0.2,120.441988,22.467298,164.2,0,2024-04-27 21:56:38,3521
5203,,,LONGLINE BUOY 09 26%,319009,15,0.2,120.441867,22.46714,190.6,0,2024-04-27 21:59:56,3461
5137,,,LONGLINE BUOY 09 27%,319009,15,0.1,120.441853,22.467137,121.1,0,2024-04-27 22:06:30,3406
5334,,,LONGLINE BUOY 09 27%,319009,15,0.3,120.4416,22.4671,15.8,0,2024-04-27 22:09:49,3563
5086,,,LONGLINE BUOY 09 27%,319009,15,0.5,120.441873,22.467147,23.1,0,2024-04-27 22:13:08,3423
5192,,,LONGLINE BUOY 09 27%,319009,15,0.2,120.44185,22.467137,305.5,0,2024-04-27 22:16:26,3491
5123,,,LONGLINE BUOY 09 27%,319009,15,0.5,120.441892,22.467105,244.4,0,2024-04-27 22:19:42,3418
5005,,,LONGLINE BUOY 09 27%,319009,15,0.3,120.441893,22.467208,293.9,0,2024-04-27 22:26:18,3306
5330,,,LONGLINE BUOY 09 27%,319009,15,0.2,120.4419,22.46716,282.3,0,2024-04-27 22:29:36,3496
5508,,,LONGLINE BUOY 09 27%,319009,15,0.2,120.4419,22.46716,282.3,0,2024-04-27 22:29:36,3646
5073,,,LONGLINE BUOY 09 27%,319009,15,0.4,120.441793,22.467193,119.4,0,2024-04-27 22:36:12,3336
5072,,,LONGLINE BUOY 09 27%,319009,15,0.4,120.441795,22.467102,317.2,0,2024-04-27 22:42:46,3362
5450,,,LONGLINE BUOY 09 27%,319009,15,0.5,120.441745,22.467117,331.1,0,2024-04-27 22:46:04,3618
5456,,,LONGLINE BUOY 09 27%,319009,15,0.2,120.44174,22.467103,292.6,0,2024-04-27 22:49:22,3618
5064,,,LONGLINE BUOY 09 27%,319009,15,0.1,120.44172,22.467147,78.7,0,2024-04-27 22:52:38,3382
5066,,,LONGLINE BUOY 09 27%,319009,15,1.0,120.441563,22.467177,305.8,0,2024-04-27 22:59:16,3385
5335,,,LONGLINE BUOY 09 27%,319009,15,0.2,120.441372,22.46735,205.3,0,2024-04-27 23:02:30,3559
5397,,,LONGLINE BUOY 09 27%,319009,15,0.0,120.441765,22.467203,16.8,0,2024-04-27 23:06:18,3622
5261,,,LONGLINE BUOY 09 27%,319009,15,0.0,120.441765,22.467203,16.8,0,2024-04-27 23:06:18,3509
5287,,,LONGLINE BUOY 09 26%,319009,15,0.3,120.441702,22.46718,240.7,0,2024-04-27 23:12:50,3545
5533,,,LONGLINE BUOY 09 26%,319009,15,0.2,120.441715,22.467157,155.5,0,2024-04-27 23:19:14,3721
5412,,,LONGLINE BUOY 09 26%,319009,15,0.2,120.441715,22.467195,268.6,0,2024-04-27 23:22:30,3629
4899,,,LONGLINE BUOY 09 26%,319009,15,0.4,120.441723,22.467177,191.9,0,2024-04-27 23:25:44,3265
4765,,,LONGLINE BUOY 09 26%,319009,15,0.3,120.441672,22.467203,15.2,0,2024-04-27 23:29:04,3167
4922,,,LONGLINE BUOY 09 26%,319009,15,0.5,120.44172,22.467163,110.1,0,2024-04-27 23:32:20,3265
5164,,,LONGLINE BUOY 09 26%,319009,15,0.2,120.441737,22.467163,110.4,0,2024-04-27 23:38:52,3429
5397,,,LONGLINE BUOY 09 26%,319009,15,0.0,120.441717,22.46716,148.5,0,2024-04-27 23:42:08,3606
5458,,,LONGLINE BUOY 09 26%,319009,15,0.0,120.441743,22.467125,347.2,0,2024-04-27 23:45:20,3663
5294,,,LONGLINE BUOY 09 26%,319009,15,0.1,120.441728,22.467185,303.0,0,2024-04-27 23:51:56,3539
5214,,,LONGLINE BUOY 09 26%,319009,15,0.2,120.441738,22.46716,17.0,0,2024-04-27 23:55:10,3485
5122,,,LONGLINE BUOY 09 26%,319009,15,0.2,120.441752,22.467182,261.2,0,2024-04-27 23:58:28,3433
5213,,,LONGLINE BUOY 09 26%,319009,15,0.3,120.441713,22.467137,26.6,0,2024-04-28 00:01:40,3468
5460,,,LONGLINE BUOY 09 26%,319009,15,0.0,120.441673,22.467102,25.0,0,2024-04-28 00:08:16,3650
5280,,,LONGLINE BUOY 09 26%,319009,15,0.3,120.441722,22.46714,39.9,0,2024-04-28 00:11:30,3508
5348,,,LONGLINE BUOY 09 26%,319009,15,0.1,120.441738,22.467173,122.0,0,2024-04-28 00:14:44,3549
5209,,,LONGLINE BUOY 09 26%,319009,15,0.2,120.441705,22.467147,232.1,0,2024-04-28 00:18:04,3478
5203,,,LONGLINE BUOY 09 26%,319009,15,0.1,120.44175,22.467158,332.0,0,2024-04-28 00:21:20,3452
5502,,,LONGLINE BUOY 09 26%,319009,15,0.3,120.441727,22.467195,356.1,0,2024-04-28 00:27:52,3678
5516,,,LONGLINE BUOY 09 26%,319009,15,0.2,120.441783,22.467217,167.3,0,2024-04-28 00:31:08,3660
5285,,,LONGLINE BUOY 09 26%,319009,15,0.0,120.441732,22.467218,291.4,0,2024-04-28 00:34:24,3526
5236,,,LONGLINE BUOY 09 26%,319009,15,0.0,120.441712,22.467175,5.6,0,2024-04-28 00:40:56,3494
4955,,,LONGLINE BUOY 09 26%,319009,15,0.0,120.441762,22.46723,337.3,0,2024-04-28 00:44:12,3318
5388,,,LONGLINE BUOY 09 26%,319009,15,0.0,120.441725,22.467217,163.8,0,2024-04-28 00:47:28,3604
5105,,,LONGLINE BUOY 09 26%,319009,15,0.3,120.441727,22.467215,166.9,0,2024-04-28 00:50:44,3423
5176,,,LONGLINE BUOY 09 26%,319009,15,0.3,120.44171,22.467217,293.2,0,2024-04-28 00:57:16,3486
5447,,,LONGLINE BUOY 09 26%,319009,15,1.7,120.44176,22.467192,33.0,0,2024-04-28 01:00:32,3630
5455,,,LONGLINE BUOY 09 26%,319009,15,0.4,120.44175,22.467172,149.3,0,2024-04-28 01:03:46,3621
5099,,,LONGLINE BUOY 09 26%,319009,15,0.1,120.441615,22.467317,338.4,0,2024-04-28 01:07:06,3390
5385,,,LONGLINE BUOY 09 26%,319009,15,0.3,120.44173,22.467167,113.5,0,2024-04-28 01:10:22,3606
5176,,,LONGLINE BUOY 09 26%,319009,15,0.3,120.4417,22.467145,188.2,0,2024-04-28 01:16:54,3448
5399,,,LONGLINE BUOY 09 26%,319009,15,0.0,120.441723,22.467152,71.1,0,2024-04-28 01:20:10,3601
4950,,,LONGLINE BUOY 09 26%,319009,15,0.2,120.441748,22.467112,204.3,0,2024-04-28 01:23:23,3333
5076,,,LONGLINE BUOY 09 26%,319009,15,0.1,120.44174,22.46713,221.5,0,2024-04-28 01:26:34,3390
5224,,,LONGLINE BUOY 09 26%,319009,15,0.1,120.441713,22.46715,277.4,0,2024-04-28 01:33:06,3490
5067,,,LONGLINE BUOY 09 26%,319009,15,0.3,120.441712,22.467187,14.0,0,2024-04-28 01:36:22,3395
5164,,,LONGLINE BUOY 09 26%,319009,15,0.1,120.441693,22.467122,186.4,0,2024-04-28 01:42:52,3446
5103,,,LONGLINE BUOY 09 26%,319009,15,0.3,120.441667,22.467168,310.5,0,2024-04-28 01:46:08,3400
4777,,,LONGLINE BUOY 09 26%,319009,15,0.0,120.441667,22.467192,173.6,0,2024-04-28 01:49:28,3176
4581,,,LONGLINE BUOY 09 26%,319009,15,0.3,120.441637,22.467253,165.1,0,2024-04-28 01:52:45,3036
4675,,,LONGLINE BUOY 09 26%,319009,15,0.4,120.441668,22.467262,99.4,0,2024-04-28 01:56:06,3083
4783,,,LONGLINE BUOY 09 26%,319009,15,0.6,120.4417,22.467155,100.9,0,2024-04-28 02:02:41,3146
4638,,,LONGLINE BUOY 09 26%,319009,15,0.1,120.441657,22.467268,26.2,0,2024-04-28 02:05:56,3061
4995,,,LONGLINE BUOY 09 26%,319009,15,0.3,120.441668,22.467168,106.1,0,2024-04-28 02:09:12,3314
5003,,,LONGLINE BUOY 09 25%,319009,15,0.0,120.441713,22.467182,273.1,0,2024-04-28 02:12:28,3312
5148,,,LONGLINE BUOY 09 26%,319009,15,1.8,120.441597,22.467218,109.2,0,2024-04-28 02:15:44,3420
5441,,,LONGLINE BUOY 09 25%,319009,15,0.2,120.44167,22.467183,335.8,0,2024-04-28 02:22:18,3623
5211,,,LONGLINE BUOY 09 25%,319009,15,0.2,120.441705,22.467145,288.5,0,2024-04-28 02:25:36,3470
4971,,,LONGLINE BUOY 09 26%,319009,15,0.4,120.441525,22.467172,104.7,0,2024-04-28 02:28:52,3298
5138,,,LONGLINE BUOY 09 26%,319009,15,0.1,120.441712,22.467113,302.0,0,2024-04-28 02:35:26,3421
5031,,,LONGLINE BUOY 09 25%,319009,15,0.4,120.441635,22.467147,290.7,0,2024-04-28 02:38:45,3337
4959,,,LONGLINE BUOY 09 25%,319009,15,0.2,120.441748,22.467103,293.9,0,2024-04-28 02:42:00,3284
5078,,,LONGLINE BUOY 09 25%,319009,15,0.2,120.441512,22.467218,246.7,0,2024-04-28 02:45:20,3366
4786,,,LONGLINE BUOY 09 25%,319009,15,0.1,120.441545,22.467247,13.2,0,2024-04-28 02:48:38,3188
4943,,,LONGLINE BUOY 09 25%,319009,15,0.9,120.441638,22.467207,314.1,0,2024-04-28 02:52:00,3290
5212,,,LONGLINE BUOY 09 25%,319009,15,0.2,120.441628,22.467192,242.5,0,2024-04-28 02:58:48,3510
5066,,,LONGLINE BUOY 09 25%,319009,15,1.0,120.441558,22.467258,267.8,0,2024-04-28 03:02:14,3383
5056,,,LONGLINE BUOY 09 25%,319009,15,0.3,120.441637,22.467207,112.2,0,2024-04-28 03:05:38,3373
5264,,,LONGLINE BUOY 09 25%,319009,15,0.1,120.441852,22.467217,57.2,0,2024-04-28 03:09:08,3515
5179,,,LONGLINE BUOY 09 25%,319009,15,0.3,120.441748,22.467263,293.4,0,2024-04-28 03:16:10,3458
4770,,,LONGLINE BUOY 09 25%,319009,15,0.3,120.441763,22.46733,150.1,0,2024-04-28 03:19:44,3188
4461,,,LONGLINE BUOY 09 25%,319009,15,0.9,120.44156,22.467192,99.4,0,2024-04-28 03:23:20,2978
4704,,,LONGLINE BUOY 09 25%,319009,15,0.2,120.44178,22.467263,274.1,0,2024-04-28 03:27:00,3138
4800,,,LONGLINE BUOY 09 25%,319009,15,0.4,120.441635,22.467192,184.7,0,2024-04-28 03:30:40,3197
5050,,,LONGLINE BUOY 09 25%,319009,15,0.1,120.441688,22.467173,334.4,0,2024-04-28 03:33:56,3392
5573,,,LONGLINE BUOY 09 24%,319009,15,0.1,120.441697,22.467157,238.3,0,2024-04-28 03:40:28,3762
5580,,,LONGLINE BUOY 09 25%,319009,15,3.3,120.441772,22.4672,39.4,0,2024-04-28 03:43:43,3791
5763,,,LONGLINE BUOY 09 25%,319009,15,0.4,120.441937,22.466855,126.2,0,2024-04-28 03:47:01,3921
5391,,,LONGLINE BUOY 09 25%,319009,15,1.2,120.441597,22.467277,116.8,0,2024-04-28 03:50:18,3649
5426,,,LONGLINE BUOY 09 25%,319009,15,0.1,120.441678,22.467202,163.2,0,2024-04-28 03:53:34,3674
5463,,,LONGLINE BUOY 09 25%,319009,15,0.1,120.44174,22.467192,168.4,0,2024-04-28 04:00:07,3704
5219,,,LONGLINE BUOY 09 25%,319009,15,0.4,120.44147,22.467213,348.3,0,2024-04-28 04:03:21,3560
5543,,,LONGLINE BUOY 09 25%,319009,15,0.6,120.441793,22.467195,324.7,0,2024-04-28 04:06:34,3759
5263,,,LONGLINE BUOY 09 25%,319009,15,0.1,120.441745,22.467192,233.9,0,2024-04-28 04:09:49,3581
5696,,,LONGLINE BUOY 09 25%,319009,15,0.2,120.441737,22.467193,168.7,0,2024-04-28 04:16:21,3865
5618,,,LONGLINE BUOY 09 25%,319009,15,0.2,120.441725,22.467175,5.2,0,2024-04-28 04:19:37,3847
5439,,,LONGLINE BUOY 09 25%,319009,15,0.2,120.441663,22.467198,264.8,0,2024-04-28 04:22:54,3714
5602,,,LONGLINE BUOY 09 25%,319009,15,0.3,120.44176,22.467183,308.8,0,2024-04-28 04:29:25,3826
5502,,,LONGLINE BUOY 09 25%,319009,15,0.5,120.441727,22.467167,78.4,0,2024-04-28 04:32:45,3768
5445,,,LONGLINE BUOY 09 25%,319009,15,0.5,120.441727,22.467167,78.4,0,2024-04-28 04:32:45,3727
5616,,,LONGLINE BUOY 09 25%,319009,15,0.2,120.441715,22.467172,79.6,0,2024-04-28 04:39:24,3842
5654,,,LONGLINE BUOY 09 25%,319009,15,0.7,120.441673,22.467088,71.8,0,2024-04-28 04:42:40,3863
5784,,,LONGLINE BUOY 09 25%,319009,15,0.2,120.441812,22.467147,341.4,0,2024-04-28 04:49:15,3942
5440,,,LONGLINE BUOY 09 24%,319009,15,1.0,120.441932,22.466888,142.2,0,2024-04-28 04:52:34,3701
5905,,,LONGLINE BUOY 09 24%,319009,15,0.2,120.44169,22.467118,311.5,0,2024-04-28 04:56:20,4035
5811,,,LONGLINE BUOY 09 24%,319009,15,0.4,120.441695,22.467162,285.0,0,2024-04-28 05:02:54,3981
5892,,,LONGLINE BUOY 09 24%,319009,15,0.6,120.441732,22.46712,299.0,0,2024-04-28 05:06:12,4057
5521,,,LONGLINE BUOY 09 24%,319009,15,0.2,120.441763,22.467192,265.0,0,2024-04-28 05:09:30,3807
6125,,,LONGLINE BUOY 09 24%,319009,15,0.2,120.441858,22.467353,35.9,0,2024-04-28 05:12:45,4201
5766,,,LONGLINE BUOY 09 24%,319009,15,0.2,120.441818,22.467215,204.0,0,2024-04-28 05:16:06,3976
5520,,,LONGLINE BUOY 09 24%,319009,15,0.2,120.441757,22.46717,300.0,0,2024-04-28 05:22:39,3776
5729,,,LONGLINE BUOY 09 24%,319009,15,0.3,120.441707,22.467198,174.4,0,2024-04-28 05:25:55,3928
5440,,,LONGLINE BUOY 09 24%,319009,15,0.4,120.441788,22.467145,153.9,0,2024-04-28 05:29:11,3711
5591,,,LONGLINE BUOY 09 24%,319009,15,0.4,120.441507,22.466857,211.1,0,2024-04-28 05:32:31,3839
5439,,,LONGLINE BUOY 09 24%,319009,15,1.0,120.441603,22.467063,190.8,0,2024-04-28 05:35:57,3732
5896,,,LONGLINE BUOY 09 24%,319009,15,1.0,120.441735,22.46716,154.5,0,2024-04-28 05:39:12,4052
5670,,,LONGLINE BUOY 09 24%,319009,15,0.3,120.441638,22.467133,99.4,0,2024-04-28 05:45:45,3901
6002,,,LONGLINE BUOY 09 24%,319009,15,0.3,120.441602,22.467168,319.7,0,2024-04-28 05:48:59,4114
5588,,,LONGLINE BUOY 09 24%,319009,15,0.3,120.44176,22.46716,145.0,0,2024-04-28 05:52:18,3828
5567,,,LONGLINE BUOY 09 24%,319009,15,0.5,120.441487,22.466908,2.9,0,2024-04-28 05:58:51,3834
5526,,,LONGLINE BUOY 09 24%,319009,15,0.1,120.441703,22.467157,296.7,0,2024-04-28 06:02:10,3809
5838,,,LONGLINE BUOY 09 24%,319009,15,0.1,120.441703,22.467157,296.7,0,2024-04-28 06:02:10,4016
5457,,,LONGLINE BUOY 09 24%,319009,15,0.2,120.441853,22.467335,149.0,0,2024-04-28 06:08:48,3757
5403,,,LONGLINE BUOY 09 24%,319009,15,0.4,120.441735,22.467135,83.6,0,2024-04-28 06:15:24,3701
5505,,,LONGLINE BUOY 09 24%,319009,15,0.3,120.441648,22.46712,163.7,0,2024-04-28 06:18:41,3786
5670,,,LONGLINE BUOY 09 24%,319009,15,0.2,120.441692,22.467168,110.5,0,2024-04-28 06:21:56,3898
5788,,,LONGLINE BUOY 09 24%,319009,15,1.8,120.441735,22.467135,253.3,0,2024-04-28 06:25:12,3977
5717,,,LONGLINE BUOY 09 23%,319009,15,0.6,120.441698,22.467177,119.0,0,2024-04-28 06:28:28,3919
5682,,,LONGLINE BUOY 09 24%,319009,15,0.2,120.441675,22.467163,253.8,0,2024-04-28 06:35:00,3907
5580,,,LONGLINE BUOY 09 24%,319009,15,0.3,120.441705,22.467172,105.5,0,2024-04-28 06:38:16,3838
5593,,,LONGLINE BUOY 09 23%,319009,15,0.1,120.441702,22.46717,115.6,0,2024-04-28 06:41:32,3864
6139,,,LONGLINE BUOY 09 23%,319009,15,0.4,120.441662,22.467192,60.0,0,2024-04-28 06:48:04,4256
5760,,,LONGLINE BUOY 09 23%,319009,15,0.3,120.441715,22.467225,92.0,0,2024-04-28 06:51:20,3988
5963,,,LONGLINE BUOY 09 23%,319009,15,0.5,120.44173,22.467145,117.8,0,2024-04-28 06:54:36,4109
5736,,,LONGLINE BUOY 09 23%,319009,15,0.3,120.441648,22.467273,113.1,0,2024-04-28 06:57:52,3924
5618,,,LONGLINE BUOY 09 23%,319009,15,0.1,120.441713,22.467198,292.4,0,2024-04-28 07:04:22,3847
5575,,,LONGLINE BUOY 09 23%,319009,15,0.5,120.441743,22.467185,131.1,0,2024-04-28 07:07:38,3828
5824,,,LONGLINE BUOY 09 23%,319009,15,0.2,120.441838,22.467143,55.1,0,2024-04-28 07:10:56,4011
5700,,,LONGLINE BUOY 09 23%,319009,15,0.2,120.441805,22.467158,133.5,0,2024-04-28 07:14:12,3935
6075,,,LONGLINE BUOY 09 23%,319009,15,0.3,120.44174,22.467142,236.5,0,2024-04-28 07:20:42,4212
5930,,,LONGLINE BUOY 09 23%,319009,15,1.0,120.441715,22.467215,294.5,0,2024-04-28 07:23:58,4110
6056,,,LONGLINE BUOY 09 23%,319009,15,0.8,120.441717,22.467173,290.7,0,2024-04-28 07:27:14,4221
6039,,,LONGLINE BUOY 09 23%,319009,15,0.3,120.441565,22.46717,196.5,0,2024-04-28 07:30:32,4200
6169,,,LONGLINE BUOY 09 23%,319009,15,1.6,120.441682,22.467187,101.0,0,2024-04-28 07:37:06,4278
5838,,,LONGLINE BUOY 09 23%,319009,15,2.5,120.441633,22.467157,272.3,0,2024-04-28 07:40:24,4054
6163,,,LONGLINE BUOY 09 23%,319009,15,1.1,120.441483,22.467235,79.6,0,2024-04-28 07:43:36,4296
6050,,,LONGLINE BUOY 09 23%,319009,15,1.8,120.441758,22.46716,299.6,0,2024-04-28 07:46:57,4205
6017,,,LONGLINE BUOY 09 23%,319009,15,3.9,120.441753,22.467198,296.0,0,2024-04-28 07:50:18,4168
5960,,,LONGLINE BUOY 09 23%,319009,15,2.6,120.44176,22.467047,120.9,0,2024-04-28 07:56:56,4110
5803,,,LONGLINE BUOY 09 23%,319009,15,2.6,120.44176,22.467047,120.9,0,2024-04-28 07:56:56,3978
5779,,,LONGLINE BUOY 09 23%,319009,15,0.9,120.441848,22.467122,270.6,0,2024-04-28 08:03:28,3980
5987,,,LONGLINE BUOY 09 22%,319009,15,0.7,120.441727,22.467108,90.6,0,2024-04-28 08:10:06,4101
6010,,,LONGLINE BUOY 09 22%,319009,15,0.7,120.441853,22.467228,255.1,0,2024-04-28 08:13:26,4136
6212,,,LONGLINE BUOY 09 22%,319009,15,3.0,120.441935,22.467155,101.5,0,2024-04-28 08:16:44,4275
6328,,,LONGLINE BUOY 09 22%,319009,15,0.0,120.441868,22.4671,302.1,0,2024-04-28 08:20:04,4346
5925,,,LONGLINE BUOY 09 22%,319009,15,2.6,120.44206,22.467127,106.3,0,2024-04-28 08:23:26,4078
6092,,,LONGLINE BUOY 09 22%,319009,15,1.5,120.441978,22.467232,116.7,0,2024-04-28 08:30:18,4176
6031,,,LONGLINE BUOY 09 22%,319009,15,0.8,120.44176,22.467327,272.4,0,2024-04-28 08:33:36,4125
5810,,,LONGLINE BUOY 09 22%,319009,15,0.3,120.441695,22.467327,352.4,0,2024-04-28 08:36:58,3969
6032,,,LONGLINE BUOY 09 22%,319009,15,0.4,120.441887,22.467353,318.3,0,2024-04-28 08:40:26,4113
6370,,,LONGLINE BUOY 09 22%,319009,15,0.7,120.441768,22.467248,146.8,0,2024-04-28 08:44:08,4364
6095,,,LONGLINE BUOY 09 22%,319009,15,0.5,120.441912,22.467377,267.1,0,2024-04-28 08:51:16,4179
5940,,,LONGLINE BUOY 09 22%,319009,15,0.8,120.44154,22.467395,333.2,0,2024-04-28 08:54:46,4036
5861,,,LONGLINE BUOY 09 22%,319009,15,1.3,120.441533,22.467432,153.5,0,2024-04-28 08:58:12,3994
5808,,,LONGLINE BUOY 09 22%,319009,15,0.3,120.44169,22.467232,98.7,0,2024-04-28 09:01:36,3950
6052,,,LONGLINE BUOY 09 21%,319009,15,1.4,120.441658,22.467248,162.6,0,2024-04-28 09:05:04,4083
5815,,,LONGLINE BUOY 09 22%,319009,15,0.4,120.441658,22.467263,258.7,0,2024-04-28 09:08:28,3880
5421,,,LONGLINE BUOY 09 22%,319009,15,0.5,120.441765,22.467203,182.6,0,2024-04-28 09:15:02,3640
5735,,,LONGLINE BUOY 09 22%,319009,15,0.4,120.44164,22.467198,107.8,0,2024-04-28 09:18:18,3867
5787,,,LONGLINE BUOY 09 22%,319009,15,0.4,120.44164,22.467198,107.8,0,2024-04-28 09:18:18,3904
5796,,,LONGLINE BUOY 09 22%,319009,15,0.9,120.44167,22.467242,322.2,0,2024-04-28 09:24:54,3907
5844,,,LONGLINE BUOY 09 22%,319009,15,0.3,120.441697,22.467133,331.4,0,2024-04-28 09:28:17,3918
5663,,,LONGLINE BUOY 09 22%,319009,15,0.4,120.441693,22.467163,300.5,0,2024-04-28 09:34:42,3802
5825,,,LONGLINE BUOY 09 22%,319009,15,0.4,120.441693,22.467163,300.5,0,2024-04-28 09:34:42,3895
5793,,,LONGLINE BUOY 09 22%,319009,15,0.3,120.44167,22.467153,11.2,0,2024-04-28 09:41:26,3900
5567,,,LONGLINE BUOY 09 22%,319009,15,0.2,120.441612,22.467202,189.9,0,2024-04-28 09:48:08,3715
5469,,,LONGLINE BUOY 09 22%,319009,15,0.2,120.441612,22.467202,189.9,0,2024-04-28 09:48:08,3643
5741,,,LONGLINE BUOY 09 22%,319009,15,0.1,120.441647,22.467187,171.4,0,2024-04-28 09:54:34,3851
5421,,,LONGLINE BUOY 09 21%,319009,15,0.2,120.441575,22.467203,314.3,0,2024-04-28 09:57:58,3642
5547,,,LONGLINE BUOY 09 21%,319009,15,0.4,120.441518,22.467233,322.6,0,2024-04-28 10:01:18,3678
5824,,,LONGLINE BUOY 09 21%,319009,15,1.1,120.441627,22.467197,322.6,0,2024-04-28 10:08:06,3865
5620,,,LONGLINE BUOY 09 21%,319009,15,2.2,120.441483,22.467335,150.5,0,2024-04-28 10:11:24,3741
5867,,,LONGLINE BUOY 09 21%,319009,15,0.9,120.441632,22.467202,293.0,0,2024-04-28 10:14:40,3887
5696,,,LONGLINE BUOY 09 21%,319009,15,0.0,120.441607,22.467237,172.3,0,2024-04-28 10:18:06,3777
5624,,,LONGLINE BUOY 09 21%,319009,15,0.3,120.441612,22.467215,205.9,0,2024-04-28 10:24:54,3736
6009,,,LONGLINE BUOY 09 21%,319009,15,0.4,120.441462,22.46753,149.1,0,2024-04-28 10:28:15,3989
5884,,,LONGLINE BUOY 09 21%,319009,15,1.7,120.441673,22.467212,133.7,0,2024-04-28 10:31:31,3909
5797,,,LONGLINE BUOY 09 21%,319009,15,0.2,120.441615,22.4672,329.7,0,2024-04-28 10:34:50,3842
5677,,,LONGLINE BUOY 09 21%,319009,15,4.4,120.441497,22.46727,134.6,0,2024-04-28 10:38:05,3742
5627,,,LONGLINE BUOY 09 21%,319009,15,4.4,120.441497,22.46727,134.6,0,2024-04-28 10:38:05,3725
5735,,,LONGLINE BUOY 09 21%,319009,15,0.0,120.441593,22.467222,287.2,0,2024-04-28 10:48:22,3796
6005,,,LONGLINE BUOY 09 21%,319009,15,0.0,120.441635,22.467193,151.1,0,2024-04-28 10:52:10,3996
5995,,,LONGLINE BUOY 09 22%,319009,15,0.2,120.441635,22.467187,95.1,0,2024-04-28 10:55:25,3990
5932,,,LONGLINE BUOY 09 21%,319009,15,0.1,120.44162,22.467207,112.1,0,2024-04-28 10:58:39,3923
5682,,,LONGLINE BUOY 09 20%,319009,15,0.2,120.44165,22.467177,38.0,0,2024-04-28 11:05:09,3730
5401,,,LONGLINE BUOY 09 20%,319009,15,0.4,120.441682,22.467227,238.3,0,2024-04-28 11:08:23,3532
5504,,,LONGLINE BUOY 09 21%,319009,15,0.2,120.441695,22.467183,154.2,0,2024-04-28 11:11:41,3605
5819,,,LONGLINE BUOY 09 21%,319009,15,0.2,120.441632,22.46713,11.3,0,2024-04-28 11:18:15,3820
5816,,,LONGLINE BUOY 09 21%,319009,15,0.1,120.441687,22.467275,91.4,0,2024-04-28 11:21:25,3830
6019,,,LONGLINE BUOY 09 21%,319009,15,0.2,120.441637,22.46722,37.8,0,2024-04-28 11:24:43,3998
5574,,,LONGLINE BUOY 09 21%,319009,15,0.5,120.44169,22.467228,354.8,0,2024-04-28 11:27:59,3664
5702,,,LONGLINE BUOY 09 21%,319009,15,0.3,120.44162,22.467222,165.9,0,2024-04-28 11:34:29,3742
5436,,,LONGLINE BUOY 09 21%,319009,15,1.7,120.441722,22.467132,293.4,0,2024-04-28 11:37:43,3567
5728,,,LONGLINE BUOY 09 21%,319009,15,5.5,120.439633,22.465908,246.6,0,2024-04-28 11:40:59,3774
5945,,,LONGLINE BUOY 09 21%,319009,15,0.7,120.438687,22.465455,140.4,0,2024-04-28 11:44:15,3919
5667,,,LONGLINE BUOY 09 20%,319009,15,9.4,120.433732,22.460642,183.7,0,2024-04-28 11:50:43,3735
5767,,,LONGLINE BUOY 09 20%,319009,15,7.8,120.431678,22.453878,201.5,0,2024-04-28 11:53:59,3784
5761,,,LONGLINE BUOY 09 20%,319009,15,7.0,120.429202,22.447602,206.4,0,2024-04-28 11:57:12,3771
5561,,,LONGLINE BUOY 09 21%,319009,15,5.5,120.425918,22.443012,215.5,0,2024-04-28 12:00:29,3634
5770,,,LONGLINE BUOY 09 20%,319009,15,6.9,120.420562,22.433998,205.7,0,2024-04-28 12:06:58,3771
5597,,,LONGLINE BUOY 09 21%,319009,15,6.5,120.418248,22.428573,203.8,0,2024-04-28 12:10:14,3645
5826,,,LONGLINE BUOY 09 21%,319009,15,6.0,120.415915,22.423338,204.8,0,2024-04-28 12:13:32,3770
5711,,,LONGLINE BUOY 09 21%,319009,15,6.4,120.413682,22.417977,202.6,0,2024-04-28 12:16:52,3710
5441,,,LONGLINE BUOY 09 20%,319009,15,6.0,120.406877,22.402028,197.7,0,2024-04-28 12:26:36,3560
5868,,,LONGLINE BUOY 09 20%,319009,15,6.9,120.405485,22.39623,183.5,0,2024-04-28 12:29:56,3825
5433,,,LONGLINE BUOY 09 20%,319009,15,6.1,120.404132,22.390593,191.6,0,2024-04-28 12:33:10,3534
5435,,,LONGLINE BUOY 09 20%,319009,15,6.0,120.403005,22.384918,195.0,0,2024-04-28 12:36:28,3516
5714,,,LONGLINE BUOY 09 20%,319009,15,6.8,120.400043,22.373635,184.6,0,2024-04-28 12:43:06,3695
5488,,,LONGLINE BUOY 09 20%,319009,15,6.5,120.399178,22.367773,195.7,0,2024-04-28 12:46:26,3576
5440,,,LONGLINE BUOY 09 20%,319009,15,6.1,120.398217,22.362043,195.1,0,2024-04-28 12:49:42,3506
5700,,,LONGLINE BUOY 09 20%,319009,15,7.7,120.395567,22.349815,198.2,0,2024-04-28 12:56:17,3713
5487,,,LONGLINE BUOY 09 20%,319009,15,6.2,120.393388,22.344407,189.3,0,2024-04-28 12:59:37,3559
5592,,,LONGLINE BUOY 09 21%,319009,15,6.0,120.389933,22.340133,227.9,0,2024-04-28 13:02:55,3622
5813,,,LONGLINE BUOY 09 20%,319009,15,6.4,120.385293,22.336743,234.6,0,2024-04-28 13:06:11,3782
5586,,,LONGLINE BUOY 09 20%,319009,15,6.4,120.379847,22.334342,262.0,0,2024-04-28 13:09:29,3620
5543,,,LONGLINE BUOY 09 20%,319009,15,5.7,120.373887,22.333275,232.0,0,2024-04-28 13:16:07,3601
5491,,,LONGLINE BUOY 09 20%,319009,15,0.5,120.372297,22.332502,71.3,0,2024-04-28 13:19:23,3556
5816,,,LONGLINE BUOY 09 20%,319009,15,0.0,120.372387,22.332495,347.0,0,2024-04-28 13:22:43,3786
5654,,,LONGLINE BUOY 09 20%,319009,15,0.6,120.37241,22.332372,281.0,0,2024-04-28 13:26:03,3676
5660,,,LONGLINE BUOY 09 20%,319009,15,0.3,120.372172,22.332553,174.9,0,2024-04-28 13:32:37,3685
5529,,,LONGLINE BUOY 09 20%,319009,15,0.2,120.37226,22.332663,277.6,0,2024-04-28 13:35:55,3584
5639,,,LONGLINE BUOY 09 20%,319009,15,0.5,120.372358,22.33243,294.5,0,2024-04-28 13:39:15,3655
5804,,,LONGLINE BUOY 09 20%,319009,15,0.6,120.372285,22.332537,109.2,0,2024-04-28 13:42:32,3801
5976,,,LONGLINE BUOY 09 19%,319009,15,0.3,120.37225,22.332513,71.8,0,2024-04-28 13:49:16,3917
5812,,,LONGLINE BUOY 09 19%,319009,15,1.4,120.37237,22.332522,256.8,0,2024-04-28 13:52:32,3789
5291,,,LONGLINE BUOY 09 20%,319009,15,1.1,120.372272,22.332508,250.4,0,2024-04-28 13:55:50,3411
5061,,,LONGLINE BUOY 09 20%,319009,15,0.1,120.372233,22.33254,184.7,0,2024-04-28 13:59:12,3248
5544,,,LONGLINE BUOY 09 20%,319009,15,0.4,120.372308,22.33256,291.2,0,2024-04-28 14:02:31,3550
5062,,,LONGLINE BUOY 09 19%,319009,15,8.8,120.372198,22.332502,83.3,0,2024-04-28 14:06:02,3245
5081,,,LONGLINE BUOY 09 19%,319009,15,0.6,120.37231,22.332518,73.2,0,2024-04-28 14:12:47,3242
5108,,,LONGLINE BUOY 09 20%,319009,15,0.1,120.372373,22.332483,132.8,0,2024-04-28 14:16:07,3258
5375,,,LONGLINE BUOY 09 20%,319009,15,0.5,120.372303,22.3325,73.4,0,2024-04-28 14:19:23,3436
5304,,,LONGLINE BUOY 09 20%,319009,15,0.6,120.372395,22.332463,101.4,0,2024-04-28 14:22:43,3376
5144,,,LONGLINE BUOY 09 19%,319009,15,1.0,120.372325,22.332485,99.1,0,2024-04-28 14:29:19,3283
5335,,,LONGLINE BUOY 09 19%,319009,15,0.3,120.372272,22.332512,304.4,0,2024-04-28 14:32:37,3410
5333,,,LONGLINE BUOY 09 19%,319009,15,0.2,120.372203,22.332543,147.4,0,2024-04-28 14:35:55,3429
5179,,,LONGLINE BUOY 09 19%,319009,15,0.3,120.372467,22.332465,253.8,0,2024-04-28 14:42:31,3333
4989,,,LONGLINE BUOY 09 19%,319009,15,0.1,120.372223,22.332572,67.3,0,2024-04-28 14:45:52,3201
5374,,,LONGLINE BUOY 09 19%,319009,15,0.5,120.372005,22.332543,329.0,0,2024-04-28 14:49:09,3468
5247,,,LONGLINE BUOY 09 19%,319009,15,0.6,120.372298,22.332508,118.4,0,2024-04-28 14:52:38,3390
5318,,,LONGLINE BUOY 09 19%,319009,15,1.7,120.372172,22.3325,314.7,0,2024-04-28 14:56:02,3441
5098,,,LONGLINE BUOY 09 19%,319009,15,0.7,120.37239,22.332475,294.3,0,2024-04-28 14:59:30,3288
5062,,,LONGLINE BUOY 09 19%,319009,15,0.2,120.37196,22.332703,157.1,0,2024-04-28 15:06:10,3253
5138,,,LONGLINE BUOY 09 19%,319009,15,0.4,120.372272,22.332465,346.3,0,2024-04-28 15:09:34,3272
4934,,,LONGLINE BUOY 09 19%,319009,15,0.7,120.372328,22.33235,14.8,0,2024-04-28 15:13:00,3180
5268,,,LONGLINE BUOY 09 19%,319009,15,0.4,120.372765,22.331988,172.8,0,2024-04-28 15:16:26,3378
5152,,,LONGLINE BUOY 09 19%,319009,15,0.2,120.37268,22.332202,285.1,0,2024-04-28 15:19:44,3332
5043,,,LONGLINE BUOY 09 19%,319009,15,0.1,120.372302,22.33246,225.1,0,2024-04-28 15:29:23,3225
4850,,,LONGLINE BUOY 09 18%,319009,15,0.2,120.372392,22.33258,94.9,0,2024-04-28 15:32:43,3110
4874,,,LONGLINE BUOY 09 19%,319009,15,1.5,120.372142,22.332473,8.1,0,2024-04-28 15:36:00,3102
5093,,,LONGLINE BUOY 09 18%,319009,15,0.0,120.372267,22.332437,279.2,0,2024-04-28 15:42:36,3241
4866,,,LONGLINE BUOY 09 18%,319009,15,0.1,120.372287,22.332515,194.5,0,2024-04-28 15:45:54,3096
5299,,,LONGLINE BUOY 09 18%,319009,15,0.8,120.372142,22.332422,193.1,0,2024-04-28 15:49:19,3373
4987,,,LONGLINE BUOY 09 18%,319009,15,0.1,120.372333,22.332482,184.9,0,2024-04-28 15:52:45,3157
5100,,,LONGLINE BUOY 09 19%,319009,15,0.1,120.372287,22.332398,158.5,0,2024-04-28 15:56:09,3252
5475,,,LONGLINE BUOY 09 19%,319009,15,3.2,120.372145,22.332403,81.4,0,2024-04-28 16:02:53,3497
5193,,,LONGLINE BUOY 09 18%,319009,15,0.6,120.372308,22.332473,273.7,0,2024-04-28 16:07:05,3324
5139,,,LONGLINE BUOY 09 18%,319009,15,0.4,120.372552,22.332197,30.5,0,2024-04-28 16:10:24,3281
5111,,,LONGLINE BUOY 09 18%,319009,15,1.5,120.372573,22.332642,50.1,0,2024-04-28 16:13:42,3266
5275,,,LONGLINE BUOY 09 18%,319009,15,0.3,120.372397,22.332768,322.9,0,2024-04-28 16:20:13,3390
5169,,,LONGLINE BUOY 09 18%,319009,15,0.4,120.372392,22.332713,24.4,0,2024-04-28 16:23:46,3335
5486,,,LONGLINE BUOY 09 18%,319009,15,0.4,120.372392,22.332713,24.4,0,2024-04-28 16:23:46,3558
5304,,,LONGLINE BUOY 09 18%,319009,15,0.4,120.372392,22.332713,24.4,0,2024-04-28 16:23:46,3427
5427,,,LONGLINE BUOY 09 18%,319009,15,0.9,120.372403,22.332727,348.4,0,2024-04-28 16:33:57,3517
5152,,,LONGLINE BUOY 09 18%,319009,15,0.9,120.372403,22.332727,348.4,0,2024-04-28 16:33:57,3331
5207,,,LONGLINE BUOY 09 18%,319009,15,0.7,120.371898,22.333157,43.4,0,2024-04-28 16:44:18,3353
5215,,,LONGLINE BUOY 09 18%,319009,15,0.3,120.372345,22.332755,153.2,0,2024-04-28 16:47:45,3372
4930,,,LONGLINE BUOY 09 18%,319009,15,0.3,120.372345,22.332755,153.2,0,2024-04-28 16:47:45,3181
4969,,,LONGLINE BUOY 09 18%,319009,15,0.9,120.372435,22.332538,335.1,0,2024-04-28 16:54:34,3191
4805,,,LONGLINE BUOY 09 18%,319009,15,0.9,120.372435,22.332538,335.1,0,2024-04-28 16:54:34,3120
4819,,,LONGLINE BUOY 09 18%,319009,15,0.9,120.372435,22.332538,335.1,0,2024-04-28 16:54:34,3142
5271,,,LONGLINE BUOY 09 17%,319009,15,0.6,120.37233,22.332838,139.6,0,2024-04-28 17:08:21,3434
5222,,,LONGLINE BUOY 09 18%,319009,15,0.6,120.372255,22.332692,271.2,0,2024-04-28 17:11:45,3405
5188,,,LONGLINE BUOY 09 18%,319009,15,1.4,120.372328,22.332857,323.1,0,2024-04-28 17:15:07,3322
4696,,,LONGLINE BUOY 09 17%,319009,15,1.2,120.372318,22.332805,80.7,0,2024-04-28 17:19:10,3010
4894,,,LONGLINE BUOY 09 17%,319009,15,0.2,120.372335,22.332695,90.1,0,2024-04-28 17:22:37,3137
4783,,,LONGLINE BUOY 09 17%,319009,15,0.4,120.372333,22.33269,248.8,0,2024-04-28 17:26:07,3064
4907,,,LONGLINE BUOY 09 17%,319009,15,0.2,120.372295,22.332772,356.1,0,2024-04-28 17:32:55,3158
4900,,,LONGLINE BUOY 09 17%,319009,15,0.7,120.372357,22.332632,349.4,0,2024-04-28 17:36:19,3144
5058,,,LONGLINE BUOY 09 17%,319009,15,0.5,120.372362,22.332617,158.0,0,2024-04-28 17:39:47,3234
5004,,,LONGLINE BUOY 09 17%,319009,15,0.5,120.372428,22.332753,33.1,0,2024-04-28 17:43:13,3204
4773,,,LONGLINE BUOY 09 17%,319009,15,0.8,120.372412,22.332625,55.9,0,2024-04-28 17:46:47,3032
4731,,,LONGLINE BUOY 09 17%,319009,15,0.7,120.372403,22.33279,169.4,0,2024-04-28 17:50:15,3013
4999,,,LONGLINE BUOY 09 17%,319009,15,0.9,120.372323,22.332773,221.4,0,2024-04-28 17:56:59,3187
5053,,,LONGLINE BUOY 09 17%,319009,15,0.7,120.372355,22.332842,176.6,0,2024-04-28 18:00:19,3222
4795,,,LONGLINE BUOY 09 17%,319009,15,0.6,120.372277,22.332782,166.7,0,2024-04-28 18:03:45,3078
4682,,,LONGLINE BUOY 09 17%,319009,15,0.6,120.372323,22.332682,109.1,0,2024-04-28 18:07:05,2986
4841,,,LONGLINE BUOY 09 17%,319009,15,1.3,120.372188,22.332743,159.8,0,2024-04-28 18:13:45,3093
4682,,,LONGLINE BUOY 09 17%,319009,15,0.8,120.372452,22.332812,223.3,0,2024-04-28 18:17:07,2992
5167,,,LONGLINE BUOY 09 17%,319009,15,0.7,120.37241,22.332758,353.5,0,2024-04-28 18:20:31,3348
4861,,,LONGLINE BUOY 09 17%,319009,15,0.5,120.37246,22.332823,294.2,0,2024-04-28 18:23:57,3144
5408,,,LONGLINE BUOY 09 17%,319009,15,0.9,120.372283,22.332728,229.4,0,2024-04-28 18:27:17,3520
5431,,,LONGLINE BUOY 09 17%,319009,15,1.2,120.372317,22.332767,216.5,0,2024-04-28 18:34:01,3554
5095,,,LONGLINE BUOY 09 17%,319009,15,1.2,120.372317,22.332767,216.5,0,2024-04-28 18:34:01,3325
5307,,,LONGLINE BUOY 09 17%,319009,15,0.7,120.372403,22.332833,52.7,0,2024-04-28 18:40:49,3461
5046,,,LONGLINE BUOY 09 17%,319009,15,0.5,120.372273,22.332765,202.5,0,2024-04-28 18:44:15,3271
4996,,,LONGLINE BUOY 09 17%,319009,15,0.4,120.372683,22.332833,187.6,0,2024-04-28 18:47:37,3248
5050,,,LONGLINE BUOY 09 16%,319009,15,1.0,120.372363,22.332677,219.3,0,2024-04-28 18:54:29,3275
5177,,,LONGLINE BUOY 09 16%,319009,15,1.1,120.372462,22.332728,62.4,0,2024-04-28 18:57:51,3351
4924,,,LONGLINE BUOY 09 16%,319009,15,0.5,120.372118,22.332638,219.9,0,2024-04-28 19:01:11,3175
4986,,,LONGLINE BUOY 09 16%,319009,15,0.5,120.372118,22.332638,219.9,0,2024-04-28 19:01:11,3218
4963,,,LONGLINE BUOY 09 16%,319009,15,0.5,120.372118,22.332638,219.9,0,2024-04-28 19:01:11,3200
