fid,IMO_Number,Call_Sign,ShipName,MMSI,Navigational_Status,SOG,Longitude,Latitude,COG,Ship_and_Cargo_Type,Record_Time,group
4423,,,05188-7-99%         ,930518807,15,1.5,120.465713,26.586848,198.1,0,2024-04-16 03:54:23,3035
4431,,,05188-7-99%         ,930518807,15,0.5,120.4655,26.586303,199.3,0,2024-04-16 03:56:48,3034
4296,,,05188-7-99%         ,930518807,15,0.1,120.465322,26.585733,192.6,0,2024-04-16 04:01:24,2943
4141,,,05188-7-99%         ,930518807,15,0.2,120.465133,26.585505,216.4,0,2024-04-16 04:03:40,2854
4013,,,05188-7-99%         ,930518807,15,0.1,120.46477,26.585178,210.4,0,2024-04-16 04:08:12,2776
4116,,,05188-7-99%         ,930518807,15,0.1,120.464415,26.585017,214.0,0,2024-04-16 04:12:45,2824
3906,,,05188-7-99%         ,930518807,15,0.0,120.464365,26.584853,142.3,0,2024-04-16 04:19:33,2701
4053,,,05188-7-99%         ,930518807,15,0.0,120.464372,26.58468,164.8,0,2024-04-16 04:24:09,2806
4157,,,05188-7-99%         ,930518807,15,0.0,120.464677,26.584263,150.7,0,2024-04-16 04:35:28,2873
3836,,,05188-7-99%         ,930518807,15,0.1,120.464852,26.584108,127.7,0,2024-04-16 04:40:07,2674
4275,,,05188-7-99%         ,930518807,15,0.0,120.465087,26.58386,121.5,0,2024-04-16 04:46:57,2994
3796,,,05188-7-99%         ,930518807,15,0.1,120.465502,26.583563,118.8,0,2024-04-16 04:56:01,2669
4236,,,05188-7-99%         ,930518807,15,0.4,120.465937,26.583332,174.6,0,2024-04-16 05:02:51,2969
4302,,,05188-7-99%         ,930518807,15,0.1,120.466198,26.583217,100.4,0,2024-04-16 05:07:23,3029
4294,,,05188-7-99%         ,930518807,15,0.1,120.466455,26.583098,128.2,0,2024-04-16 05:11:57,3033
4347,,,05188-7-99%         ,930518807,15,1.8,120.466965,26.582988,182.7,0,2024-04-16 05:18:50,3065
4249,,,05188-7-99%         ,930518807,15,0.1,120.467275,26.582887,111.6,0,2024-04-16 05:23:28,3023
4237,,,05188-7-99%         ,930518807,15,0.2,120.467503,26.582835,104.1,0,2024-04-16 05:25:50,2993
4103,,,05188-7-99%         ,930518807,15,0.1,120.467835,26.582715,124.9,0,2024-04-16 05:30:23,2923
4255,,,05188-7-99%         ,930518807,15,0.1,120.468197,26.582633,105.1,0,2024-04-16 05:34:56,3028
4386,,,05188-7-99%         ,930518807,15,0.1,120.47039,26.58214,100.7,0,2024-04-16 05:57:38,3117
4452,,,05188-7-99%         ,930518807,15,0.2,120.470667,26.582108,97.2,0,2024-04-16 05:59:57,3156
4884,,,05188-7-99%         ,930518807,15,0.1,120.47163,26.581987,96.0,0,2024-04-16 06:09:04,3507
5382,,,05188-7-99%         ,930518807,15,0.1,120.47186,26.58197,94.6,0,2024-04-16 06:11:18,3883
5727,,,05188-7-99%         ,930518807,15,0.2,120.472318,26.581927,96.9,0,2024-04-16 06:15:49,4146
5779,,,05188-7-99%         ,930518807,15,0.2,120.472822,26.58189,99.7,0,2024-04-16 06:20:22,4191
5549,,,05188-7-99%         ,930518807,15,0.3,120.473707,26.582008,96.4,0,2024-04-16 06:27:13,4037
5554,,,05188-7-99%         ,930518807,15,0.1,120.474688,26.582142,92.4,0,2024-04-16 06:36:20,3970
5216,,,05188-7-99%         ,930518807,15,0.1,120.475137,26.582153,88.9,0,2024-04-16 06:40:53,3692
4902,,,05188-7-99%         ,930518807,15,0.1,120.475382,26.582142,93.0,0,2024-04-16 06:43:19,3511
5684,,,05188-7-99%         ,930518807,15,0.2,120.475995,26.582142,90.6,0,2024-04-16 06:48:23,4075
6348,,,05188-7-99%         ,930518807,15,0.2,120.476583,26.582165,79.9,0,2024-04-16 06:53:00,4575
5616,,,05188-7-99%         ,930518807,15,0.3,120.47723,26.582165,91.1,0,2024-04-16 06:57:33,4057
5488,,,05188-7-99%         ,930518807,15,0.2,120.477812,26.582177,86.2,0,2024-04-16 07:02:04,3957
5487,,,05188-7-99%         ,930518807,15,0.2,120.478395,26.582147,110.9,0,2024-04-16 07:06:36,3929
5547,,,05188-7-99%         ,930518807,15,0.2,120.479217,26.582333,80.9,0,2024-04-16 07:13:31,3968
5542,,,05188-7-99%         ,930518807,15,0.2,120.479763,26.582335,96.7,0,2024-04-16 07:18:03,3953
5443,,,05188-7-99%         ,930518807,15,0.2,120.480643,26.582443,89.5,0,2024-04-16 07:24:46,3871
5487,,,05188-7-99%         ,930518807,15,0.2,120.481523,26.582643,75.2,0,2024-04-16 07:31:34,3914
6016,,,05188-7-99%         ,930518807,15,0.2,120.482422,26.582892,73.6,0,2024-04-16 07:38:29,4307
5601,,,05188-7-99%         ,930518807,15,0.3,120.483275,26.583143,59.8,0,2024-04-16 07:45:24,3953
5748,,,05188-7-99%         ,930518807,15,0.1,120.484418,26.583468,75.3,0,2024-04-16 07:54:30,4093
5919,,,05188-7-99%         ,930518807,15,0.2,120.484695,26.583618,58.8,0,2024-04-16 07:56:48,4209
5543,,,05188-7-99%         ,930518807,15,0.2,120.485462,26.58387,72.1,0,2024-04-16 08:03:45,3927
5036,,,05188-7-99%         ,930518807,15,0.2,120.486312,26.584247,63.4,0,2024-04-16 08:10:46,3540
5459,,,05188-7-99%         ,930518807,15,0.2,120.486827,26.584493,62.0,0,2024-04-16 08:15:38,3863
5825,,,05188-7-99%         ,930518807,15,0.2,120.487305,26.584717,66.5,0,2024-04-16 08:20:11,4137
5893,,,05188-7-99%         ,930518807,15,0.2,120.487787,26.584958,58.6,0,2024-04-16 08:24:46,4194
5849,,,05188-7-99%         ,930518807,15,0.2,120.487993,26.585063,60.4,0,2024-04-16 08:27:00,4178
6008,,,05188-7-99%         ,930518807,15,0.1,120.488445,26.585327,55.6,0,2024-04-16 08:31:31,4288
5970,,,05188-7-99%         ,930518807,15,0.2,120.488662,26.58545,57.5,0,2024-04-16 08:33:45,4259
5965,,,05188-7-99%         ,930518807,15,0.2,120.489228,26.585808,50.2,0,2024-04-16 08:40:31,4291
5965,,,05188-7-99%         ,930518807,15,0.1,120.489355,26.585947,39.3,0,2024-04-16 08:42:48,4256
6119,,,05188-7-99%         ,930518807,15,0.2,120.490175,26.586478,47.0,0,2024-04-16 08:51:49,4371
5584,,,05188-7-99%         ,930518807,15,0.0,120.490203,26.586447,141.2,0,2024-04-16 08:54:08,3969
5500,,,05188-7-99%         ,930518807,15,0.1,120.490763,26.587017,32.1,0,2024-04-16 09:00:57,3901
5461,,,05188-7-99%         ,930518807,15,0.1,120.491128,26.587282,54.1,0,2024-04-16 09:05:32,3878
6013,,,05188-7-99%         ,930518807,15,0.1,120.491348,26.587532,50.5,0,2024-04-16 09:10:07,4296
5845,,,05188-7-99%         ,930518807,15,0.2,120.491522,26.587742,36.4,0,2024-04-16 09:12:22,4156
6230,,,05188-7-99%         ,930518807,15,0.2,120.491747,26.587967,35.0,0,2024-04-16 09:16:52,4420
5822,,,05188-7-99%         ,930518807,15,0.1,120.491998,26.588175,60.8,0,2024-04-16 09:21:22,4119
6043,,,05188-7-99%         ,930518807,15,0.1,120.492212,26.588478,34.3,0,2024-04-16 09:25:50,4308
5960,,,05188-7-99%         ,930518807,15,0.1,120.49242,26.588732,25.4,0,2024-04-16 09:30:26,4256
5501,,,05188-7-99%         ,930518807,15,0.0,120.492673,26.589107,22.9,0,2024-04-16 09:37:19,3890
5445,,,05188-7-99%         ,930518807,15,0.1,120.492858,26.589412,23.8,0,2024-04-16 09:41:54,3840
5534,,,05188-7-99%         ,930518807,15,0.1,120.492908,26.589573,15.4,0,2024-04-16 09:44:12,3916
5980,,,05188-7-99%         ,930518807,15,0.0,120.493007,26.58979,20.3,0,2024-04-16 09:48:49,4201
5812,,,05188-7-99%         ,930518807,15,0.1,120.493092,26.58997,22.9,0,2024-04-16 09:51:02,4094
5709,,,05188-7-99%         ,930518807,15,0.2,120.493315,26.59043,30.2,0,2024-04-16 09:57:58,4034
5752,,,05188-7-99%         ,930518807,15,0.1,120.493337,26.590582,28.4,0,2024-04-16 10:02:58,4041
5823,,,05188-7-99%         ,930518807,15,0.0,120.493405,26.590822,0.8,0,2024-04-16 10:07:35,4081
5855,,,05188-7-99%         ,930518807,15,0.0,120.493398,26.590922,356.5,0,2024-04-16 10:09:53,4104
5673,,,05188-7-99%         ,930518807,15,0.1,120.493373,26.591158,340.6,0,2024-04-16 10:14:27,3959
5701,,,05188-7-99%         ,930518807,15,0.1,120.493462,26.591458,16.2,0,2024-04-16 10:19:06,3966
5487,,,05188-7-99%         ,930518807,15,0.0,120.49336,26.591487,287.2,0,2024-04-16 10:21:23,3826
5853,,,05188-7-99%         ,930518807,15,0.1,120.49337,26.591775,6.1,0,2024-04-16 10:28:06,4117
6082,,,05188-7-99%         ,930518807,15,0.0,120.493388,26.591903,97.7,0,2024-04-16 10:32:36,4276
6229,,,05188-7-99%         ,930518807,15,0.1,120.493298,26.592082,335.6,0,2024-04-16 10:34:55,4364
5976,,,05188-7-99%         ,930518807,15,0.0,120.493157,26.59227,311.7,0,2024-04-16 10:39:23,4190
5785,,,05188-7-99%         ,930518807,15,0.0,120.493108,26.592498,5.3,0,2024-04-16 10:44:01,4067
5836,,,05188-7-99%         ,930518807,15,0.1,120.49291,26.592753,347.2,0,2024-04-16 10:48:34,4094
5980,,,05188-7-99%         ,930518807,15,0.1,120.492825,26.592843,319.7,0,2024-04-16 10:50:48,4174
5977,,,05188-7-99%         ,930518807,15,0.1,120.492498,26.593178,321.2,0,2024-04-16 10:57:35,4217
5983,,,05188-7-99%         ,930518807,15,0.1,120.492415,26.593275,322.3,0,2024-04-16 10:59:48,4215
5731,,,05188-7-99%         ,930518807,15,0.1,120.492227,26.59344,314.8,0,2024-04-16 11:04:21,4019
5465,,,05188-7-99%         ,930518807,15,0.1,120.492098,26.593545,312.3,0,2024-04-16 11:06:38,3833
5754,,,05188-7-99%         ,930518807,15,0.1,120.491688,26.59387,303.8,0,2024-04-16 11:13:22,4000
5872,,,05188-7-99%         ,930518807,15,0.1,120.491535,26.59396,303.2,0,2024-04-16 11:15:40,4080
5621,,,05188-7-99%         ,930518807,15,0.1,120.491263,26.594113,295.5,0,2024-04-16 11:20:12,3908
5811,,,05188-7-99%         ,930518807,15,0.1,120.490947,26.594275,306.3,0,2024-04-16 11:24:43,4070
5767,,,05188-7-99%         ,930518807,15,0.1,120.490623,26.59439,280.2,0,2024-04-16 11:29:16,4039
5891,,,05188-7-99%         ,930518807,15,0.1,120.49043,26.594448,288.6,0,2024-04-16 11:31:32,4169
5780,,,05188-7-99%         ,930518807,15,0.1,120.489925,26.594572,267.7,0,2024-04-16 11:38:17,4067
5926,,,05188-7-99%         ,930518807,15,0.2,120.48956,26.594578,256.1,0,2024-04-16 11:42:52,4183
6003,,,05188-7-99%         ,930518807,15,0.1,120.489047,26.594778,283.5,0,2024-04-16 11:49:45,4224
5913,,,05188-7-99%         ,930518807,15,0.2,120.48865,26.594818,270.4,0,2024-04-16 11:54:20,4181
6237,,,05188-7-99%         ,930518807,15,0.1,120.488542,26.594943,322.1,0,2024-04-16 11:56:36,4431
6028,,,05188-7-99%         ,930518807,15,0.1,120.487792,26.594877,267.6,0,2024-04-16 12:03:21,4242
6164,,,05188-7-99%         ,930518807,15,0.2,120.48736,26.594963,257.5,0,2024-04-16 12:07:55,4345
5753,,,05188-7-99%         ,930518807,15,0.1,120.486662,26.594977,278.2,0,2024-04-16 12:14:46,4009
5642,,,05188-7-99%         ,930518807,15,0.2,120.486135,26.594932,264.7,0,2024-04-16 12:19:20,3921
5790,,,05188-7-99%         ,930518807,15,0.2,120.485693,26.594932,259.6,0,2024-04-16 12:23:51,4071
6115,,,05188-7-99%         ,930518807,15,0.2,120.484898,26.594938,264.4,0,2024-04-16 12:30:41,4290
6165,,,05188-7-99%         ,930518807,15,0.1,120.484503,26.594973,283.7,0,2024-04-16 12:35:16,4312
5930,,,05188-7-99%         ,930518807,15,0.2,120.484223,26.594957,266.1,0,2024-04-16 12:37:32,4132
6409,,,05188-7-99%         ,930518807,15,0.2,120.483515,26.595017,304.4,0,2024-04-16 12:44:16,4458
6164,,,05188-7-99%         ,930518807,15,0.1,120.482992,26.594938,277.9,0,2024-04-16 12:48:46,4284
6072,,,05188-7-99%         ,930518807,15,0.2,120.482703,26.594933,268.8,0,2024-04-16 12:51:01,4272
5729,,,05188-7-99%         ,930518807,15,0.2,120.482185,26.594917,271.1,0,2024-04-16 12:55:35,3999
5651,,,05188-7-99%         ,930518807,15,0.1,120.481608,26.59481,293.1,0,2024-04-16 13:00:10,3924
5940,,,05188-7-99%         ,930518807,15,0.1,120.481467,26.594835,281.1,0,2024-04-16 13:02:23,4127
5872,,,05188-7-99%         ,930518807,15,0.2,120.480812,26.594723,253.1,0,2024-04-16 13:07:00,4063
6081,,,05188-7-99%         ,930518807,15,0.3,120.480048,26.594685,249.9,0,2024-04-16 13:13:42,4255
5929,,,05188-7-99%         ,930518807,15,0.1,120.479857,26.59468,268.3,0,2024-04-16 13:16:02,4149
6425,,,05188-7-99%         ,930518807,15,0.1,120.479255,26.594642,272.3,0,2024-04-16 13:20:37,4496
5511,,,05188-7-99%         ,930518807,15,0.2,120.474932,26.593878,253.9,0,2024-04-16 13:54:41,3776
5000,,,05188-7-99%         ,930518807,15,0.2,120.474678,26.593835,259.1,0,2024-04-16 13:56:59,3359
5239,,,05188-7-99%         ,930518807,15,0.1,120.473502,26.593732,278.9,0,2024-04-16 14:05:57,3535
5347,,,05188-7-99%         ,930518807,15,0.1,120.472957,26.593633,271.0,0,2024-04-16 14:10:32,3649
5939,,,05188-7-99%         ,930518807,15,0.2,120.472693,26.593575,256.1,0,2024-04-16 14:12:49,4080
5736,,,05188-7-99%         ,930518807,15,0.1,120.471922,26.593415,271.5,0,2024-04-16 14:21:59,3935
5947,,,05188-7-99%         ,930518807,15,0.0,120.471613,26.593305,208.2,0,2024-04-16 14:26:35,4096
5728,,,05188-7-99%         ,930518807,15,0.1,120.471447,26.593288,263.6,0,2024-04-16 14:28:52,3966
5793,,,05188-7-99%         ,930518807,15,0.1,120.470878,26.593112,250.4,0,2024-04-16 14:35:54,4011
5657,,,05188-7-99%         ,930518807,15,0.1,120.47047,26.592923,221.0,0,2024-04-16 14:42:50,3901
5874,,,05188-7-99%         ,930518807,15,0.2,120.470105,26.592815,252.5,0,2024-04-16 14:47:53,4031
5712,,,05188-7-99%         ,930518807,15,0.1,120.470002,26.592758,238.5,0,2024-04-16 14:50:10,3940
5695,,,05188-7-99%         ,930518807,15,0.1,120.469783,26.592663,222.3,0,2024-04-16 14:54:46,3920
5924,,,05188-7-99%         ,930518807,15,0.1,120.469477,26.592618,252.9,0,2024-04-16 14:59:16,4056
5465,,,05188-7-99%         ,930518807,15,0.0,120.469427,26.592572,223.8,0,2024-04-16 15:01:32,3735
5600,,,05188-7-99%         ,930518807,15,0.0,120.46929,26.592542,287.1,0,2024-04-16 15:06:02,3836
5741,,,05188-7-99%         ,930518807,15,0.1,120.46909,26.592398,193.2,0,2024-04-16 15:12:50,3911
4823,,,05188-7-99%         ,930518807,15,0.0,120.468965,26.592307,194.6,0,2024-04-16 15:17:22,3211
4677,,,05188-7-99%         ,930518807,15,0.0,120.468852,26.59218,174.0,0,2024-04-16 15:24:06,3166
5451,,,05188-7-99%         ,930518807,15,0.0,120.468938,26.592167,347.7,0,2024-04-16 15:28:42,3731
5479,,,05188-7-99%         ,930518807,15,0.2,120.46902,26.591878,165.7,0,2024-04-16 15:30:56,3768
4866,,,05188-7-98%         ,930518807,15,4.1,120.463575,26.549368,173.2,0,2024-04-17 04:03:00,3427
5022,,,05188-7-98%         ,930518807,15,0.4,120.462908,26.548512,213.9,0,2024-04-17 04:07:51,3538
5053,,,05188-7-99%         ,930518807,15,0.4,120.462297,26.547767,215.3,0,2024-04-17 04:12:19,3561
5214,,,05188-7-98%         ,930518807,15,0.3,120.461727,26.547368,245.0,0,2024-04-17 04:16:53,3686
5117,,,05188-7-98%         ,930518807,15,0.2,120.460615,26.547197,256.3,0,2024-04-17 04:25:57,3663
5272,,,05188-7-98%         ,930518807,15,0.1,120.46013,26.547133,252.9,0,2024-04-17 04:32:47,3757
5103,,,05188-7-98%         ,930518807,15,0.0,120.45984,26.547022,227.5,0,2024-04-17 04:39:42,3624
5176,,,05188-7-99%         ,930518807,15,0.1,120.459698,26.54697,242.0,0,2024-04-17 04:44:17,3691
5414,,,05188-7-98%         ,930518807,15,0.0,120.459642,26.546967,266.2,0,2024-04-17 04:46:36,3859
5276,,,05188-7-98%         ,930518807,15,0.0,120.459513,26.546823,193.4,0,2024-04-17 04:53:25,3788
5434,,,05188-7-98%         ,930518807,15,0.0,120.459363,26.546802,233.3,0,2024-04-17 04:57:52,3905
5468,,,05188-7-98%         ,930518807,15,0.0,120.45935,26.546757,194.8,0,2024-04-17 05:00:09,3946
5534,,,05188-7-98%         ,930518807,15,0.0,120.459323,26.546692,156.5,0,2024-04-17 05:04:43,4013
5626,,,05188-7-98%         ,930518807,15,0.0,120.459238,26.546635,213.6,0,2024-04-17 05:09:21,4086
5566,,,05188-7-99%         ,930518807,15,0.0,120.459292,26.546597,20.3,0,2024-04-17 05:13:51,4055
5626,,,05188-7-98%         ,930518807,15,0.0,120.459328,26.546568,130.7,0,2024-04-17 05:16:07,4076
5476,,,05188-7-98%         ,930518807,15,0.0,120.459327,26.546545,63.1,0,2024-04-17 05:20:43,3975
5575,,,05188-7-98%         ,930518807,15,0.0,120.459448,26.546538,106.6,0,2024-04-17 05:25:16,4054
5358,,,05188-7-98%         ,930518807,15,0.0,120.459463,26.546525,117.2,0,2024-04-17 05:29:45,3890
5698,,,05188-7-98%         ,930518807,15,0.1,120.459637,26.546608,61.2,0,2024-04-17 05:34:14,4129
5573,,,05188-7-98%         ,930518807,15,0.0,120.459713,26.54654,80.3,0,2024-04-17 05:38:53,4009
5622,,,05188-7-98%         ,930518807,15,0.0,120.459805,26.546537,47.9,0,2024-04-17 05:43:28,4042
5731,,,05188-7-98%         ,930518807,15,0.0,120.45991,26.546477,190.8,0,2024-04-17 05:47:56,4151
5495,,,05188-7-98%         ,930518807,15,0.1,120.460055,26.54649,84.1,0,2024-04-17 05:50:16,3997
5586,,,05188-7-98%         ,930518807,15,0.0,120.460487,26.546483,122.5,0,2024-04-17 05:59:22,4052
5977,,,05188-7-98%         ,930518807,15,0.1,120.460503,26.546257,176.2,0,2024-04-17 06:02:13,4325
5637,,,05188-7-98%         ,930518807,15,0.1,120.460775,26.54624,102.0,0,2024-04-17 06:06:47,4085
5421,,,05188-7-98%         ,930518807,15,0.1,120.460998,26.54627,64.5,0,2024-04-17 06:11:18,3907
5861,,,05188-7-98%         ,930518807,15,0.1,120.461317,26.546225,63.6,0,2024-04-17 06:15:51,4249
5577,,,05188-7-98%         ,930518807,15,0.0,120.461383,26.54623,85.2,0,2024-04-17 06:18:09,4033
5584,,,05188-7-98%         ,930518807,15,0.0,120.461943,26.54621,108.7,0,2024-04-17 06:24:58,4045
5466,,,05188-7-98%         ,930518807,15,0.2,120.462188,26.546225,86.0,0,2024-04-17 06:27:15,3959
5354,,,05188-7-98%         ,930518807,15,0.1,120.46246,26.546195,92.0,0,2024-04-17 06:31:57,3850
5284,,,05188-7-98%         ,930518807,15,0.0,120.462912,26.546202,77.0,0,2024-04-17 06:36:31,3785
5487,,,05188-7-98%         ,930518807,15,0.1,120.463075,26.546218,83.5,0,2024-04-17 06:38:49,3952
5363,,,05188-7-98%         ,930518807,15,0.1,120.463237,26.546257,75.1,0,2024-04-17 06:41:05,3852
5486,,,05188-7-98%         ,930518807,15,0.1,120.46391,26.546218,93.5,0,2024-04-17 06:47:59,3949
5241,,,05188-7-98%         ,930518807,15,0.1,120.464402,26.546245,94.6,0,2024-04-17 06:52:38,3766
5365,,,05188-7-98%         ,930518807,15,0.1,120.465492,26.546193,85.4,0,2024-04-17 07:04:15,3828
5430,,,05188-7-98%         ,930518807,15,0.1,120.466042,26.546237,84.1,0,2024-04-17 07:08:48,3886
5783,,,05188-7-97%         ,930518807,15,0.2,120.466572,26.54629,78.3,0,2024-04-17 07:13:22,4180
5973,,,05188-7-98%         ,930518807,15,0.2,120.46688,26.546268,94.4,0,2024-04-17 07:15:40,4306
5232,,,05188-7-98%         ,930518807,15,0.2,120.467308,26.54631,94.4,0,2024-04-17 07:20:24,3726
5270,,,05188-7-98%         ,930518807,15,0.1,120.467835,26.54636,67.7,0,2024-04-17 07:25:07,3757
5472,,,05188-7-98%         ,930518807,15,0.2,120.46846,26.546347,88.1,0,2024-04-17 07:29:45,3920
5464,,,05188-7-98%         ,930518807,15,0.3,120.46949,26.54638,85.9,0,2024-04-17 07:36:39,3924
5495,,,05188-7-98%         ,930518807,15,0.2,120.470928,26.546293,95.9,0,2024-04-17 07:41:13,3921
5509,,,05188-7-98%         ,930518807,15,0.4,120.470185,26.546477,285.3,0,2024-04-17 07:43:38,3943
5354,,,05188-7-97%         ,930518807,15,0.2,120.47078,26.546568,83.5,0,2024-04-17 07:48:23,3787
5345,,,05188-7-98%         ,930518807,15,0.2,120.472022,26.546733,79.0,0,2024-04-17 07:58:01,3802
5467,,,05188-7-97%         ,930518807,15,0.2,120.47292,26.546883,76.9,0,2024-04-17 08:05:08,3875
5507,,,05188-7-98%         ,930518807,15,0.2,120.473573,26.54699,75.5,0,2024-04-17 08:09:55,3933
5435,,,05188-7-97%         ,930518807,15,0.2,120.47446,26.54724,73.4,0,2024-04-17 08:17:09,3836
5475,,,05188-7-98%         ,930518807,15,0.2,120.475857,26.547448,77.0,0,2024-04-17 08:26:44,3838
5024,,,05188-7-98%         ,930518807,15,0.2,120.476463,26.547643,72.9,0,2024-04-17 08:31:16,3523
5318,,,05188-7-97%         ,930518807,15,0.2,120.477055,26.547823,72.8,0,2024-04-17 08:35:56,3754
5456,,,05188-7-97%         ,930518807,15,0.2,120.477863,26.54811,70.4,0,2024-04-17 08:42:45,3871
5512,,,05188-7-97%         ,930518807,15,0.2,120.478445,26.548273,75.3,0,2024-04-17 08:47:17,3910
5519,,,05188-7-98%         ,930518807,15,0.2,120.478993,26.548465,75.4,0,2024-04-17 08:51:50,3909
5340,,,05188-7-97%         ,930518807,15,0.3,120.479305,26.548625,60.1,0,2024-04-17 08:54:07,3766
5424,,,05188-7-98%         ,930518807,15,0.2,120.479813,26.548795,69.0,0,2024-04-17 08:58:36,3830
5416,,,05188-7-97%         ,930518807,15,0.2,120.480377,26.549032,62.7,0,2024-04-17 09:03:08,3810
5734,,,05188-7-97%         ,930518807,15,0.2,120.480875,26.549203,61.2,0,2024-04-17 09:07:44,4075
5294,,,05188-7-97%         ,930518807,15,0.2,120.481443,26.54942,63.7,0,2024-04-17 09:12:17,3737
5295,,,05188-7-97%         ,930518807,15,0.3,120.482012,26.549645,70.1,0,2024-04-17 09:16:48,3740
5395,,,05188-7-97%         ,930518807,15,0.1,120.48219,26.549718,65.3,0,2024-04-17 09:19:03,3809
5334,,,05188-7-97%         ,930518807,15,0.2,120.482668,26.549978,60.8,0,2024-04-17 09:23:35,3766
5453,,,05188-7-97%         ,930518807,15,0.2,120.483125,26.550227,55.7,0,2024-04-17 09:28:08,3850
5406,,,05188-7-97%         ,930518807,15,0.2,120.483688,26.550473,58.3,0,2024-04-17 09:32:42,3840
5347,,,05188-7-97%         ,930518807,15,0.2,120.484197,26.55071,60.8,0,2024-04-17 09:37:23,3774
5216,,,05188-7-97%         ,930518807,15,0.2,120.484422,26.55085,55.2,0,2024-04-17 09:39:43,3674
5351,,,05188-7-97%         ,930518807,15,0.2,120.484917,26.551102,60.0,0,2024-04-17 09:44:19,3739
5205,,,05188-7-97%         ,930518807,15,0.2,120.485413,26.551382,53.6,0,2024-04-17 09:49:00,3654
5170,,,05188-7-97%         ,930518807,15,0.1,120.485852,26.55158,70.0,0,2024-04-17 09:53:37,3634
5424,,,05188-7-97%         ,930518807,15,0.1,120.486017,26.551725,45.5,0,2024-04-17 09:55:52,3806
5382,,,05188-7-97%         ,930518807,15,0.1,120.486468,26.55202,40.9,0,2024-04-17 10:00:30,3778
5084,,,05188-7-97%         ,930518807,15,0.2,120.486915,26.552338,50.3,0,2024-04-17 10:05:03,3544
5348,,,05188-7-97%         ,930518807,15,0.1,120.48722,26.552537,44.2,0,2024-04-17 10:09:32,3783
4736,,,05188-7-97%         ,930518807,15,0.2,120.487348,26.552727,31.1,0,2024-04-17 10:11:52,3347
4847,,,05188-7-97%         ,930518807,15,0.1,120.48765,26.552943,44.8,0,2024-04-17 10:16:26,3434
4869,,,05188-7-97%         ,930518807,15,0.1,120.487958,26.553223,43.0,0,2024-04-17 10:20:55,3419
5090,,,05188-7-97%         ,930518807,15,0.1,120.488132,26.553317,59.0,0,2024-04-17 10:23:14,3591
5217,,,05188-7-97%         ,930518807,15,0.1,120.48853,26.553725,46.1,0,2024-04-17 10:30:05,3696
5265,,,05188-7-97%         ,930518807,15,0.1,120.48882,26.55404,28.0,0,2024-04-17 10:34:43,3744
5029,,,05188-7-97%         ,930518807,15,0.1,120.488953,26.554163,44.0,0,2024-04-17 10:36:57,3541
5178,,,05188-7-97%         ,930518807,15,0.2,120.489215,26.554502,41.1,0,2024-04-17 10:41:28,3636
4844,,,05188-7-97%         ,930518807,15,0.1,120.48938,26.554798,10.8,0,2024-04-17 10:45:56,3381
4926,,,05188-7-97%         ,930518807,15,0.2,120.489428,26.55501,11.5,0,2024-04-17 10:48:11,3428
4812,,,05188-7-97%         ,930518807,15,0.3,120.489615,26.55571,359.0,0,2024-04-17 10:55:08,3358
4556,,,05188-7-97%         ,930518807,15,0.1,120.489807,26.555762,73.2,0,2024-04-17 10:57:22,3173
5031,,,05188-7-97%         ,930518807,15,0.1,120.489918,26.555935,30.0,0,2024-04-17 10:59:38,3515
4724,,,05188-7-97%         ,930518807,15,0.9,120.49161,26.546603,189.8,0,2024-04-17 11:22:56,3300
4643,,,05188-7-97%         ,930518807,15,0.8,120.491372,26.545672,192.9,0,2024-04-17 11:25:14,3234
4686,,,05188-7-97%         ,930518807,15,0.9,120.492408,26.530917,163.1,0,2024-04-17 11:59:19,3222
4516,,,05188-7-96%         ,930518807,15,0.7,120.493442,26.527767,169.0,0,2024-04-17 12:10:48,3088
5216,,,05188-7-96%         ,930518807,15,0.2,120.498553,26.523565,118.2,0,2024-04-17 12:29:07,3567
4965,,,05188-7-97%         ,930518807,15,0.5,120.499355,26.522913,132.2,0,2024-04-17 12:31:24,3401
5122,,,05188-7-96%         ,930518807,15,0.9,120.507868,26.524123,36.2,0,2024-04-17 12:49:40,3509
5644,,,05188-7-97%         ,930518807,15,1.0,120.509368,26.527013,14.6,0,2024-04-17 12:56:30,3826
5288,,,05188-7-97%         ,930518807,15,1.1,120.509138,26.529413,3.7,0,2024-04-17 13:01:03,3598
5370,,,05188-7-97%         ,930518807,15,1.0,120.507082,26.534985,324.8,0,2024-04-17 13:12:31,3635
5223,,,05188-7-96%         ,930518807,15,1.0,120.506018,26.536932,324.9,0,2024-04-17 13:17:03,3517
5570,,,05188-7-97%         ,930518807,15,1.0,120.505565,26.538023,339.5,0,2024-04-17 13:19:21,3763
5360,,,05188-7-97%         ,930518807,15,1.1,120.503337,26.544127,349.0,0,2024-04-17 13:30:49,3625
5359,,,05188-7-97%         ,930518807,15,0.7,120.502085,26.550352,345.0,0,2024-04-17 13:44:26,3596
5070,,,05188-7-97%         ,930518807,15,0.9,120.501115,26.552615,339.2,0,2024-04-17 13:49:00,3385
5294,,,05188-7-96%         ,930518807,15,1.1,120.499153,26.559775,344.8,0,2024-04-17 14:02:36,3542
5361,,,05188-7-96%         ,930518807,15,0.9,120.496932,26.564722,341.6,0,2024-04-17 14:13:55,3584
4836,,,05188-7-96%         ,930518807,15,0.7,120.479197,26.615592,348.9,0,2024-04-17 17:26:00,3184
4769,,,05188-7-95%         ,930518807,15,0.0,120.468808,26.663363,73.5,0,2024-04-18 00:47:57,3203
5232,,,05188-7-95%         ,930518807,15,0.0,120.468815,26.663323,124.3,0,2024-04-18 00:57:18,3496
5113,,,05188-7-95%         ,930518807,15,0.1,120.468718,26.663393,311.8,0,2024-04-18 01:09:00,3410
4925,,,05188-7-95%         ,930518807,15,0.1,120.468823,26.66326,144.8,0,2024-04-18 01:11:20,3286
4767,,,05188-7-95%         ,930518807,15,0.1,120.468708,26.663348,286.8,0,2024-04-18 01:27:44,3184
4667,,,05188-7-95%         ,930518807,15,0.0,120.46885,26.663307,255.5,0,2024-04-18 01:35:18,3126
4607,,,05188-7-95%         ,930518807,15,0.0,120.468788,26.663323,126.6,0,2024-04-18 01:52:22,3108
4834,,,05188-7-95%         ,930518807,15,0.0,120.468832,26.66332,33.8,0,2024-04-18 01:57:01,3260
4669,,,05188-7-95%         ,930518807,15,0.0,120.468625,26.6634,261.7,0,2024-04-18 02:10:47,3136
5220,,,05188-7-95%         ,930518807,15,0.0,120.468702,26.663457,9.4,0,2024-04-18 02:17:44,3478
4740,,,05188-7-95%         ,930518807,15,0.0,120.468698,26.663425,192.6,0,2024-04-18 02:26:54,3189
4994,,,05188-7-95%         ,930518807,15,0.0,120.468708,26.66331,163.3,0,2024-04-18 02:42:48,3307
4903,,,05188-7-95%         ,930518807,15,0.0,120.468712,26.663335,273.7,0,2024-04-18 02:56:32,3300
4820,,,05188-7-95%         ,930518807,15,0.2,120.468837,26.663122,152.3,0,2024-04-18 02:58:49,3241
4845,,,05188-7-95%         ,930518807,15,0.3,120.468783,26.663205,149.7,0,2024-04-18 03:03:27,3241
4627,,,05188-7-95%         ,930518807,15,0.1,120.468587,26.663473,3.3,0,2024-04-18 03:08:03,3133
4858,,,05188-7-95%         ,930518807,15,0.1,120.46872,26.663417,127.8,0,2024-04-18 03:14:57,3306
4994,,,05188-7-94%         ,930518807,15,0.1,120.468758,26.663177,156.4,0,2024-04-18 03:21:47,3356
4470,,,05188-7-95%         ,930518807,15,0.2,120.468925,26.663058,126.8,0,2024-04-18 03:33:19,2989
4680,,,05188-7-95%         ,930518807,15,1.3,120.467483,26.664045,311.7,0,2024-04-18 03:45:12,3167
4975,,,05188-7-94%         ,930518807,15,0.0,120.46846,26.663178,56.1,0,2024-04-18 03:50:17,3367
5075,,,05188-7-95%         ,930518807,15,0.0,120.468345,26.663142,278.6,0,2024-04-18 03:57:33,3417
5171,,,05188-7-95%         ,930518807,15,0.1,120.468692,26.66357,35.9,0,2024-04-18 04:00:17,3491
5299,,,05188-7-95%         ,930518807,15,1.7,120.460713,26.589803,236.6,0,2024-04-18 04:33:34,3591
4675,,,05188-7-95%         ,930518807,15,0.4,120.457275,26.588102,240.8,0,2024-04-18 04:44:59,3118
4903,,,05188-7-95%         ,930518807,15,0.3,120.455873,26.587448,243.1,0,2024-04-18 04:56:27,3333
5232,,,05188-7-95%         ,930518807,15,0.2,120.455038,26.587212,254.1,0,2024-04-18 05:03:12,3525
5152,,,05188-7-95%         ,930518807,15,0.2,120.45454,26.587003,242.8,0,2024-04-18 05:07:43,3509
4930,,,05188-7-94%         ,930518807,15,0.2,120.453398,26.586525,248.2,0,2024-04-18 05:19:08,3349
4992,,,05188-7-94%         ,930518807,15,0.1,120.453232,26.586495,258.6,0,2024-04-18 05:21:22,3371
4867,,,05188-7-94%         ,930518807,15,0.1,120.45273,26.586152,221.8,0,2024-04-18 05:28:09,3341
5012,,,05188-7-95%         ,930518807,15,0.2,120.452235,26.585952,233.1,0,2024-04-18 05:32:42,3448
4749,,,05188-7-95%         ,930518807,15,0.1,120.451813,26.585558,204.5,0,2024-04-18 05:39:26,3258
4606,,,05188-7-94%         ,930518807,15,0.1,120.450852,26.584835,235.8,0,2024-04-18 05:55:23,3082
5103,,,05188-7-95%         ,930518807,15,0.0,120.450665,26.584647,199.0,0,2024-04-18 05:59:56,3442
4806,,,05188-7-94%         ,930518807,15,0.1,120.450292,26.584153,243.2,0,2024-04-18 06:07:20,3253
5143,,,05188-7-94%         ,930518807,15,0.1,120.449675,26.582475,173.6,0,2024-04-18 06:40:59,3499
5344,,,05188-7-94%         ,930518807,15,0.0,120.449678,26.582197,191.1,0,2024-04-18 06:48:09,3595
4968,,,05188-7-94%         ,930518807,15,0.0,120.449815,26.581725,164.7,0,2024-04-18 07:00:18,3344
5021,,,05188-7-94%         ,930518807,15,0.1,120.454118,26.57935,119.1,0,2024-04-18 08:06:20,3333
5067,,,05188-7-94%         ,930518807,15,0.2,120.45443,26.579278,104.3,0,2024-04-18 08:08:37,3343
4906,,,05188-7-94%         ,930518807,15,0.2,120.457215,26.578573,101.8,0,2024-04-18 08:34:53,3242
4944,,,05188-7-94%         ,930518807,15,0.2,120.459677,26.578162,98.5,0,2024-04-18 08:54:04,3226
5051,,,05188-7-94%         ,930518807,15,0.2,120.460542,26.578127,100.1,0,2024-04-18 09:01:23,3267
5029,,,05188-7-94%         ,930518807,15,0.2,120.461762,26.577978,104.6,0,2024-04-18 09:11:16,3222
4830,,,05188-7-94%         ,930518807,15,0.2,120.46307,26.577827,99.6,0,2024-04-18 09:22:33,3111
5171,,,05188-7-94%         ,930518807,15,0.2,120.463593,26.577788,83.7,0,2024-04-18 09:27:05,3345
5173,,,05188-7-94%         ,930518807,15,0.2,120.464212,26.577805,70.6,0,2024-04-18 09:31:40,3348
5078,,,05188-7-94%         ,930518807,15,0.2,120.465407,26.577732,96.3,0,2024-04-18 09:40:58,3228
4511,,,05188-7-94%         ,930518807,15,0.1,120.465445,26.577923,10.1,0,2024-04-18 09:43:43,2854
4888,,,05188-7-94%         ,930518807,15,0.2,120.466845,26.577797,95.5,0,2024-04-18 09:55:11,3100
4932,,,05188-7-94%         ,930518807,15,0.2,120.469622,26.577928,65.1,0,2024-04-18 10:16:56,3135
4521,,,05188-7-94%         ,930518807,15,0.2,120.470517,26.577947,76.8,0,2024-04-18 10:24:28,2839
4853,,,05188-7-94%         ,930518807,15,0.2,120.470818,26.577952,88.9,0,2024-04-18 10:26:49,3018
4573,,,05188-7-94%         ,930518807,15,0.2,120.471712,26.577965,101.2,0,2024-04-18 10:34:05,2840
4664,,,05188-7-94%         ,930518807,15,0.1,120.473628,26.578113,130.1,0,2024-04-18 10:50:56,2919
5042,,,05188-7-94%         ,930518807,15,0.1,120.47404,26.578373,81.2,0,2024-04-18 10:57:52,3154
4968,,,05188-7-94%         ,930518807,15,0.1,120.474172,26.578493,44.5,0,2024-04-18 11:00:04,3118
4832,,,05188-7-94%         ,930518807,15,0.2,120.475058,26.578507,90.6,0,2024-04-18 11:07:07,3029
4871,,,05188-7-94%         ,930518807,15,0.1,120.475452,26.578637,43.1,0,2024-04-18 11:11:51,3052
4771,,,05188-7-94%         ,930518807,15,0.1,120.476252,26.578808,60.2,0,2024-04-18 11:19:04,3019
4545,,,05188-7-94%         ,930518807,15,0.1,120.47669,26.57899,63.3,0,2024-04-18 11:23:55,2854
4722,,,05188-7-94%         ,930518807,15,0.2,120.477355,26.579232,66.5,0,2024-04-18 11:31:19,2957
4606,,,05188-7-94%         ,930518807,15,0.1,120.47749,26.579402,35.4,0,2024-04-18 11:33:34,2886
4854,,,05188-7-94%         ,930518807,15,0.2,120.47806,26.579628,53.9,0,2024-04-18 11:40:26,3014
4593,,,05188-7-94%         ,930518807,15,0.1,120.47879,26.579967,55.2,0,2024-04-18 11:49:49,2862
5032,,,05188-7-94%         ,930518807,15,0.2,120.47934,26.580335,48.5,0,2024-04-18 11:56:53,3129
4608,,,05188-7-94%         ,930518807,15,0.1,120.479797,26.580635,59.3,0,2024-04-18 12:04:12,2903
4577,,,05188-7-94%         ,930518807,15,0.1,120.480182,26.580932,36.4,0,2024-04-18 12:11:08,2849
4746,,,05188-7-94%         ,930518807,15,0.0,120.48108,26.581727,5.0,0,2024-04-18 12:29:23,2951
4515,,,05188-7-94%         ,930518807,15,0.1,120.481587,26.582275,14.3,0,2024-04-18 12:40:49,2780
4779,,,05188-7-94%         ,930518807,15,0.1,120.482085,26.583235,87.7,0,2024-04-18 13:06:02,2956
4632,,,05188-7-94%         ,930518807,15,0.1,120.48155,26.583518,300.5,0,2024-04-18 13:08:22,2880
4523,,,05188-7-94%         ,930518807,15,0.0,120.482088,26.5835,38.8,0,2024-04-18 13:13:00,2820
4795,,,05188-7-94%         ,930518807,15,0.1,120.481935,26.583725,345.6,0,2024-04-18 13:17:41,2980
4414,,,05188-7-94%         ,930518807,15,0.0,120.48204,26.583728,87.9,0,2024-04-18 13:20:04,2737
4345,,,05188-7-94%         ,930518807,15,0.1,120.481755,26.584057,326.0,0,2024-04-18 13:29:37,2657
4168,,,05188-7-94%         ,930518807,15,0.1,120.48145,26.584337,277.7,0,2024-04-18 13:36:27,2518
4220,,,05188-7-94%         ,930518807,15,0.1,120.481213,26.584515,295.6,0,2024-04-18 13:41:13,2554
4534,,,05188-7-94%         ,930518807,15,0.1,120.481113,26.584607,315.6,0,2024-04-18 13:43:34,2726
4414,,,05188-7-94%         ,930518807,15,0.1,120.480747,26.58493,336.6,0,2024-04-18 13:50:23,2661
4167,,,05188-7-94%         ,930518807,15,0.1,120.480572,26.584912,263.3,0,2024-04-18 13:52:39,2528
4351,,,05188-7-94%         ,930518807,15,0.1,120.480098,26.585227,302.6,0,2024-04-18 13:59:34,2631
4850,,,05188-7-94%         ,930518807,15,0.2,120.470562,26.587378,263.6,0,2024-04-18 15:35:47,2932
4582,,,05188-7-94%         ,930518807,15,0.2,120.47004,26.58734,264.1,0,2024-04-18 15:40:21,2789
4623,,,05188-7-94%         ,930518807,15,0.2,120.46973,26.587322,266.2,0,2024-04-18 15:42:37,2815
4731,,,05188-7-94%         ,930518807,15,0.2,120.468635,26.587202,253.1,0,2024-04-18 15:51:48,2883
4675,,,05188-7-94%         ,930518807,15,0.2,120.467298,26.587082,271.4,0,2024-04-18 16:03:38,2857
4760,,,05188-7-94%         ,930518807,15,0.2,120.466508,26.586938,259.8,0,2024-04-18 16:10:31,2916
4703,,,05188-7-94%         ,930518807,15,0.2,120.465887,26.586857,250.6,0,2024-04-18 16:15:07,2874
4577,,,05188-7-94%         ,930518807,15,0.3,120.465017,26.586705,270.3,0,2024-04-18 16:21:55,2802
4637,,,05188-7-94%         ,930518807,15,0.1,120.463458,26.58631,241.6,0,2024-04-18 16:35:37,2841
4780,,,05188-7-94%         ,930518807,15,0.0,120.453443,26.58175,212.8,0,2024-04-18 18:40:59,2981
4842,,,05188-7-94%         ,930518807,15,0.0,120.453433,26.581655,185.3,0,2024-04-18 18:43:45,3040
4860,,,05188-7-94%         ,930518807,15,0.1,120.453402,26.581505,168.7,0,2024-04-18 18:48:20,3059
4862,,,05188-7-94%         ,930518807,15,0.1,120.453307,26.581363,198.9,0,2024-04-18 18:52:55,3028
4647,,,05188-7-94%         ,930518807,15,0.0,120.453317,26.581297,172.3,0,2024-04-18 18:55:09,2927
4532,,,05188-7-94%         ,930518807,15,0.0,120.45333,26.581137,156.2,0,2024-04-18 18:59:38,2873
4689,,,05188-7-94%         ,930518807,15,0.0,120.453365,26.581048,165.3,0,2024-04-18 19:04:11,2973
4420,,,05188-7-94%         ,930518807,15,0.1,120.453415,26.580888,159.0,0,2024-04-18 19:08:41,2813
4776,,,05188-7-94%         ,930518807,15,0.0,120.453427,26.580922,17.4,0,2024-04-18 19:10:58,2967
4695,,,05188-7-94%         ,930518807,15,0.0,120.453683,26.58055,135.7,0,2024-04-18 19:23:03,2977
4907,,,05188-7-93%         ,930518807,15,1.8,120.458742,26.54845,235.9,0,2024-04-19 04:25:32,3107
4715,,,05188-7-93%         ,930518807,15,0.6,120.455295,26.547992,268.2,0,2024-04-19 04:34:46,3033
4856,,,05188-7-93%         ,930518807,15,0.5,120.454707,26.548047,275.9,0,2024-04-19 04:36:58,3095
4926,,,05188-7-93%         ,930518807,15,0.2,120.452722,26.548078,273.5,0,2024-04-19 04:48:15,3122
4989,,,05188-7-93%         ,930518807,15,0.2,120.450682,26.548062,266.4,0,2024-04-19 05:01:59,3198
4864,,,05188-7-93%         ,930518807,15,0.2,120.448318,26.547882,262.9,0,2024-04-19 05:17:53,3143
4934,,,05188-7-93%         ,930518807,15,0.2,120.446737,26.547615,248.5,0,2024-04-19 05:29:20,3207
4843,,,05188-7-93%         ,930518807,15,0.2,120.440383,26.545777,243.0,0,2024-04-19 06:19:19,3203
5166,,,05188-7-93%         ,930518807,15,0.3,120.450432,26.536308,83.0,0,2024-04-19 10:16:59,3405
5609,,,05188-7-93%         ,930518807,15,0.3,120.454687,26.536477,80.0,0,2024-04-19 10:39:46,3736
5285,,,05188-7-93%         ,930518807,15,0.3,120.456858,26.536852,73.2,0,2024-04-19 10:51:28,3544
5549,,,05188-7-93%         ,930518807,15,0.1,120.461228,26.538118,107.0,0,2024-04-19 11:17:24,3691
5332,,,05188-7-93%         ,930518807,15,0.2,120.462447,26.53851,59.4,0,2024-04-19 11:26:33,3563
5499,,,05188-7-93%         ,930518807,15,0.2,120.463025,26.53866,90.7,0,2024-04-19 11:31:05,3687
5292,,,05188-7-92%         ,930518807,15,0.2,120.46356,26.538803,70.1,0,2024-04-19 11:35:39,3532
5234,,,05188-7-93%         ,930518807,15,0.3,120.464712,26.539005,71.5,0,2024-04-19 11:42:25,3477
5281,,,05188-7-93%         ,930518807,15,0.3,120.465535,26.539068,97.4,0,2024-04-19 11:47:01,3515
5598,,,05188-7-92%         ,930518807,15,0.3,120.466663,26.539382,75.4,0,2024-04-19 11:53:47,3735
5500,,,05188-7-93%         ,930518807,15,0.1,120.46742,26.539677,59.3,0,2024-04-19 11:58:25,3702
4852,,,05188-7-93%         ,930518807,15,0.3,120.468852,26.540103,53.8,0,2024-04-19 12:07:22,3262
5168,,,05188-7-92%         ,930518807,15,0.3,120.469552,26.540408,68.2,0,2024-04-19 12:11:55,3447
5089,,,05188-7-92%         ,930518807,15,0.3,120.469853,26.54058,57.5,0,2024-04-19 12:14:12,3427
5377,,,05188-7-92%         ,930518807,15,0.2,120.470447,26.540927,62.7,0,2024-04-19 12:18:46,3597
5272,,,05188-7-93%         ,930518807,15,0.2,120.470967,26.541293,45.5,0,2024-04-19 12:23:19,3555
5677,,,05188-7-93%         ,930518807,15,0.2,120.471183,26.54145,51.1,0,2024-04-19 12:25:38,3815
5550,,,05188-7-93%         ,930518807,15,0.2,120.471772,26.541963,53.3,0,2024-04-19 12:32:23,3729
5173,,,05188-7-92%         ,930518807,15,0.2,120.471943,26.542123,43.8,0,2024-04-19 12:34:47,3467
5185,,,05188-7-93%         ,930518807,15,0.2,120.472278,26.542502,34.8,0,2024-04-19 12:39:18,3466
5194,,,05188-7-93%         ,930518807,15,0.2,120.472525,26.542858,25.4,0,2024-04-19 12:43:48,3444
5099,,,05188-7-92%         ,930518807,15,0.1,120.472743,26.543088,32.5,0,2024-04-19 12:48:21,3415
5429,,,05188-7-92%         ,930518807,15,0.1,120.472958,26.543337,29.6,0,2024-04-19 12:52:58,3656
5117,,,05188-7-92%         ,930518807,15,0.2,120.473445,26.543808,45.3,0,2024-04-19 12:59:45,3498
5185,,,05188-7-92%         ,930518807,15,0.1,120.473878,26.544158,50.0,0,2024-04-19 13:04:16,3542
4979,,,05188-7-92%         ,930518807,15,0.2,120.47416,26.544565,32.6,0,2024-04-19 13:08:48,3375
5124,,,05188-7-92%         ,930518807,15,0.2,120.474763,26.54512,37.7,0,2024-04-19 13:15:48,3428
4918,,,05188-7-92%         ,930518807,15,0.2,120.475107,26.545533,36.6,0,2024-04-19 13:20:28,3298
5057,,,05188-7-92%         ,930518807,15,0.2,120.475218,26.545792,21.1,0,2024-04-19 13:22:46,3409
5262,,,05188-7-92%         ,930518807,15,0.2,120.475538,26.546183,45.6,0,2024-04-19 13:27:24,3551
5170,,,05188-7-92%         ,930518807,15,0.2,120.475798,26.546678,25.2,0,2024-04-19 13:32:15,3509
5457,,,05188-7-92%         ,930518807,15,0.2,120.47602,26.547075,355.4,0,2024-04-19 13:36:54,3663
5503,,,05188-7-92%         ,930518807,15,0.1,120.476238,26.547392,349.7,0,2024-04-19 13:41:27,3717
5391,,,05188-7-92%         ,930518807,15,0.2,120.476333,26.547672,16.9,0,2024-04-19 13:43:44,3640
5337,,,05188-7-92%         ,930518807,15,0.2,120.476395,26.548097,351.6,0,2024-04-19 13:48:13,3592
5053,,,05188-7-92%         ,930518807,15,0.2,120.476485,26.548552,6.7,0,2024-04-19 13:52:49,3413
5257,,,05188-7-92%         ,930518807,15,0.3,120.476562,26.549033,17.4,0,2024-04-19 13:57:21,3533
5089,,,05188-7-92%         ,930518807,15,0.2,120.47661,26.549295,9.4,0,2024-04-19 13:59:37,3402
5369,,,05188-7-92%         ,930518807,15,0.2,120.476592,26.55008,358.7,0,2024-04-19 14:06:50,3596
5487,,,05188-7-92%         ,930518807,15,0.2,120.47657,26.55035,355.8,0,2024-04-19 14:09:11,3683
5551,,,05188-7-92%         ,930518807,15,0.2,120.476538,26.550605,353.6,0,2024-04-19 14:11:34,3747
5252,,,05188-7-92%         ,930518807,15,0.2,120.476483,26.551133,351.5,0,2024-04-19 14:16:32,3532
5404,,,05188-7-92%         ,930518807,15,0.2,120.476375,26.551673,346.4,0,2024-04-19 14:21:29,3650
5398,,,05188-7-92%         ,930518807,15,0.2,120.476218,26.552203,346.0,0,2024-04-19 14:26:12,3615
5391,,,05188-7-92%         ,930518807,15,0.2,120.476147,26.552475,346.6,0,2024-04-19 14:28:42,3611
5395,,,05188-7-92%         ,930518807,15,0.2,120.475345,26.552622,254.2,0,2024-04-19 14:33:39,3634
5274,,,05188-7-92%         ,930518807,15,0.3,120.475703,26.553278,26.0,0,2024-04-19 14:36:27,3531
5619,,,05188-7-92%         ,930518807,15,0.2,120.475473,26.553452,310.0,0,2024-04-19 14:38:45,3779
5198,,,05188-7-92%         ,930518807,15,0.2,120.475055,26.55421,321.5,0,2024-04-19 14:45:40,3477
5150,,,05188-7-92%         ,930518807,15,0.2,120.474637,26.554628,311.7,0,2024-04-19 14:50:28,3436
5414,,,05188-7-92%         ,930518807,15,0.3,120.47421,26.554733,285.3,0,2024-04-19 14:52:50,3605
5424,,,05188-7-92%         ,930518807,15,0.2,120.473952,26.555335,319.2,0,2024-04-19 14:57:44,3639
5564,,,05188-7-92%         ,930518807,15,0.2,120.473675,26.555798,321.2,0,2024-04-19 15:02:51,3737
5125,,,05188-7-92%         ,930518807,15,0.2,120.473433,26.55601,314.3,0,2024-04-19 15:05:12,3429
5097,,,05188-7-92%         ,930518807,15,0.3,120.472725,26.556413,303.9,0,2024-04-19 15:10:14,3409
5365,,,05188-7-92%         ,930518807,15,0.2,120.472227,26.556792,307.0,0,2024-04-19 15:14:48,3577
5241,,,05188-7-92%         ,930518807,15,0.2,120.471057,26.557515,308.1,0,2024-04-19 15:23:55,3487
5246,,,05188-7-92%         ,930518807,15,0.2,120.470775,26.557697,305.7,0,2024-04-19 15:26:08,3504
4956,,,05188-7-92%         ,930518807,15,0.3,120.470428,26.55786,297.7,0,2024-04-19 15:28:23,3221
5023,,,05188-7-92%         ,930518807,15,0.2,120.4695,26.558353,301.3,0,2024-04-19 15:35:13,3290
5150,,,05188-7-92%         ,930518807,15,0.2,120.468863,26.558697,298.3,0,2024-04-19 15:39:49,3444
5557,,,05188-7-92%         ,930518807,15,0.3,120.468545,26.55886,299.7,0,2024-04-19 15:42:03,3736
5115,,,05188-7-92%         ,930518807,15,0.3,120.467537,26.559325,284.9,0,2024-04-19 15:48:52,3427
5311,,,05188-7-92%         ,930518807,15,0.3,120.466175,26.560015,307.2,0,2024-04-19 15:58:00,3562
5349,,,05188-7-92%         ,930518807,15,0.2,120.465573,26.560255,308.3,0,2024-04-19 16:02:52,3628
5578,,,05188-7-92%         ,930518807,15,0.3,120.464915,26.560573,298.6,0,2024-04-19 16:07:41,3769
5121,,,05188-7-92%         ,930518807,15,0.3,120.464113,26.560843,287.5,0,2024-04-19 16:12:41,3469
5442,,,05188-7-92%         ,930518807,15,0.3,120.46371,26.560958,287.6,0,2024-04-19 16:15:01,3683
5547,,,05188-7-92%         ,930518807,15,0.3,120.462955,26.561212,291.8,0,2024-04-19 16:19:52,3746
5322,,,05188-7-92%         ,930518807,15,0.3,120.462163,26.56148,286.1,0,2024-04-19 16:24:52,3598
5152,,,05188-7-92%         ,930518807,15,0.3,120.460897,26.561822,296.2,0,2024-04-19 16:32:14,3406
5385,,,05188-7-92%         ,930518807,15,0.3,120.460097,26.561962,278.8,0,2024-04-19 16:36:57,3611
5058,,,05188-7-92%         ,930518807,15,0.3,120.459692,26.562057,284.6,0,2024-04-19 16:39:14,3400
4988,,,05188-7-92%         ,930518807,15,0.3,120.458097,26.562325,277.7,0,2024-04-19 16:48:30,3359
5208,,,05188-7-92%         ,930518807,15,0.3,120.457737,26.562455,291.9,0,2024-04-19 16:50:43,3512
5191,,,05188-7-92%         ,930518807,15,0.3,120.45658,26.562732,288.8,0,2024-04-19 16:57:37,3503
5276,,,05188-7-92%         ,930518807,15,0.2,120.445057,26.563752,267.3,0,2024-04-19 18:13:17,3672
4925,,,05188-7-92%         ,930518807,15,0.0,120.463318,26.629187,128.0,0,2024-04-19 21:27:16,3370
4894,,,05188-7-91%         ,930518807,15,0.0,120.463302,26.629213,330.7,0,2024-04-19 21:29:39,3385
5435,,,05188-7-91%         ,930518807,15,0.1,120.46328,26.629257,137.4,0,2024-04-19 21:39:04,3767
5341,,,05188-7-92%         ,930518807,15,0.0,120.463328,26.629245,105.0,0,2024-04-19 21:41:28,3709
5218,,,05188-7-92%         ,930518807,15,0.1,120.463677,26.629072,118.6,0,2024-04-19 21:46:15,3635
5273,,,05188-7-91%         ,930518807,15,0.0,120.463157,26.629513,334.3,0,2024-04-19 22:09:40,3623
5479,,,05188-7-91%         ,930518807,15,0.1,120.463255,26.629552,124.9,0,2024-04-19 22:21:05,3769
5194,,,05188-7-91%         ,930518807,15,0.1,120.463448,26.629417,124.5,0,2024-04-19 22:32:29,3549
5538,,,05188-7-91%         ,930518807,15,0.0,120.46403,26.629715,140.2,0,2024-04-19 22:50:54,3783
4730,,,05188-7-91%         ,930518807,15,0.1,120.46301,26.630327,15.1,0,2024-04-19 23:48:24,3252
4986,,,05188-7-91%         ,930518807,15,0.0,120.463238,26.630418,85.9,0,2024-04-19 23:53:18,3419
5004,,,05188-7-91%         ,930518807,15,0.0,120.463078,26.630478,269.0,0,2024-04-19 23:58:09,3426
4841,,,05188-7-91%         ,930518807,15,0.0,120.462957,26.630405,70.6,0,2024-04-20 00:10:18,3326
4920,,,05188-7-91%         ,930518807,15,0.0,120.462977,26.630518,58.9,0,2024-04-20 00:19:48,3361
5021,,,05188-7-91%         ,930518807,15,0.0,120.463052,26.630607,159.7,0,2024-04-20 00:34:07,3432
4925,,,05188-7-91%         ,930518807,15,0.2,120.462887,26.630628,334.6,0,2024-04-20 01:09:16,3403
5043,,,05188-7-91%         ,930518807,15,0.0,120.462898,26.630523,214.6,0,2024-04-20 01:14:06,3487
4861,,,05188-7-91%         ,930518807,15,0.0,120.462938,26.630605,337.6,0,2024-04-20 01:25:48,3343
5422,,,05188-7-91%         ,930518807,15,0.1,120.462958,26.630633,24.3,0,2024-04-20 01:30:41,3731
5359,,,05188-7-91%         ,930518807,15,0.0,120.462967,26.630548,174.9,0,2024-04-20 01:33:01,3722
5371,,,05188-7-91%         ,930518807,15,0.0,120.462848,26.630538,259.8,0,2024-04-20 01:45:13,3712
5118,,,05188-7-91%         ,930518807,15,0.1,120.463193,26.630777,62.7,0,2024-04-20 02:04:16,3555
5460,,,05188-7-91%         ,930518807,15,0.5,120.462838,26.630623,95.8,0,2024-04-20 03:38:58,3850
5447,,,05188-7-90%         ,930518807,15,2.6,120.461828,26.615512,187.4,0,2024-04-20 04:20:15,3862
5301,,,05188-7-90%         ,930518807,15,0.2,120.461647,26.61572,322.0,0,2024-04-20 04:22:38,3777
5426,,,05188-7-91%         ,930518807,15,0.2,120.461312,26.616123,315.3,0,2024-04-20 04:27:12,3875
5650,,,05188-7-90%         ,930518807,15,0.1,120.460617,26.61653,303.4,0,2024-04-20 04:31:40,4029
5406,,,05188-7-90%         ,930518807,15,0.3,120.459003,26.617525,298.6,0,2024-04-20 04:40:56,3875
5466,,,05188-7-90%         ,930518807,15,0.1,120.458162,26.617957,310.1,0,2024-04-20 04:45:24,3924
5783,,,05188-7-90%         ,930518807,15,0.3,120.446977,26.621107,271.6,0,2024-04-20 05:46:46,4196
5223,,,05188-7-90%         ,930518807,15,0.2,120.445878,26.62129,270.9,0,2024-04-20 05:53:35,3748
6359,,,05188-7-90%         ,930518807,15,0.1,120.436015,26.621063,194.6,0,2024-04-20 07:06:08,4640
6064,,,05188-7-90%         ,930518807,15,0.1,120.432608,26.617245,149.3,0,2024-04-20 08:38:40,4296
5954,,,05188-7-90%         ,930518807,15,0.2,120.440463,26.614072,153.1,0,2024-04-20 10:06:49,4189
6092,,,05188-7-89%         ,930518807,15,0.3,120.450277,26.614745,68.5,0,2024-04-20 10:59:46,4235
5701,,,05188-7-89%         ,930518807,15,0.3,120.451225,26.614848,84.1,0,2024-04-20 11:04:32,3959
5887,,,05188-7-89%         ,930518807,15,0.3,120.454575,26.615357,79.4,0,2024-04-20 11:21:12,4078
5733,,,05188-7-89%         ,930518807,15,0.2,120.457937,26.616117,75.6,0,2024-04-20 11:37:55,3990
5734,,,05188-7-89%         ,930518807,15,0.4,120.45889,26.616385,69.9,0,2024-04-20 11:42:41,3993
5849,,,05188-7-89%         ,930518807,15,0.4,120.459358,26.61654,69.7,0,2024-04-20 11:45:05,4054
5843,,,05188-7-89%         ,930518807,15,0.1,120.460285,26.616833,69.1,0,2024-04-20 11:49:45,4055
5921,,,05188-7-89%         ,930518807,15,0.1,120.46121,26.61708,68.4,0,2024-04-20 11:54:31,4094
5645,,,05188-7-89%         ,930518807,15,0.3,120.464143,26.617227,63.2,0,2024-04-20 12:11:25,3866
5523,,,05188-7-89%         ,930518807,15,0.3,120.464505,26.617415,59.8,0,2024-04-20 12:13:48,3779
5405,,,05188-7-89%         ,930518807,15,0.3,120.46623,26.618547,56.2,0,2024-04-20 12:25:47,3700
5344,,,05188-7-89%         ,930518807,15,0.3,120.46692,26.61902,49.6,0,2024-04-20 12:30:31,3638
5764,,,05188-7-89%         ,930518807,15,0.3,120.467265,26.619267,51.4,0,2024-04-20 12:32:56,3912
5569,,,05188-7-89%         ,930518807,15,0.3,120.46889,26.620505,48.8,0,2024-04-20 12:44:48,3786
5414,,,05188-7-89%         ,930518807,15,0.3,120.470072,26.62152,45.8,0,2024-04-20 12:54:21,3702
5618,,,05188-7-89%         ,930518807,15,0.3,120.470652,26.622018,45.4,0,2024-04-20 12:59:09,3863
5463,,,05188-7-89%         ,930518807,15,0.3,120.471228,26.622538,44.4,0,2024-04-20 13:03:54,3740
5607,,,05188-7-89%         ,930518807,15,0.3,120.47151,26.622795,44.5,0,2024-04-20 13:06:18,3853
5773,,,05188-7-89%         ,930518807,15,0.2,120.47201,26.623313,38.3,0,2024-04-20 13:11:06,3932
5726,,,05188-7-89%         ,930518807,15,0.3,120.472272,26.623578,41.4,0,2024-04-20 13:13:29,3913
5267,,,05188-7-89%         ,930518807,15,0.3,120.472703,26.62412,36.4,0,2024-04-20 13:18:18,3583
5453,,,05188-7-89%         ,930518807,15,0.3,120.47348,26.624915,50.6,0,2024-04-20 13:25:55,3718
5628,,,05188-7-89%         ,930518807,15,0.2,120.474127,26.625567,44.5,0,2024-04-20 13:32:42,3842
5581,,,05188-7-89%         ,930518807,15,0.3,120.474178,26.625918,7.4,0,2024-04-20 13:35:03,3825
5608,,,05188-7-89%         ,930518807,15,0.3,120.474538,26.626945,16.9,0,2024-04-20 13:41:55,3811
5227,,,05188-7-88%         ,930518807,15,0.3,120.474662,26.627253,19.7,0,2024-04-20 13:44:13,3545
5398,,,05188-7-89%         ,930518807,15,0.3,120.474885,26.62782,20.9,0,2024-04-20 13:48:44,3672
5904,,,05188-7-89%         ,930518807,15,0.2,120.475165,26.62912,11.8,0,2024-04-20 13:57:59,3996
5286,,,05188-7-89%         ,930518807,15,0.3,120.475428,26.630822,8.5,0,2024-04-20 14:09:20,3559
5453,,,05188-7-89%         ,930518807,15,0.3,120.475478,26.631472,4.0,0,2024-04-20 14:13:57,3680
5392,,,05188-7-89%         ,930518807,15,0.2,120.475468,26.632443,353.7,0,2024-04-20 14:21:02,3632
5377,,,05188-7-89%         ,930518807,15,0.3,120.47541,26.633493,356.4,0,2024-04-20 14:28:08,3629
5410,,,05188-7-89%         ,930518807,15,0.1,120.475287,26.6341,343.5,0,2024-04-20 14:32:49,3630
5319,,,05188-7-88%         ,930518807,15,0.3,120.475115,26.63485,345.6,0,2024-04-20 14:37:39,3574
5487,,,05188-7-89%         ,930518807,15,0.3,120.474945,26.635543,344.7,0,2024-04-20 14:42:25,3695
5800,,,05188-7-88%         ,930518807,15,0.3,120.474827,26.635882,342.6,0,2024-04-20 14:44:50,3939
5507,,,05188-7-89%         ,930518807,15,0.3,120.474592,26.636585,341.1,0,2024-04-20 14:49:35,3746
5434,,,05188-7-89%         ,930518807,15,0.3,120.474287,26.637258,336.7,0,2024-04-20 14:54:28,3727
5285,,,05188-7-88%         ,930518807,15,0.3,120.473962,26.637972,337.8,0,2024-04-20 14:59:24,3613
5280,,,05188-7-88%         ,930518807,15,0.3,120.47378,26.638335,335.8,0,2024-04-20 15:01:50,3599
5386,,,05188-7-89%         ,930518807,15,0.3,120.47335,26.639027,314.3,0,2024-04-20 15:07:13,3677
5548,,,05188-7-88%         ,930518807,15,0.3,120.472928,26.639552,330.1,0,2024-04-20 15:11:43,3789
5431,,,05188-7-88%         ,930518807,15,0.1,120.472793,26.639983,344.3,0,2024-04-20 15:14:01,3702
5392,,,05188-7-88%         ,930518807,15,0.3,120.472628,26.640285,333.8,0,2024-04-20 15:16:17,3700
5319,,,05188-7-88%         ,930518807,15,0.3,120.471467,26.641718,320.3,0,2024-04-20 15:27:45,3643
5597,,,05188-7-88%         ,930518807,15,0.3,120.471192,26.641975,316.1,0,2024-04-20 15:30:00,3786
5276,,,05188-7-88%         ,930518807,15,0.3,120.469432,26.643398,243.1,0,2024-04-20 15:44:24,3593
5392,,,05188-7-88%         ,930518807,15,0.2,120.469352,26.644173,354.7,0,2024-04-20 15:46:45,3664
5406,,,05188-7-88%         ,930518807,15,0.1,120.467817,26.645902,329.5,0,2024-04-20 15:58:52,3670
5445,,,05188-7-88%         ,930518807,15,0.3,120.467157,26.64663,305.4,0,2024-04-20 16:03:47,3717
5261,,,05188-7-88%         ,930518807,15,0.1,120.466413,26.647222,312.0,0,2024-04-20 16:08:38,3579
5339,,,05188-7-88%         ,930518807,15,0.3,120.466043,26.647472,307.0,0,2024-04-20 16:11:00,3627
5383,,,05188-7-88%         ,930518807,15,0.3,120.465325,26.64803,310.4,0,2024-04-20 16:15:49,3647
5433,,,05188-7-88%         ,930518807,15,0.3,120.464583,26.64853,306.1,0,2024-04-20 16:20:37,3699
5665,,,05188-7-88%         ,930518807,15,0.1,120.463695,26.649072,321.3,0,2024-04-20 16:25:48,3874
5634,,,05188-7-85%         ,930518807,15,4.5,120.461023,26.586647,180.9,0,2024-04-21 04:09:39,3958
5683,,,05188-7-85%         ,930518807,15,0.2,120.461685,26.587625,25.5,0,2024-04-21 04:19:00,4008
5546,,,05188-7-85%         ,930518807,15,0.1,120.461115,26.5889,332.2,0,2024-04-21 04:28:08,3885
5700,,,05188-7-85%         ,930518807,15,0.4,120.456995,26.592118,304.0,0,2024-04-21 04:50:50,4068
5573,,,05188-7-85%         ,930518807,15,0.4,120.455688,26.5929,305.1,0,2024-04-21 04:57:39,3963
5933,,,05188-7-85%         ,930518807,15,0.4,120.452897,26.594223,292.1,0,2024-04-21 05:11:13,4293
5806,,,05188-7-85%         ,930518807,15,0.3,120.45114,26.594928,293.0,0,2024-04-21 05:20:15,4172
6035,,,05188-7-84%         ,930518807,15,0.1,120.421412,26.591583,190.6,0,2024-04-21 09:05:29,4285
5456,,,05188-7-84%         ,930518807,15,0.4,120.457207,26.590383,62.9,0,2024-04-21 12:52:10,3826
6006,,,05188-7-84%         ,930518807,15,0.4,120.458612,26.590898,80.9,0,2024-04-21 12:59:00,4218
5839,,,05188-7-84%         ,930518807,15,0.4,120.45955,26.591273,68.0,0,2024-04-21 13:03:37,4092
5544,,,05188-7-84%         ,930518807,15,0.3,120.461528,26.592137,60.2,0,2024-04-21 13:13:27,3854
5174,,,05188-7-84%         ,930518807,15,0.2,120.462528,26.592517,65.2,0,2024-04-21 13:18:00,3568
5364,,,05188-7-84%         ,930518807,15,0.1,120.463778,26.59332,58.9,0,2024-04-21 13:24:49,3709
5195,,,05188-7-84%         ,930518807,15,0.2,120.464245,26.593488,68.0,0,2024-04-21 13:27:03,3581
5139,,,05188-7-84%         ,930518807,15,0.2,120.465378,26.594307,54.3,0,2024-04-21 13:33:54,3518
5265,,,05188-7-84%         ,930518807,15,0.3,120.465757,26.594448,67.3,0,2024-04-21 13:36:09,3600
5485,,,05188-7-84%         ,930518807,15,0.3,120.466538,26.595005,53.2,0,2024-04-21 13:40:43,3757
5084,,,05188-7-84%         ,930518807,15,0.1,120.466918,26.595273,51.7,0,2024-04-21 13:43:03,3488
5397,,,05188-7-84%         ,930518807,15,0.1,120.468403,26.596247,123.8,0,2024-04-21 13:54:19,3715
5341,,,05188-7-84%         ,930518807,15,0.3,120.469175,26.597102,44.1,0,2024-04-21 13:58:56,3643
5193,,,05188-7-84%         ,930518807,15,0.1,120.469525,26.597422,44.4,0,2024-04-21 14:01:13,3545
5183,,,05188-7-84%         ,930518807,15,0.3,120.47008,26.597972,34.7,0,2024-04-21 14:05:50,3520
5352,,,05188-7-84%         ,930518807,15,0.3,120.470247,26.598273,26.3,0,2024-04-21 14:08:12,3645
5630,,,05188-7-84%         ,930518807,15,0.3,120.471055,26.599162,35.4,0,2024-04-21 14:15:23,3854
5346,,,05188-7-84%         ,930518807,15,0.3,120.471638,26.599633,69.2,0,2024-04-21 14:20:18,3631
5387,,,05188-7-84%         ,930518807,15,0.2,120.472467,26.600807,62.0,0,2024-04-21 14:30:03,3675
5005,,,05188-7-84%         ,930518807,15,0.2,120.472178,26.601675,343.4,0,2024-04-21 14:32:46,3418
5108,,,05188-7-84%         ,930518807,15,0.2,120.472802,26.603063,19.9,0,2024-04-21 14:42:57,3446
4939,,,05188-7-84%         ,930518807,15,0.3,120.472943,26.603373,22.2,0,2024-04-21 14:45:12,3356
4961,,,05188-7-84%         ,930518807,15,0.2,120.473088,26.603993,10.1,0,2024-04-21 14:49:40,3351
5103,,,05188-7-84%         ,930518807,15,0.2,120.473422,26.605347,2.9,0,2024-04-21 14:59:04,3434
5272,,,05188-7-84%         ,930518807,15,0.3,120.473587,26.606082,10.2,0,2024-04-21 15:03:47,3565
5298,,,05188-7-84%         ,930518807,15,0.2,120.473718,26.606382,21.4,0,2024-04-21 15:06:12,3622
4962,,,05188-7-84%         ,930518807,15,0.2,120.47363,26.607458,2.9,0,2024-04-21 15:13:45,3350
5353,,,05188-7-84%         ,930518807,15,0.3,120.473695,26.6085,19.5,0,2024-04-21 15:20:43,3618
5227,,,05188-7-84%         ,930518807,15,0.3,120.47355,26.608802,336.7,0,2024-04-21 15:23:04,3540
5218,,,05188-7-84%         ,930518807,15,0.1,120.473598,26.609458,9.4,0,2024-04-21 15:27:34,3502
5229,,,05188-7-84%         ,930518807,15,0.2,120.473472,26.60976,339.3,0,2024-04-21 15:29:58,3530
5206,,,05188-7-84%         ,930518807,15,0.3,120.473253,26.610965,12.6,0,2024-04-21 15:39:28,3512
4762,,,05188-7-84%         ,930518807,15,0.1,120.47281,26.611312,311.1,0,2024-04-21 15:42:11,3173
5148,,,05188-7-84%         ,930518807,15,0.2,120.472705,26.611603,342.1,0,2024-04-21 15:44:34,3470
5097,,,05188-7-84%         ,930518807,15,0.2,120.472355,26.612473,352.5,0,2024-04-21 15:51:23,3440
5290,,,05188-7-84%         ,930518807,15,0.2,120.471972,26.613068,346.4,0,2024-04-21 15:55:54,3570
5024,,,05188-7-84%         ,930518807,15,0.2,120.471868,26.613323,340.0,0,2024-04-21 15:58:11,3389
5130,,,05188-7-84%         ,930518807,15,0.1,120.47109,26.61434,324.3,0,2024-04-21 16:05:05,3454
5230,,,05188-7-84%         ,930518807,15,0.2,120.470727,26.614673,315.6,0,2024-04-21 16:07:20,3546
5075,,,05188-7-84%         ,930518807,15,0.3,120.469873,26.615858,319.8,0,2024-04-21 16:16:48,3417
5013,,,05188-7-84%         ,930518807,15,0.3,120.469268,26.616413,316.8,0,2024-04-21 16:21:24,3393
5383,,,05188-7-84%         ,930518807,15,0.3,120.46777,26.618132,331.2,0,2024-04-21 16:33:00,3664
5291,,,05188-7-84%         ,930518807,15,0.2,120.46703,26.6177,236.9,0,2024-04-21 16:35:20,3603
4952,,,05188-7-84%         ,930518807,15,0.3,120.46651,26.618938,315.8,0,2024-04-21 16:46:46,3358
5117,,,05188-7-84%         ,930518807,15,0.3,120.46487,26.620455,308.9,0,2024-04-21 17:01:07,3470
4961,,,05188-7-84%         ,930518807,15,0.3,120.464562,26.620683,309.5,0,2024-04-21 17:03:25,3371
5843,,,05188-7-83%         ,930518807,15,0.4,120.46075,26.537558,257.5,0,2024-04-22 05:17:26,4197
5771,,,05188-7-83%         ,930518807,15,0.4,120.460202,26.537477,260.5,0,2024-04-22 05:19:49,4151
5547,,,05188-7-83%         ,930518807,15,0.2,120.459415,26.537577,276.7,0,2024-04-22 05:24:20,3989
5217,,,05188-7-83%         ,930518807,15,0.2,120.458723,26.53768,279.0,0,2024-04-22 05:28:56,3760
5606,,,05188-7-83%         ,930518807,15,0.1,120.45801,26.53772,267.4,0,2024-04-22 05:33:26,4055
5462,,,05188-7-83%         ,930518807,15,0.3,120.457623,26.537775,279.0,0,2024-04-22 05:35:45,3938
5676,,,05188-7-83%         ,930518807,15,0.2,120.456947,26.53788,287.2,0,2024-04-22 05:40:20,4091
5409,,,05188-7-83%         ,930518807,15,0.2,120.456077,26.53807,283.6,0,2024-04-22 05:42:34,3899
5298,,,05188-7-83%         ,930518807,15,0.1,120.455063,26.538193,281.5,0,2024-04-22 05:49:24,3844
5458,,,05188-7-83%         ,930518807,15,0.4,120.454095,26.5383,277.4,0,2024-04-22 05:53:56,3940
5671,,,05188-7-83%         ,930518807,15,0.4,120.453017,26.538402,278.8,0,2024-04-22 05:58:34,4095
6013,,,05188-7-83%         ,930518807,15,0.2,120.452777,26.538515,297.7,0,2024-04-22 06:00:52,4342
5738,,,05188-7-83%         ,930518807,15,0.3,120.45194,26.538662,285.5,0,2024-04-22 06:05:33,4150
5844,,,05188-7-83%         ,930518807,15,0.1,120.45124,26.53866,269.8,0,2024-04-22 06:07:59,4236
5739,,,05188-7-83%         ,930518807,15,0.4,120.450165,26.538718,272.8,0,2024-04-22 06:12:56,4157
5909,,,05188-7-83%         ,930518807,15,0.4,120.449095,26.538762,273.2,0,2024-04-22 06:17:43,4287
5651,,,05188-7-83%         ,930518807,15,0.4,120.448552,26.538788,273.1,0,2024-04-22 06:20:13,4063
5354,,,05188-7-83%         ,930518807,15,0.1,120.447532,26.538872,276.6,0,2024-04-22 06:25:09,3835
6096,,,05188-7-83%         ,930518807,15,0.4,120.444982,26.538923,270.4,0,2024-04-22 06:37:08,4439
5893,,,05188-7-83%         ,930518807,15,0.4,120.443915,26.538933,270.0,0,2024-04-22 06:41:55,4280
5959,,,05188-7-83%         ,930518807,15,0.4,120.443412,26.538897,265.3,0,2024-04-22 06:44:17,4314
6217,,,05188-7-83%         ,930518807,15,0.1,120.442425,26.538843,267.7,0,2024-04-22 06:49:01,4513
5608,,,05188-7-83%         ,930518807,15,0.4,120.439375,26.538605,263.6,0,2024-04-22 07:03:20,4066
5968,,,05188-7-82%         ,930518807,15,0.4,120.446963,26.520763,84.2,0,2024-04-22 12:34:30,4158
5514,,,05188-7-82%         ,930518807,15,0.4,120.451357,26.5209,85.8,0,2024-04-22 12:52:44,3814
5417,,,05188-7-82%         ,930518807,15,0.4,120.453515,26.521038,84.3,0,2024-04-22 13:01:51,3718
5485,,,05188-7-82%         ,930518807,15,0.5,120.45747,26.521665,352.8,0,2024-04-22 13:20:09,3779
5144,,,05188-7-82%         ,930518807,15,0.5,120.458782,26.521647,78.3,0,2024-04-22 13:24:44,3515
5302,,,05188-7-82%         ,930518807,15,0.3,120.459182,26.52185,60.4,0,2024-04-22 13:27:01,3605
5090,,,05188-7-82%         ,930518807,15,0.1,120.461613,26.522438,70.1,0,2024-04-22 13:38:27,3473
5121,,,05188-7-82%         ,930518807,15,0.2,120.462108,26.522548,76.0,0,2024-04-22 13:40:45,3488
4853,,,05188-7-82%         ,930518807,15,0.2,120.464075,26.523025,71.8,0,2024-04-22 13:49:52,3253
5061,,,05188-7-82%         ,930518807,15,0.4,120.464515,26.523167,70.2,0,2024-04-22 13:52:11,3414
4979,,,05188-7-82%         ,930518807,15,0.3,120.467453,26.52448,73.7,0,2024-04-22 14:08:50,3377
5033,,,05188-7-82%         ,930518807,15,0.3,120.46787,26.524598,72.4,0,2024-04-22 14:11:05,3422
4925,,,05188-7-82%         ,930518807,15,0.3,120.46866,26.524847,78.1,0,2024-04-22 14:15:46,3324
4939,,,05188-7-82%         ,930518807,15,0.3,120.469448,26.525207,56.0,0,2024-04-22 14:20:28,3333
5012,,,05188-7-82%         ,930518807,15,0.2,120.469803,26.525772,49.1,0,2024-04-22 14:25:15,3400
5219,,,05188-7-82%         ,930518807,15,0.3,120.471043,26.526273,65.8,0,2024-04-22 14:32:47,3530
4961,,,05188-7-82%         ,930518807,15,0.3,120.471392,26.526472,57.5,0,2024-04-22 14:35:10,3326
5238,,,05188-7-82%         ,930518807,15,0.2,120.472447,26.527362,22.9,0,2024-04-22 14:44:37,3560
5071,,,05188-7-82%         ,930518807,15,0.1,120.473067,26.52754,72.2,0,2024-04-22 14:47:26,3483
5451,,,05188-7-82%         ,930518807,15,0.3,120.474162,26.528453,51.6,0,2024-04-22 14:56:36,3756
5208,,,05188-7-82%         ,930518807,15,0.2,120.474205,26.52875,7.4,0,2024-04-22 14:58:53,3562
5220,,,05188-7-82%         ,930518807,15,0.2,120.474852,26.529525,32.8,0,2024-04-22 15:05:44,3579
5265,,,05188-7-82%         ,930518807,15,0.2,120.475007,26.529768,29.7,0,2024-04-22 15:08:03,3636
5904,,,05188-7-82%         ,930518807,15,0.3,120.475492,26.53035,27.0,0,2024-04-22 15:12:37,4033
5523,,,05188-7-82%         ,930518807,15,0.2,120.475658,26.530617,29.2,0,2024-04-22 15:15:00,3760
5193,,,05188-7-82%         ,930518807,15,0.2,120.475927,26.531165,23.1,0,2024-04-22 15:19:52,3517
5053,,,05188-7-82%         ,930518807,15,0.2,120.47631,26.531968,19.8,0,2024-04-22 15:26:58,3434
5162,,,05188-7-82%         ,930518807,15,0.2,120.476467,26.532542,20.1,0,2024-04-22 15:31:49,3503
5161,,,05188-7-82%         ,930518807,15,0.2,120.476662,26.53364,26.4,0,2024-04-22 15:41:42,3527
5162,,,05188-7-82%         ,930518807,15,0.2,120.476663,26.533907,0.3,0,2024-04-22 15:43:59,3532
5200,,,05188-7-82%         ,930518807,15,0.2,120.476635,26.534457,3.8,0,2024-04-22 15:48:38,3547
5363,,,05188-7-82%         ,930518807,15,0.2,120.476722,26.534945,357.6,0,2024-04-22 15:53:16,3656
5302,,,05188-7-82%         ,930518807,15,0.3,120.476578,26.535522,332.6,0,2024-04-22 15:57:59,3626
5084,,,05188-7-82%         ,930518807,15,0.2,120.476658,26.535997,348.1,0,2024-04-22 16:02:48,3483
5274,,,05188-7-82%         ,930518807,15,0.2,120.475923,26.537388,326.1,0,2024-04-22 16:15:05,3642
5035,,,05188-7-82%         ,930518807,15,0.2,120.475693,26.53786,331.8,0,2024-04-22 16:19:51,3463
4860,,,05188-7-82%         ,930518807,15,0.2,120.475515,26.538092,325.3,0,2024-04-22 16:22:21,3323
5656,,,05188-7-82%         ,930518807,15,0.2,120.474713,26.53893,314.3,0,2024-04-22 16:31:57,3933
5329,,,05188-7-82%         ,930518807,15,0.2,120.474037,26.53954,316.0,0,2024-04-22 16:39:09,3719
5167,,,05188-7-82%         ,930518807,15,0.2,120.47354,26.539958,315.1,0,2024-04-22 16:44:02,3586
5275,,,05188-7-82%         ,930518807,15,0.2,120.472992,26.540275,298.5,0,2024-04-22 16:48:54,3657
5026,,,05188-7-82%         ,930518807,15,0.7,120.462483,26.557398,160.2,0,2024-04-22 17:39:51,3479
5153,,,05188-7-82%         ,930518807,15,0.8,120.458228,26.558233,283.3,0,2024-04-22 18:00:35,3592
5061,,,05188-7-82%         ,930518807,15,0.9,120.451113,26.591067,233.2,0,2024-04-22 18:50:58,3504
5193,,,05188-7-82%         ,930518807,15,0.3,120.447922,26.581523,328.2,0,2024-04-22 19:26:45,3604
5178,,,05188-7-82%         ,930518807,15,0.1,120.447827,26.581973,349.2,0,2024-04-22 19:29:02,3611
4864,,,05188-7-82%         ,930518807,15,0.5,120.446657,26.582948,307.7,0,2024-04-22 19:33:34,3382
5181,,,05188-7-82%         ,930518807,15,0.5,120.442585,26.584252,273.5,0,2024-04-22 19:47:15,3596
4890,,,05188-7-82%         ,930518807,15,0.3,120.443235,26.583857,200.9,0,2024-04-22 19:58:41,3411
5230,,,05188-7-82%         ,930518807,15,0.2,120.443857,26.584218,57.0,0,2024-04-22 20:00:58,3645
5048,,,05188-7-82%         ,930518807,15,1.6,120.45361,26.606435,77.7,0,2024-04-22 20:50:51,3507
5204,,,05188-7-82%         ,930518807,15,1.4,120.454557,26.60933,5.3,0,2024-04-22 20:55:52,3621
4968,,,05188-7-82%         ,930518807,15,1.5,120.456848,26.611112,9.1,0,2024-04-22 21:00:24,3456
4966,,,05188-7-82%         ,930518807,15,0.0,120.457303,26.614858,92.6,0,2024-04-22 21:16:49,3436
5183,,,05188-7-82%         ,930518807,15,0.0,120.457293,26.614755,164.2,0,2024-04-22 21:21:25,3586
5174,,,05188-7-82%         ,930518807,15,0.1,120.457242,26.614783,304.6,0,2024-04-22 21:28:23,3581
4854,,,05188-7-82%         ,930518807,15,0.0,120.457227,26.61476,261.7,0,2024-04-22 21:39:50,3369
5142,,,05188-7-82%         ,930518807,15,0.1,120.457138,26.6148,304.0,0,2024-04-22 21:46:43,3547
5021,,,05188-7-82%         ,930518807,15,0.0,120.457097,26.61486,320.9,0,2024-04-22 21:55:53,3469
5078,,,05188-7-82%         ,930518807,15,0.1,120.457158,26.614635,146.3,0,2024-04-22 22:02:42,3501
4804,,,05188-7-82%         ,930518807,15,0.3,120.457385,26.614892,38.3,0,2024-04-22 22:05:00,3320
4913,,,05188-7-82%         ,930518807,15,0.2,120.457097,26.61475,241.2,0,2024-04-22 22:07:15,3393
5017,,,05188-7-82%         ,930518807,15,0.1,120.45701,26.614872,327.5,0,2024-04-22 22:14:05,3469
5137,,,05188-7-82%         ,930518807,15,0.0,120.457028,26.61476,242.7,0,2024-04-22 22:18:34,3547
5296,,,05188-7-82%         ,930518807,15,0.0,120.457027,26.614652,223.2,0,2024-04-22 22:32:18,3688
5052,,,05188-7-82%         ,930518807,15,0.1,120.457048,26.614722,339.6,0,2024-04-22 22:36:52,3498
4965,,,05188-7-82%         ,930518807,15,0.1,120.457052,26.614598,75.2,0,2024-04-22 22:52:49,3434
4671,,,05188-7-82%         ,930518807,15,0.0,120.4571,26.614598,303.6,0,2024-04-22 23:01:55,3223
4803,,,05188-7-82%         ,930518807,15,0.0,120.45716,26.61461,77.7,0,2024-04-22 23:04:17,3336
5007,,,05188-7-82%         ,930518807,15,0.0,120.457115,26.614625,311.7,0,2024-04-22 23:11:13,3460
5115,,,05188-7-82%         ,930518807,15,0.0,120.457257,26.614603,304.7,0,2024-04-22 23:24:48,3524
5227,,,05188-7-82%         ,930518807,15,0.1,120.457395,26.614478,144.1,0,2024-04-22 23:40:50,3574
4890,,,05188-7-81%         ,930518807,15,0.2,120.45717,26.61445,292.0,0,2024-04-23 03:12:00,3361
4871,,,05188-7-81%         ,930518807,15,0.0,120.456958,26.614453,233.0,0,2024-04-23 03:30:14,3380
5177,,,05188-7-81%         ,930518807,15,0.0,120.457007,26.61452,314.9,0,2024-04-23 03:39:19,3589
4808,,,05188-7-81%         ,930518807,15,0.0,120.457158,26.614478,98.9,0,2024-04-23 03:43:52,3354
5066,,,05188-7-81%         ,930518807,15,0.8,120.45759,26.52509,263.2,0,2024-04-23 05:08:38,3548
5415,,,05188-7-81%         ,930518807,15,0.7,120.456872,26.525448,299.0,0,2024-04-23 05:10:52,3798
4892,,,05188-7-81%         ,930518807,15,0.3,120.455752,26.526515,327.7,0,2024-04-23 05:17:45,3426
5088,,,05188-7-81%         ,930518807,15,0.2,120.455565,26.526728,321.8,0,2024-04-23 05:19:58,3573
5254,,,05188-7-81%         ,930518807,15,0.3,120.45507,26.5271,298.9,0,2024-04-23 05:24:35,3717
5543,,,05188-7-81%         ,930518807,15,0.3,120.454537,26.52745,293.0,0,2024-04-23 05:29:05,3952
5026,,,05188-7-81%         ,930518807,15,0.1,120.454108,26.527683,301.2,0,2024-04-23 05:31:22,3554
5198,,,05188-7-81%         ,930518807,15,0.3,120.453737,26.52786,297.9,0,2024-04-23 05:33:35,3661
5044,,,05188-7-81%         ,930518807,15,0.3,120.45179,26.528752,292.6,0,2024-04-23 05:44:58,3480
4897,,,05188-7-81%         ,930518807,15,0.3,120.447925,26.529827,288.0,0,2024-04-23 06:05:31,3352
4662,,,05188-7-81%         ,930518807,15,0.3,120.446525,26.529995,269.3,0,2024-04-23 06:12:23,3222
4681,,,05188-7-81%         ,930518807,15,0.3,120.445093,26.530208,283.8,0,2024-04-23 06:19:24,3226
5114,,,05188-7-81%         ,930518807,15,0.4,120.439697,26.530417,269.1,0,2024-04-23 06:44:34,3538
5118,,,05188-7-81%         ,930518807,15,0.4,120.435057,26.530408,266.8,0,2024-04-23 07:05:21,3600
5331,,,05188-7-81%         ,930518807,15,0.4,120.43303,26.530215,269.5,0,2024-04-23 07:14:41,3782
5549,,,05188-7-81%         ,930518807,15,0.4,120.431977,26.530078,285.3,0,2024-04-23 07:19:26,3931
5090,,,05188-7-81%         ,930518807,15,0.4,120.450167,26.51013,79.1,0,2024-04-23 13:44:00,3404
5012,,,05188-7-81%         ,930518807,15,0.4,120.451295,26.510333,78.2,0,2024-04-23 13:48:37,3326
5151,,,05188-7-81%         ,930518807,15,0.4,120.451818,26.510377,84.7,0,2024-04-23 13:50:53,3455
5082,,,05188-7-81%         ,930518807,15,0.4,120.452808,26.510583,85.6,0,2024-04-23 13:55:22,3376
5137,,,05188-7-81%         ,930518807,15,0.4,120.455103,26.511163,70.3,0,2024-04-23 14:05:27,3419
5345,,,05188-7-81%         ,930518807,15,0.1,120.457495,26.511885,78.4,0,2024-04-23 14:16:53,3584
4857,,,05188-7-81%         ,930518807,15,0.1,120.461572,26.513427,71.2,0,2024-04-23 14:38:41,3234
5183,,,05188-7-81%         ,930518807,15,0.3,120.462247,26.513722,74.0,0,2024-04-23 14:43:10,3470
4982,,,05188-7-81%         ,930518807,15,0.3,120.463403,26.514123,77.8,0,2024-04-23 14:49:57,3350
5426,,,05188-7-81%         ,930518807,15,0.2,120.46349,26.514853,6.0,0,2024-04-23 14:52:19,3668
5277,,,05188-7-78%         ,930518807,15,0.3,120.506565,26.557427,272.0,0,2024-04-24 05:35:30,3551
5108,,,05188-7-78%         ,930518807,15,0.2,120.506328,26.55747,281.5,0,2024-04-24 05:37:44,3439
4842,,,05188-7-78%         ,930518807,15,0.0,120.50611,26.557608,278.9,0,2024-04-24 05:42:19,3246
4894,,,05188-7-78%         ,930518807,15,0.2,120.505712,26.55759,273.4,0,2024-04-24 05:46:54,3286
5133,,,05188-7-77%         ,930518807,15,0.1,120.505438,26.557698,297.2,0,2024-04-24 05:51:26,3458
4856,,,05188-7-77%         ,930518807,15,0.0,120.505327,26.557853,350.8,0,2024-04-24 05:56:06,3250
4849,,,05188-7-77%         ,930518807,15,0.1,120.504633,26.558303,302.4,0,2024-04-24 06:00:38,3275
4788,,,05188-7-77%         ,930518807,15,0.3,120.504255,26.55853,303.7,0,2024-04-24 06:02:52,3244
4724,,,05188-7-77%         ,930518807,15,0.2,120.503305,26.558888,291.6,0,2024-04-24 06:07:29,3200
4789,,,05188-7-78%         ,930518807,15,0.4,120.502368,26.559207,294.9,0,2024-04-24 06:12:01,3243
4767,,,05188-7-77%         ,930518807,15,0.1,120.501387,26.55943,284.8,0,2024-04-24 06:16:36,3200
4645,,,05188-7-77%         ,930518807,15,0.2,120.500927,26.559573,289.1,0,2024-04-24 06:18:54,3113
4984,,,05188-7-77%         ,930518807,15,0.4,120.499283,26.559935,280.4,0,2024-04-24 06:25:44,3331
4753,,,05188-7-77%         ,930518807,15,0.4,120.497808,26.56038,284.8,0,2024-04-24 06:32:33,3192
5036,,,05188-7-77%         ,930518807,15,0.4,120.496698,26.560625,282.0,0,2024-04-24 06:37:09,3367
4992,,,05188-7-77%         ,930518807,15,0.4,120.495525,26.56085,282.1,0,2024-04-24 06:41:41,3341
4808,,,05188-7-77%         ,930518807,15,0.4,120.495003,26.560943,281.2,0,2024-04-24 06:44:01,3209
4863,,,05188-7-77%         ,930518807,15,0.4,120.493887,26.561112,279.8,0,2024-04-24 06:48:35,3245
4550,,,05188-7-77%         ,930518807,15,0.4,120.492832,26.561255,281.1,0,2024-04-24 06:53:05,3023
4414,,,05188-7-77%         ,930518807,15,0.4,120.491172,26.561485,279.3,0,2024-04-24 06:59:56,2900
4902,,,05188-7-77%         ,930518807,15,0.4,120.490137,26.561595,274.3,0,2024-04-24 07:04:24,3235
4768,,,05188-7-77%         ,930518807,15,0.4,120.488922,26.561688,271.9,0,2024-04-24 07:09:01,3126
4577,,,05188-7-77%         ,930518807,15,0.4,120.488357,26.561697,270.9,0,2024-04-24 07:11:16,2981
4562,,,05188-7-77%         ,930518807,15,0.4,120.487258,26.561733,269.2,0,2024-04-24 07:15:49,2972
4814,,,05188-7-76%         ,930518807,15,0.4,120.48628,26.561733,272.1,0,2024-04-24 07:20:26,3145
4858,,,05188-7-77%         ,930518807,15,0.4,120.485143,26.56164,266.6,0,2024-04-24 07:24:58,3174
4908,,,05188-7-76%         ,930518807,15,0.4,120.484087,26.561593,262.2,0,2024-04-24 07:29:33,3213
5033,,,05188-7-77%         ,930518807,15,0.4,120.483485,26.56158,268.5,0,2024-04-24 07:31:45,3334
5228,,,05188-7-76%         ,930518807,15,0.4,120.482478,26.561567,270.2,0,2024-04-24 07:36:20,3459
4970,,,05188-7-77%         ,930518807,15,0.4,120.481493,26.561435,259.3,0,2024-04-24 07:40:55,3267
4510,,,05188-7-77%         ,930518807,15,0.4,120.480472,26.561342,261.3,0,2024-04-24 07:45:28,2909
4466,,,05188-7-76%         ,930518807,15,0.4,120.479992,26.561287,262.7,0,2024-04-24 07:47:42,2896
4678,,,05188-7-76%         ,930518807,15,0.4,120.47798,26.56095,258.3,0,2024-04-24 07:56:51,3021
4920,,,05188-7-76%         ,930518807,15,0.3,120.477138,26.56082,260.2,0,2024-04-24 08:01:25,3178
4883,,,05188-7-76%         ,930518807,15,0.1,120.47654,26.56075,262.5,0,2024-04-24 08:03:43,3166
4916,,,05188-7-76%         ,930518807,15,0.4,120.474967,26.560427,255.1,0,2024-04-24 08:10:42,3197
4664,,,05188-7-76%         ,930518807,15,0.3,120.472522,26.55994,244.8,0,2024-04-24 08:22:05,2976
4646,,,05188-7-76%         ,930518807,15,0.1,120.470208,26.559482,260.8,0,2024-04-24 08:33:36,2984
4588,,,05188-7-76%         ,930518807,15,0.3,120.469205,26.559015,243.9,0,2024-04-24 08:40:28,2934
4848,,,05188-7-75%         ,930518807,15,0.2,120.465872,26.558293,267.3,0,2024-04-24 08:56:47,3157
4163,,,05188-7-75%         ,930518807,15,0.3,120.464342,26.556532,239.1,0,2024-04-24 09:11:20,2612
4091,,,05188-7-75%         ,930518807,15,0.3,120.46372,26.556168,226.2,0,2024-04-24 09:16:05,2550
4341,,,05188-7-75%         ,930518807,15,0.3,120.463162,26.555673,209.1,0,2024-04-24 09:20:47,2751
4463,,,05188-7-75%         ,930518807,15,0.2,120.462428,26.555363,235.2,0,2024-04-24 09:25:35,2851
4433,,,05188-7-74%         ,930518807,15,0.2,120.461172,26.554178,226.8,0,2024-04-24 09:37:36,2770
4316,,,05188-7-75%         ,930518807,15,0.2,120.460807,26.55361,210.5,0,2024-04-24 09:42:25,2722
4203,,,05188-7-74%         ,930518807,15,0.2,120.460253,26.552965,209.5,0,2024-04-24 09:49:40,2663
4727,,,05188-7-74%         ,930518807,15,0.2,120.459817,26.552302,204.2,0,2024-04-24 09:56:31,3026
4387,,,05188-7-74%         ,930518807,15,0.2,120.459213,26.551473,221.8,0,2024-04-24 10:05:40,2753
4608,,,05188-7-74%         ,930518807,15,0.2,120.45879,26.54985,209.0,0,2024-04-24 10:21:43,2938
4766,,,05188-7-74%         ,930518807,15,0.3,120.458748,26.54968,186.7,0,2024-04-24 10:26:31,3037
5016,,,05188-7-74%         ,930518807,15,0.1,120.458747,26.548792,177.4,0,2024-04-24 10:33:45,3176
4861,,,05188-7-74%         ,930518807,15,0.1,120.458753,26.548593,178.2,0,2024-04-24 10:36:06,3093
4789,,,05188-7-74%         ,930518807,15,0.1,120.459138,26.547655,143.2,0,2024-04-24 10:48:11,3036
4344,,,05188-7-74%         ,930518807,15,0.2,120.459263,26.5474,156.2,0,2024-04-24 10:50:55,2726
4211,,,05188-7-74%         ,930518807,15,0.1,120.45961,26.547055,173.6,0,2024-04-24 10:55:46,2614
4446,,,05188-7-74%         ,930518807,15,0.1,120.460135,26.546397,125.1,0,2024-04-24 11:05:25,2788
4400,,,05188-7-74%         ,930518807,15,0.2,120.46117,26.54537,123.5,0,2024-04-24 11:16:59,2718
4676,,,05188-7-74%         ,930518807,15,0.2,120.461772,26.545025,124.7,0,2024-04-24 11:23:52,2931
4443,,,05188-7-74%         ,930518807,15,0.2,120.46234,26.544737,113.2,0,2024-04-24 11:28:25,2781
4380,,,05188-7-73%         ,930518807,15,0.2,120.462878,26.544513,105.8,0,2024-04-24 11:33:04,2729
4096,,,05188-7-74%         ,930518807,15,0.2,120.463432,26.54425,124.3,0,2024-04-24 11:37:39,2553
4237,,,05188-7-73%         ,930518807,15,0.2,120.46509,26.543785,88.3,0,2024-04-24 11:49:08,2663
3897,,,05188-7-73%         ,930518807,15,0.3,120.46581,26.54358,103.5,0,2024-04-24 11:53:52,2444
4164,,,05188-7-73%         ,930518807,15,0.3,120.466555,26.543385,103.7,0,2024-04-24 11:58:24,2606
4270,,,05188-7-74%         ,930518807,15,0.3,120.466917,26.543327,100.2,0,2024-04-24 12:00:45,2652
3951,,,05188-7-73%         ,930518807,15,0.3,120.467297,26.543252,102.4,0,2024-04-24 12:03:00,2464
3998,,,05188-7-73%         ,930518807,15,0.3,120.468105,26.543193,99.2,0,2024-04-24 12:07:45,2499
3826,,,05188-7-73%         ,930518807,15,0.2,120.469367,26.543463,74.5,0,2024-04-24 12:16:55,2409
4094,,,05188-7-73%         ,930518807,15,0.3,120.469963,26.543172,116.5,0,2024-04-24 12:21:26,2565
3926,,,05188-7-73%         ,930518807,15,0.3,120.470343,26.543107,100.8,0,2024-04-24 12:23:46,2465
3779,,,05188-7-73%         ,930518807,15,0.3,120.471585,26.542855,100.8,0,2024-04-24 12:30:39,2360
4106,,,05188-7-73%         ,930518807,15,0.3,120.472472,26.542765,97.0,0,2024-04-24 12:35:08,2571
4105,,,05188-7-73%         ,930518807,15,0.3,120.47342,26.54267,94.4,0,2024-04-24 12:39:48,2609
3903,,,05188-7-73%         ,930518807,15,0.1,120.473955,26.542667,90.3,0,2024-04-24 12:42:02,2479
4047,,,05188-7-73%         ,930518807,15,0.4,120.474973,26.5426,93.0,0,2024-04-24 12:46:47,2557
3898,,,05188-7-73%         ,930518807,15,0.4,120.476075,26.542555,95.4,0,2024-04-24 12:51:24,2475
4048,,,05188-7-73%         ,930518807,15,0.4,120.477598,26.54266,81.9,0,2024-04-24 12:58:20,2566
3786,,,05188-7-73%         ,930518807,15,0.4,120.478153,26.542632,93.2,0,2024-04-24 13:00:38,2389
4157,,,05188-7-73%         ,930518807,15,0.4,120.479745,26.542717,87.1,0,2024-04-24 13:07:31,2619
3887,,,05188-7-73%         ,930518807,15,0.4,120.480277,26.542758,85.0,0,2024-04-24 13:09:48,2446
3995,,,05188-7-73%         ,930518807,15,0.4,120.48134,26.542875,82.3,0,2024-04-24 13:14:26,2526
4170,,,05188-7-73%         ,930518807,15,0.4,120.481802,26.543025,70.0,0,2024-04-24 13:16:42,2649
4289,,,05188-7-73%         ,930518807,15,0.4,120.48393,26.543277,80.5,0,2024-04-24 13:25:46,2725
4092,,,05188-7-72%         ,930518807,15,0.4,120.484965,26.543458,80.0,0,2024-04-24 13:30:20,2587
4602,,,05188-7-73%         ,930518807,15,0.4,120.486068,26.543603,80.2,0,2024-04-24 13:34:54,2927
4240,,,05188-7-73%         ,930518807,15,0.4,120.487167,26.543765,83.0,0,2024-04-24 13:39:26,2694
4663,,,05188-7-73%         ,930518807,15,0.4,120.488205,26.543993,71.2,0,2024-04-24 13:43:55,2963
4478,,,05188-7-73%         ,930518807,15,0.4,120.489285,26.544233,75.0,0,2024-04-24 13:48:31,2848
4634,,,05188-7-73%         ,930518807,15,0.4,120.49087,26.544535,75.9,0,2024-04-24 13:55:21,2918
4619,,,05188-7-72%         ,930518807,15,0.4,120.49205,26.54471,82.1,0,2024-04-24 14:00:23,2922
4553,,,05188-7-72%         ,930518807,15,0.4,120.493242,26.544977,78.7,0,2024-04-24 14:04:56,2876
4450,,,05188-7-72%         ,930518807,15,0.4,120.49378,26.545117,73.8,0,2024-04-24 14:07:13,2804
4290,,,05188-7-72%         ,930518807,15,0.1,120.49481,26.545408,75.4,0,2024-04-24 14:11:56,2680
4234,,,05188-7-73%         ,930518807,15,0.3,120.495923,26.54573,67.9,0,2024-04-24 14:16:38,2602
4724,,,05188-7-72%         ,930518807,15,0.1,120.496502,26.545875,74.3,0,2024-04-24 14:19:02,2932
4897,,,05188-7-72%         ,930518807,15,0.4,120.49761,26.546173,70.4,0,2024-04-24 14:23:55,3063
4615,,,05188-7-72%         ,930518807,15,0.4,120.49811,26.546365,66.8,0,2024-04-24 14:26:22,2857
4487,,,05188-7-72%         ,930518807,15,0.4,120.499203,26.546852,65.3,0,2024-04-24 14:31:46,2807
4529,,,05188-7-72%         ,930518807,15,0.4,120.500277,26.547188,70.5,0,2024-04-24 14:36:38,2825
4532,,,05188-7-72%         ,930518807,15,0.4,120.501288,26.547568,70.7,0,2024-04-24 14:41:22,2815
4230,,,05188-7-72%         ,930518807,15,0.4,120.501772,26.547755,66.6,0,2024-04-24 14:43:42,2595
4165,,,05188-7-72%         ,930518807,15,0.4,120.502737,26.548163,64.3,0,2024-04-24 14:48:29,2567
4406,,,05188-7-72%         ,930518807,15,0.4,120.503245,26.548343,68.4,0,2024-04-24 14:50:50,2699
4262,,,05188-7-72%         ,930518807,15,0.5,120.503225,26.54987,349.5,0,2024-04-24 14:55:36,2611
