fid,IMO_Number,Call_Sign,ShipName,MMSI,Navigational_Status,SOG,Longitude,Latitude,COG,Ship_and_Cargo_Type,Record_Time,group
2572,,,GOANG SHING LIH NO6 ,416002142,15,7.5,121.717427,21.593723,286.5,30,2024-04-24 02:18:08,1768
2088,,,GOANG SHING LIH NO6 ,416002142,15,8.1,121.702867,21.597003,281.6,30,2024-04-24 02:24:38,1439
2497,,BK4759 ,,416002142,15,7.7,121.69376,21.599113,283.2,30,2024-04-24 02:28:38,1721
2310,,BK4759 ,,416002142,15,8.0,121.68436,21.601292,282.7,30,2024-04-24 02:32:38,1589
2511,,,GOANG SHING LIH NO6 ,416002142,15,8.4,121.674173,21.603862,285.0,30,2024-04-24 02:36:53,1692
2134,,,GOANG SHING LIH NO6 ,416002142,15,8.4,121.66348,21.606617,284.9,30,2024-04-24 02:41:08,1439
2067,,BK4759 ,,416002142,15,8.3,121.654693,21.609043,285.7,30,2024-04-24 02:44:38,1393
2701,,,GOANG SHING LIH NO.6,416002142,15,8.8,121.64671,21.611298,286.5,0,2024-04-24 02:47:58,1847
2545,,BK4759 ,,416002142,15,8.8,121.640695,21.613103,287.1,30,2024-04-24 02:50:29,1752
2264,,,GOANG SHING LIH NO6 ,416002142,15,8.4,121.62564,21.617865,287.6,30,2024-04-24 02:56:51,1544
2325,,,GOANG SHING LIH NO6 ,416002142,15,7.7,121.61732,21.620445,287.4,30,2024-04-24 03:00:33,1592
2200,,,GOANG SHING LIH NO6 ,416002142,15,7.8,121.605747,21.624195,286.8,30,2024-04-24 03:05:40,1500
2086,,,GOANG SHING LIH NO6 ,416002142,15,7.5,121.596973,21.627105,287.8,30,2024-04-24 03:09:39,1433
2773,,BJ4759,,416002142,15,7.6,121.589213,21.629607,290.6,30,2024-04-24 03:13:09,1912
2329,,BK4759 ,,416002142,15,8.5,121.579013,21.633065,294.7,30,2024-04-24 03:17:39,1615
2461,,,GOANG SHING LIH NO6 ,416002142,15,7.6,121.5694,21.636373,289.7,30,2024-04-24 03:21:56,1673
2411,,,GOANG SHING LIH NO6 ,416002142,15,8.6,121.562853,21.63867,288.7,30,2024-04-24 03:24:52,1619
2688,,,GOANG SHING LIH NO6 ,416002142,15,7.6,121.552853,21.642122,286.2,30,2024-04-24 03:29:18,1832
2310,,,GOANG SHING LIH NO6 ,416002142,15,7.8,121.542867,21.64555,290.7,30,2024-04-24 03:33:45,1588
2480,,,GOANG SHING LIH NO6 ,416002142,15,7.8,121.534067,21.64865,288.2,30,2024-04-24 03:37:39,1699
2448,,,GOANG SHING LIH NO6 ,416002142,15,8.5,121.524747,21.651978,288.6,30,2024-04-24 03:41:39,1686
2695,,,GOANG SHING LIH NO6 ,416002142,15,9.2,121.51636,21.655043,292.3,30,2024-04-24 03:45:09,1851
2705,,,GOANG SHING LIH NO6 ,416002142,15,8.8,121.50836,21.658087,290.6,30,2024-04-24 03:48:30,1855
2929,,,GOANG SHING LIH NO6 ,416002142,15,8.6,121.496573,21.662962,293.6,30,2024-04-24 03:53:36,2020
2361,,,GOANG SHING LIH NO6 ,416002142,15,8.4,121.489912,21.665667,290.9,30,2024-04-24 03:56:30,1617
2250,,,GOANG SHING LIH NO6 ,416002142,15,7.8,121.479,21.670225,292.2,30,2024-04-24 04:01:09,1561
2384,,,GOANG SHING LIH NO6 ,416002142,15,8.6,121.469917,21.67408,294.0,30,2024-04-24 04:04:59,1670
2694,,,GOANG SHING LIH NO6 ,416002142,15,8.1,121.456587,21.679892,293.4,30,2024-04-24 04:10:36,1867
2758,,,GOANG SHING LIH NO6 ,416002142,15,8.1,121.451587,21.682072,292.7,30,2024-04-24 04:12:47,1907
2831,,,GOANG SHING LIH NO6 ,416002142,15,7.6,121.437067,21.688575,298.1,30,2024-04-24 04:19:24,1978
2554,,,GOANG SHING LIH NO6 ,416002142,15,8.0,121.421707,21.696207,296.4,30,2024-04-24 04:26:47,1789
2531,,,GOANG SHING LIH NO6 ,416002142,15,8.0,121.41476,21.699705,300.0,30,2024-04-24 04:30:09,1784
2877,,,GOANG SHING LIH NO6 ,416002142,15,7.7,121.405,21.704628,298.2,30,2024-04-24 04:34:55,2013
2435,,,GOANG SHING LIH NO6 ,416002142,15,7.6,121.39736,21.7085,299.8,30,2024-04-24 04:38:36,1700
2549,,,GOANG SHING LIH NO6 ,416002142,15,7.3,121.38944,21.71282,303.3,30,2024-04-24 04:42:39,1782
2775,,,GOANG SHING LIH NO6 ,416002142,15,6.8,121.381078,21.717932,303.8,30,2024-04-24 04:47:30,1966
2518,,BK4759 ,,416002142,15,6.0,121.37456,21.720908,291.1,30,2024-04-24 04:51:11,1795
2702,,,GOANG SHING LIH NO6 ,416002142,15,6.0,121.36764,21.723692,289.7,30,2024-04-24 04:55:09,1932
2532,,,GOANG SHING LIH NO6 ,416002142,15,6.4,121.361747,21.726032,293.8,30,2024-04-24 04:58:33,1782
2419,,,GOANG SHING LIH NO6 ,416002142,15,6.4,121.356387,21.728145,296.1,30,2024-04-24 05:01:38,1711
2307,,,GOANG SHING LIH NO6 ,416002142,15,6.4,121.34628,21.732378,296.7,30,2024-04-24 05:07:38,1634
2482,,,GOANG SHING LIH NO6 ,416002142,15,6.0,121.339507,21.73522,298.4,30,2024-04-24 05:11:38,1741
2616,,,GOANG SHING LIH NO6 ,416002142,15,5.7,121.332893,21.738017,288.6,0,2024-04-24 05:15:38,1843
2655,,,GOANG SHING LIH NO6 ,416002142,15,5.9,121.326373,21.740698,293.1,30,2024-04-24 05:19:38,1856
2714,,,GOANG SHING LIH NO.6,416002142,15,6.3,121.320307,21.743053,293.7,0,2024-04-24 05:23:08,1872
2263,,BK4759 ,,416002142,15,6.7,121.312267,21.746122,287.2,30,2024-04-24 05:27:38,1591
2535,,,GOANG SHING LIH NO6 ,416002142,15,6.5,121.304313,21.749103,290.8,30,2024-04-24 05:31:59,1758
2368,,BJ4759,,416002142,15,7.2,121.297453,21.751657,293.8,30,2024-04-24 05:35:38,1655
2436,,,GOANG SHING LIH NO6 ,416002142,15,6.8,121.28988,21.754535,290.1,30,2024-04-24 05:39:38,1698
2423,,,GOANG SHING LIH NO6 ,416002142,15,6.8,121.2822,21.757533,293.8,30,2024-04-24 05:43:38,1689
2473,,BJ4759,,416002142,15,7.1,121.274333,21.76046,291.0,30,2024-04-24 05:47:38,1713
2650,,,GOANG SHING LIH NO.6,416002142,15,7.2,121.264467,21.764063,287.1,0,2024-04-24 05:52:38,1853
2758,,,GOANG SHING LIH NO6 ,416002142,15,7.2,121.257573,21.766678,293.1,30,2024-04-24 05:56:09,1919
2594,,,GOANG SHING LIH NO6 ,416002142,15,3.4,121.249907,21.76983,302.9,30,2024-04-24 06:00:38,1805
2712,,,GOANG SHING LIH NO6 ,416002142,15,7.1,121.243107,21.772385,285.7,30,2024-04-24 06:04:38,1903
2821,,,GOANG SHING LIH NO6 ,416002142,15,7.2,121.234867,21.774962,288.0,30,2024-04-24 06:08:45,1985
2367,,,GOANG SHING LIH NO6 ,416002142,15,7.2,121.227463,21.777415,287.9,30,2024-04-24 06:12:29,1661
2574,,BK4759 ,,416002142,15,7.8,121.21902,21.780247,289.2,30,2024-04-24 06:16:29,1796
2202,,,GOANG SHING LIH NO6 ,416002142,15,8.0,121.21108,21.782888,289.5,30,2024-04-24 06:20:08,1525
2311,,,GOANG SHING LIH NO6 ,416002142,15,7.3,121.202453,21.785772,291.1,30,2024-04-24 06:24:08,1598
2352,,BK4759 ,,416002142,15,7.1,121.19504,21.788177,291.8,30,2024-04-24 06:27:38,1624
2567,,,GOANG SHING LIH NO6 ,416002142,15,7.4,121.183813,21.791842,289.6,30,2024-04-24 06:33:08,1759
2459,,,GOANG SHING LIH NO6 ,416002142,15,7.8,121.17452,21.794872,292.8,30,2024-04-24 06:37:35,1693
2462,,,GOANG SHING LIH NO6 ,416002142,15,6.8,121.16688,21.797342,287.7,30,2024-04-24 06:41:17,1680
2348,,,GOANG SHING LIH NO6 ,416002142,15,7.1,121.157693,21.800275,289.3,30,2024-04-24 06:45:45,1599
2125,,,GOANG SHING LIH NO6 ,416002142,15,7.7,121.14944,21.802783,287.9,30,2024-04-24 06:49:38,1438
2165,,,GOANG SHING LIH NO6 ,416002142,15,7.3,121.140987,21.805578,289.2,30,2024-04-24 06:53:38,1463
2213,,,GOANG SHING LIH NO6 ,416002142,15,6.5,121.133907,21.80789,288.7,30,2024-04-24 06:57:08,1488
2113,,,GOANG SHING LIH NO6 ,416002142,15,6.7,121.12448,21.810828,288.3,30,2024-04-24 07:01:58,1437
2114,,,GOANG SHING LIH NO6 ,416002142,15,6.8,121.117253,21.812733,285.4,30,2024-04-24 07:05:41,1437
2113,,BK4759 ,,416002142,15,6.7,121.10932,21.814787,287.5,30,2024-04-24 07:09:38,1408
2005,,,GOANG SHING LIH NO6 ,416002142,15,6.9,121.10216,21.816652,285.4,30,2024-04-24 07:13:08,1336
2327,,,GOANG SHING LIH NO6 ,416002142,15,7.2,121.093947,21.818808,286.1,30,2024-04-24 07:17:07,1534
2227,,BK4759 ,,416002142,15,6.9,121.084613,21.821203,283.0,30,2024-04-24 07:21:37,1487
2513,,,GOANG SHING LIH NO6 ,416002142,15,7.3,121.073973,21.823802,282.1,30,2024-04-24 07:26:38,1681
2198,,,GOANG SHING LIH NO6 ,416002142,15,7.3,121.067667,21.825295,283.3,30,2024-04-24 07:29:37,1465
2254,,,GOANG SHING LIH NO6 ,416002142,15,6.7,121.057493,21.82757,282.3,30,2024-04-24 07:34:37,1547
2526,,,GOANG SHING LIH NO6 ,416002142,15,6.8,121.049413,21.829213,282.3,30,2024-04-24 07:38:38,1698
2258,,,GOANG SHING LIH NO6 ,416002142,15,7.4,121.040867,21.830795,279.7,30,2024-04-24 07:42:42,1519
2131,,BK4759 ,,416002142,15,7.4,121.034533,21.831872,278.4,30,2024-04-24 07:45:38,1414
1987,,,GOANG SHING LIH NO6 ,416002142,15,7.3,121.02292,21.833912,280.7,30,2024-04-24 07:50:52,1323
2219,,,GOANG SHING LIH NO6 ,416002142,15,7.2,121.015227,21.835407,281.0,30,2024-04-24 07:54:35,1452
2131,,,GOANG SHING LIH NO6 ,416002142,15,6.0,121.007267,21.836652,282.0,30,2024-04-24 07:58:37,1423
2073,,,GOANG SHING LIH NO6 ,416002142,15,7.1,120.998973,21.837962,277.5,30,2024-04-24 08:02:46,1374
2260,,,GOANG SHING LIH NO6 ,416002142,15,6.8,120.988453,21.839727,280.4,30,2024-04-24 08:07:59,1520
2523,,BJ4759,,416002142,15,6.5,120.9812,21.840975,278.6,30,2024-04-24 08:11:37,1675
2392,,,GOANG SHING LIH NO6 ,416002142,15,6.7,120.976667,21.841737,279.9,30,2024-04-24 08:13:54,1596
1940,,,GOANG SHING LIH NO6 ,416002142,15,6.3,120.969227,21.843022,281.5,30,2024-04-24 08:17:37,1281
2210,,BJ4759,,416002142,15,6.6,120.958532,21.844845,282.3,30,2024-04-24 08:22:58,1422
2223,,,GOANG SHING LIH NO6 ,416002142,15,6.7,120.948572,21.846507,285.6,30,2024-04-24 08:27:59,1428
2343,,,GOANG SHING LIH NO6 ,416002142,15,6.6,120.941387,21.847795,280.6,30,2024-04-24 08:31:40,1526
2353,,,GOANG SHING LIH NO6 ,416002142,15,6.5,120.933152,21.849465,282.1,30,2024-04-24 08:35:59,1538
2292,,BK4759 ,,416002142,15,6.8,120.925733,21.850905,277.5,30,2024-04-24 08:39:48,1509
2184,,,GOANG SHING LIH NO6 ,416002142,15,6.1,120.917743,21.852247,279.8,30,2024-04-24 08:43:59,1444
2561,,BJ4759,,416002142,15,6.2,120.912627,21.852913,274.4,30,2024-04-24 08:46:37,1689
2624,,BK4759 ,,416002142,15,6.3,120.9028,21.853747,276.3,30,2024-04-24 08:51:59,1712
2386,,,GOANG SHING LIH NO6 ,416002142,15,5.7,120.895602,21.854358,274.5,30,2024-04-24 08:55:59,1549
2458,,,GOANG SHING LIH NO6 ,416002142,15,6.4,120.888548,21.855137,280.3,30,2024-04-24 08:59:59,1606
1988,,BK4759 ,,416002142,15,6.1,120.881308,21.856197,282.8,30,2024-04-24 09:03:58,1277
2359,,,GOANG SHING LIH NO6 ,416002142,15,6.3,120.8724,21.857707,281.3,30,2024-04-24 09:08:41,1498
2122,,,GOANG SHING LIH NO6 ,416002142,15,5.7,120.866272,21.858845,282.5,30,2024-04-24 09:11:58,1329
2063,,BJ4759,,416002142,15,5.5,120.857505,21.860448,280.7,30,2024-04-24 09:16:59,1293
1750,,,GOANG SHING LIH NO6 ,416002142,15,5.6,120.85148,21.861582,280.7,30,2024-04-24 09:20:37,1117
2323,,,GOANG SHING LIH NO6 ,416002142,15,5.2,120.844507,21.863065,288.6,30,2024-04-24 09:25:00,1498
2187,,,GOANG SHING LIH NO.6,416002142,15,5.6,120.838227,21.864158,280.9,0,2024-04-24 09:28:43,1421
2214,,,GOANG SHING LIH NO6 ,416002142,15,5.9,120.830707,21.865267,278.6,30,2024-04-24 09:32:59,1435
2337,,,GOANG SHING LIH NO6 ,416002142,15,6.2,120.82324,21.866253,274.6,30,2024-04-24 09:37:06,1474
1997,,,GOANG SHING LIH NO6 ,416002142,15,6.4,120.81816,21.866932,276.4,30,2024-04-24 09:39:50,1263
1924,,,GOANG SHING LIH NO6 ,416002142,15,6.5,120.806242,21.868425,279.4,30,2024-04-24 09:45:59,1225
1863,,,GOANG SHING LIH NO6 ,416002142,15,6.6,120.799067,21.869462,278.7,30,2024-04-24 09:49:36,1201
2558,,,GOANG SHING LIH NO6 ,416002142,15,6.5,120.791093,21.870723,278.7,30,2024-04-24 09:53:37,1655
2005,,,GOANG SHING LIH NO6 ,416002142,15,6.6,120.782457,21.872338,283.1,30,2024-04-24 09:57:59,1305
2270,,,GOANG SHING LIH NO6 ,416002142,15,6.9,120.7754,21.874807,293.2,30,2024-04-24 10:01:37,1441
2207,,,GOANG SHING LIH NO6 ,416002142,15,6.8,120.768533,21.877327,288.0,30,2024-04-24 10:05:06,1398
2157,,,GOANG SHING LIH NO6 ,416002142,15,7.0,120.758817,21.880425,286.1,30,2024-04-24 10:09:59,1368
1878,,,GOANG SHING LIH NO6 ,416002142,15,7.5,120.755813,21.882208,305.3,30,2024-04-24 10:11:38,1190
2557,,,GOANG SHING LIH NO.6,416002142,15,7.3,120.74508,21.889437,303.6,0,2024-04-24 10:17:36,1644
2278,,,GOANG SHING LIH NO6 ,416002142,15,7.4,120.73592,21.89572,302.4,30,2024-04-24 10:22:45,1464
2295,,,GOANG SHING LIH NO6 ,416002142,15,7.1,120.726533,21.901402,301.4,30,2024-04-24 10:27:59,1506
2176,,,GOANG SHING LIH NO6 ,416002142,15,6.6,120.719947,21.904928,299.0,30,2024-04-24 10:31:41,1408
2343,,,GOANG SHING LIH NO6 ,416002142,15,6.5,120.71628,21.908792,330.1,30,2024-04-24 10:34:37,1492
2399,,,GOANG SHING LIH NO6 ,416002142,15,6.5,120.7116,21.916818,330.3,30,2024-04-24 10:39:36,1559
2127,,,GOANG SHING LIH NO6 ,416002142,15,6.7,120.70596,21.925482,326.0,30,2024-04-24 10:44:59,1384
2577,,,GOANG SHING LIH NO6 ,416002142,15,6.9,120.701787,21.93157,325.8,30,2024-04-24 10:48:41,1666
2109,,,GOANG SHING LIH NO6 ,416002142,15,7.5,120.696547,21.939195,325.9,30,2024-04-24 10:53:08,1360
1933,,,GOANG SHING LIH NO6 ,416002142,15,8.0,120.692387,21.945385,327.2,30,2024-04-24 10:56:36,1236
1921,,,GOANG SHING LIH NO6 ,416002142,15,7.8,120.687493,21.952872,328.4,30,2024-04-24 11:00:36,1217
1938,,,GOANG SHING LIH NO6 ,416002142,15,7.2,120.68288,21.960152,331.0,0,2024-04-24 11:04:36,1257
2097,,,GOANG SHING LIH NO6 ,416002142,15,7.7,120.678213,21.967257,329.0,30,2024-04-24 11:08:36,1335
2110,,,GOANG SHING LIH NO6 ,416002142,15,7.6,120.673373,21.974448,327.2,30,2024-04-24 11:12:36,1352
2165,,,GOANG SHING LIH NO6 ,416002142,15,7.6,120.667453,21.983472,326.5,30,2024-04-24 11:17:36,1374
2172,,,GOANG SHING LIH NO6 ,416002142,15,7.6,120.663067,21.990812,335.7,30,2024-04-24 11:21:36,1378
2159,,,GOANG SHING LIH NO6 ,416002142,15,7.6,120.659413,21.998863,336.8,30,2024-04-24 11:25:45,1399
1988,,,GOANG SHING LIH NO6 ,416002142,15,7.8,120.65596,22.006432,337.2,30,2024-04-24 11:29:36,1287
2000,,,GOANG SHING LIH NO6 ,416002142,15,7.8,120.65212,22.014938,336.5,30,2024-04-24 11:33:56,1277
1815,,,GOANG SHING LIH NO6 ,416002142,15,7.7,120.648827,22.022317,334.8,30,2024-04-24 11:37:38,1163
2125,,,GOANG SHING LIH NO6 ,416002142,15,8.0,120.645413,22.030212,335.3,30,2024-04-24 11:41:35,1308
1805,,,GOANG SHING LIH NO6 ,416002142,15,7.8,120.641853,22.038647,341.6,30,2024-04-24 11:45:50,1138
1964,,,GOANG SHING LIH NO6 ,416002142,15,7.9,120.6374,22.048907,337.7,30,2024-04-24 11:50:58,1255
1950,,,GOANG SHING LIH NO6 ,416002142,15,7.6,120.63408,22.056172,334.9,30,2024-04-24 11:54:40,1225
1681,,,GOANG SHING LIH NO6 ,416002142,15,7.8,120.630427,22.063882,335.9,0,2024-04-24 11:58:36,1084
2013,,,GOANG SHING LIH NO6 ,416002142,15,7.7,120.626227,22.072205,340.3,30,2024-04-24 12:02:50,1260
1743,,,GOANG SHING LIH NO6 ,416002142,15,8.1,120.622173,22.079508,333.9,30,2024-04-24 12:06:35,1098
1903,,BK4759 ,,416002142,15,7.7,120.617773,22.08724,330.8,30,2024-04-24 12:10:36,1189
1747,,,GOANG SHING LIH NO6 ,416002142,15,7.6,120.61396,22.093653,330.9,30,2024-04-24 12:14:00,1107
2076,,,GOANG SHING LIH NO6 ,416002142,15,7.8,120.60944,22.101405,331.0,30,2024-04-24 12:18:06,1320
1755,,BK4759 ,,416002142,15,7.8,120.60448,22.110098,329.6,30,2024-04-24 12:22:36,1123
1693,,,GOANG SHING LIH NO6 ,416002142,15,8.0,120.60004,22.118127,334.2,30,2024-04-24 12:26:41,1080
1963,,,GOANG SHING LIH NO6 ,416002142,15,8.2,120.596027,22.125545,336.7,30,2024-04-24 12:30:24,1224
1873,,,GOANG SHING LIH NO6 ,416002142,15,7.9,120.59204,22.132938,329.5,0,2024-04-24 12:34:07,1162
2014,,,GOANG SHING LIH NO6 ,416002142,15,7.7,120.586267,22.14346,336.3,30,2024-04-24 12:39:35,1267
1637,,,GOANG SHING LIH NO6 ,416002142,15,7.5,120.581907,22.151465,331.9,30,2024-04-24 12:43:46,1071
1619,,,GOANG SHING LIH NO6 ,416002142,15,7.8,120.57796,22.158933,333.8,30,2024-04-24 12:47:35,1033
1904,,,GOANG SHING LIH NO6 ,416002142,15,7.3,120.57404,22.166712,337.9,30,2024-04-24 12:51:35,1200
2013,,,GOANG SHING LIH NO6 ,416002142,15,7.5,120.570547,22.173728,337.4,30,2024-04-24 12:55:43,1278
1549,,BJ4759,,416002142,15,7.3,120.566973,22.18127,337.0,30,2024-04-24 12:59:35,985
1852,,,GOANG SHING LIH NO6 ,416002142,15,7.6,120.563093,22.189802,333.9,30,2024-04-24 13:03:58,1182
1627,,,GOANG SHING LIH NO6 ,416002142,15,7.5,120.559813,22.196828,333.9,30,2024-04-24 13:07:35,1028
1568,,,GOANG SHING LIH NO6 ,416002142,15,7.5,120.556373,22.204502,338.6,30,2024-04-24 13:11:35,991
2192,,,GOANG SHING LIH NO6 ,416002142,15,7.5,120.553013,22.212292,338.3,30,2024-04-24 13:15:35,1395
1845,,,GOANG SHING LIH NO6 ,416002142,15,7.6,120.55,22.219248,336.3,30,2024-04-24 13:19:05,1178
2001,,BJ4759,,416002142,15,7.6,120.546067,22.228142,337.9,30,2024-04-24 13:23:35,1270
1967,,,GOANG SHING LIH NO6 ,416002142,15,7.7,120.542347,22.236435,340.2,30,2024-04-24 13:27:46,1265
2393,,,GOANG SHING LIH NO6 ,416002142,15,7.5,120.538973,22.243978,337.4,30,2024-04-24 13:31:35,1541
1997,,,GOANG SHING LIH NO6 ,416002142,15,7.5,120.534373,22.254223,339.7,30,2024-04-24 13:36:45,1305
2230,,BK4759 ,,416002142,15,7.7,120.530933,22.261983,334.1,30,2024-04-24 13:40:35,1440
2450,,,GOANG SHING LIH NO6 ,416002142,15,8.2,120.52728,22.270168,337.7,30,2024-04-24 13:44:35,1595
2413,,,GOANG SHING LIH NO6 ,416002142,15,7.7,120.523453,22.278592,334.9,30,2024-04-24 13:48:42,1598
2266,,,GOANG SHING LIH NO6 ,416002142,15,7.9,120.519667,22.286225,334.0,30,2024-04-24 13:52:35,1490
2193,,,GOANG SHING LIH NO6 ,416002142,15,7.7,120.515817,22.293948,334.8,30,2024-04-24 13:56:29,1451
2630,,,GOANG SHING LIH NO6 ,416002142,15,7.6,120.511893,22.302132,335.6,30,2024-04-24 14:00:35,1699
2292,,BK4759 ,,416002142,15,7.5,120.508227,22.309988,339.3,30,2024-04-24 14:04:35,1475
2176,,,GOANG SHING LIH NO6 ,416002142,15,7.6,120.504533,22.317847,336.8,30,2024-04-24 14:08:35,1409
2623,,BJ4759,,416002142,15,7.8,120.500853,22.32581,335.2,30,2024-04-24 14:12:37,1688
2577,,,GOANG SHING LIH NO6 ,416002142,15,8.0,120.497133,22.333853,337.0,0,2024-04-24 14:16:37,1641
2237,,,GOANG SHING LIH NO6 ,416002142,15,7.8,120.493547,22.341863,340.1,30,2024-04-24 14:20:37,1420
2137,,,GOANG SHING LIH NO6 ,416002142,15,7.8,120.489693,22.350345,333.8,30,2024-04-24 14:24:50,1379
2197,,BJ4759,,416002142,15,7.5,120.486307,22.357663,334.9,30,2024-04-24 14:28:34,1410
2356,,,GOANG SHING LIH NO6 ,416002142,15,7.4,120.481947,22.36721,339.7,30,2024-04-24 14:33:35,1521
2878,,,GOANG SHING LIH NO6 ,416002142,15,7.3,120.478227,22.3754,337.0,30,2024-04-24 14:37:56,1850
2196,,,GOANG SHING LIH NO6 ,416002142,15,7.2,120.475013,22.382305,337.1,30,2024-04-24 14:41:37,1433
2182,,,GOANG SHING LIH NO6 ,416002142,15,7.0,120.4716,22.389498,334.9,30,2024-04-24 14:45:39,1398
2172,,,GOANG SHING LIH NO6 ,416002142,15,7.0,120.468373,22.396612,335.8,30,2024-04-24 14:49:35,1381
1887,,,GOANG SHING LIH NO.6,416002142,15,6.6,120.466,22.401958,337.2,0,2024-04-24 14:52:34,1195
1886,,,GOANG SHING LIH NO6 ,416002142,15,6.6,120.462093,22.410777,328.8,30,2024-04-24 14:57:36,1182
2075,,,GOANG SHING LIH NO6 ,416002142,15,6.9,120.458133,22.417363,329.0,30,2024-04-24 15:01:36,1280
1979,,BJ4759,,416002142,15,6.8,120.454487,22.424028,334.8,30,2024-04-24 15:05:32,1196
1956,,,GOANG SHING LIH NO6 ,416002142,15,6.9,120.4504,22.4309,328.5,30,2024-04-24 15:09:36,1194
1750,,,GOANG SHING LIH NO6 ,416002142,15,6.6,120.446333,22.437278,326.3,30,2024-04-24 15:13:36,1079
1841,,,GOANG SHING LIH NO6 ,416002142,15,6.4,120.44312,22.441843,326.6,0,2024-04-24 15:16:36,1098
2301,,,GOANG SHING LIH NO6 ,416002142,15,6.7,120.438787,22.45025,336.9,30,2024-04-24 15:21:50,1392
2130,,,GOANG SHING LIH NO6 ,416002142,15,7.1,120.435587,22.457163,337.2,30,2024-04-24 15:25:41,1289
1799,,,GOANG SHING LIH NO6 ,416002142,15,7.4,120.43704,22.46432,88.0,30,2024-04-24 15:30:36,1110
1626,,,GOANG SHING LIH NO6 ,416002142,15,7.4,120.438547,22.465342,88.0,30,2024-04-24 15:33:23,982
2127,,,GOANG SHING LIH NO6 ,416002142,15,0.0,120.438533,22.46534,345.0,30,2024-04-24 15:37:52,1290
1775,,,GOANG SHING LIH NO6 ,416002142,15,0.0,120.438533,22.465338,345.0,30,2024-04-24 15:42:21,1067
2130,,,GOANG SHING LIH NO6 ,416002142,15,0.0,120.438533,22.465333,345.0,30,2024-04-24 15:46:49,1355
2202,,,GOANG SHING LIH NO.6,416002142,15,0.0,120.438893,22.465498,0.0,0,2024-04-25 04:35:40,1489
1879,,BJ4759,,416002142,15,0.0,120.438877,22.465512,0.0,30,2024-04-25 04:38:37,1251
2331,,BJ4759,,416002142,15,0.0,120.438868,22.465502,0.0,30,2024-04-25 05:02:40,1598
1766,,BJ4759,,416002142,15,0.0,120.438885,22.465497,0.0,30,2024-04-25 05:05:39,1194
1900,,BJ4759,,416002142,15,0.0,120.438878,22.465517,0.0,30,2024-04-25 05:14:39,1303
2020,,BJ4759,,416002142,15,0.0,120.438852,22.465523,0.0,30,2024-04-25 05:17:39,1396
2270,,BJ4759,,416002142,15,0.0,120.438875,22.465508,0.0,30,2024-04-25 05:23:40,1565
2084,,BJ4759,,416002142,15,0.0,120.438873,22.465507,0.0,30,2024-04-25 05:38:39,1432
2577,,BJ4759,,416002142,15,0.0,120.438868,22.465502,0.0,30,2024-04-25 05:44:40,1802
2432,,BJ4759,,416002142,15,0.0,120.43887,22.46549,0.0,30,2024-04-25 05:50:39,1691
2446,,BJ4759,,416002142,15,0.0,120.438878,22.465503,0.0,30,2024-04-25 05:53:40,1718
2403,,BJ4759,,416002142,15,0.0,120.43886,22.465517,0.0,30,2024-04-25 06:17:39,1658
2520,,BJ4759,,416002142,15,0.0,120.438867,22.465503,0.0,30,2024-04-25 06:23:39,1791
2137,,BJ4759,,416002142,15,0.0,120.438875,22.465527,0.0,30,2024-04-25 06:29:39,1501
2078,,BJ4759,,416002142,15,0.0,120.438858,22.465525,0.0,30,2024-04-25 06:38:39,1423
2126,,BJ4759,,416002142,15,0.0,120.438855,22.465515,0.0,30,2024-04-25 06:44:39,1463
2174,,BJ4759,,416002142,15,0.0,120.438875,22.465523,0.0,30,2024-04-25 06:47:40,1460
2147,,BJ4759,,416002142,15,0.0,120.438872,22.46553,0.0,30,2024-04-25 06:53:41,1471
2457,,BJ4759,,416002142,15,0.0,120.43886,22.46553,0.0,30,2024-04-25 06:59:41,1679
2630,,BJ4759,,416002142,15,0.0,120.438863,22.465523,0.0,30,2024-04-25 07:02:41,1795
2230,,BJ4759,,416002142,15,0.0,120.438858,22.465518,0.0,30,2024-04-25 07:08:40,1497
2571,,BJ4759,,416002142,15,0.0,120.438858,22.465518,0.0,30,2024-04-25 07:11:39,1760
2198,,BJ4759,,416002142,15,0.0,120.438863,22.46552,0.0,30,2024-04-25 07:14:40,1485
2276,,BJ4759,,416002142,15,0.0,120.438878,22.46552,0.0,30,2024-04-25 07:23:40,1519
2337,,BJ4759,,416002142,15,0.1,120.438878,22.465518,0.0,30,2024-04-25 07:29:40,1570
1870,,BJ4759,,416002142,15,0.0,120.43888,22.465518,0.0,30,2024-04-25 07:32:41,1278
2441,,BJ4759,,416002142,15,0.0,120.438868,22.465523,0.0,30,2024-04-25 07:38:40,1641
2109,,BJ4759,,416002142,15,0.0,120.438863,22.465517,0.0,30,2024-04-25 07:41:40,1416
2085,,,GOANG SHING LIH NO.6,416002142,15,0.0,120.438873,22.46552,0.0,0,2024-04-25 07:50:40,1398
2137,,,GOANG SHING LIH NO.6,416002142,15,0.0,120.438863,22.465532,0.0,0,2024-04-25 07:53:41,1455
2599,,BJ4759,,416002142,15,0.0,120.438845,22.465518,0.0,30,2024-04-25 07:56:40,1772
2079,,BJ4759,,416002142,15,0.0,120.438862,22.4655,0.0,30,2024-04-25 07:59:39,1419
1979,,BJ4759,,416002142,15,0.0,120.43887,22.465523,0.0,30,2024-04-25 08:11:40,1301
1931,,BJ4759,,416002142,15,0.0,120.438862,22.465522,0.0,30,2024-04-25 08:17:39,1273
2389,,BJ4759,,416002142,15,0.0,120.438862,22.465533,0.0,30,2024-04-25 08:23:41,1582
2522,,BJ4759,,416002142,15,0.0,120.438877,22.465533,0.0,30,2024-04-25 08:38:40,1682
2073,,BJ4759,,416002142,15,0.0,120.438872,22.465542,0.0,30,2024-04-25 08:41:40,1389
2060,,BJ4759,,416002142,15,0.0,120.438883,22.465528,0.0,30,2024-04-25 08:47:40,1383
2293,,,GOANG SHING LIH NO.6,416002142,15,0.0,120.438887,22.465518,0.0,0,2024-04-25 08:50:40,1511
2062,,BJ4759,,416002142,15,0.0,120.438873,22.465508,0.0,30,2024-04-25 08:56:40,1379
2070,,,GOANG SHING LIH NO.6,416002142,15,0.0,120.438867,22.465523,0.0,0,2024-04-25 09:02:40,1361
2349,,BJ4759,,416002142,15,0.0,120.438862,22.465528,0.0,30,2024-04-25 09:11:40,1546
2137,,BJ4759,,416002142,15,0.0,120.438868,22.465527,0.0,30,2024-04-25 09:14:40,1423
2229,,BJ4759,,416002142,15,0.0,120.43888,22.465522,0.0,30,2024-04-25 09:23:39,1454
2448,,,GOANG SHING LIH NO.6,416002142,15,0.0,120.438872,22.465527,0.0,0,2024-04-25 09:26:39,1611
1947,,BJ4759,,416002142,15,0.0,120.438873,22.465528,0.0,30,2024-04-25 09:32:40,1249
2442,,BJ4759,,416002142,15,0.0,120.43888,22.465535,0.0,30,2024-04-25 09:41:40,1586
2429,,,GOANG SHING LIH NO.6,416002142,15,0.0,120.438875,22.465532,0.0,0,2024-04-25 09:44:40,1576
1903,,,GOANG SHING LIH NO.6,416002142,15,0.0,120.438883,22.465533,0.0,0,2024-04-25 09:47:40,1183
2068,,BJ4759,,416002142,15,0.0,120.438885,22.46554,0.0,30,2024-04-25 09:50:40,1286
1874,,BJ4759,,416002142,15,0.0,120.438862,22.465543,0.0,30,2024-04-25 09:56:40,1177
2047,,BJ4759,,416002142,15,0.0,120.43886,22.46555,0.0,30,2024-04-25 09:59:40,1294
1947,,,GOANG SHING LIH NO.6,416002142,15,0.0,120.438875,22.465545,0.0,0,2024-04-25 10:02:40,1236
2335,,,GOANG SHING LIH NO.6,416002142,15,0.0,120.438877,22.465542,0.0,0,2024-04-25 10:05:39,1486
1986,,,GOANG SHING LIH NO.6,416002142,15,0.0,120.438867,22.465553,0.0,0,2024-04-25 10:11:41,1271
2453,,BJ4759,,416002142,15,0.0,120.438848,22.465562,0.0,30,2024-04-25 10:17:41,1595
1863,,BJ4759,,416002142,15,0.0,120.438865,22.465517,0.0,30,2024-04-25 10:29:43,1207
1830,,BJ4759,,416002142,15,0.0,120.438857,22.465512,0.0,30,2024-04-25 10:32:41,1180
2109,,BJ4759,,416002142,15,0.0,120.438868,22.465513,0.0,30,2024-04-25 10:35:40,1359
2266,,BJ4759,,416002142,15,0.0,120.438868,22.465513,0.0,30,2024-04-25 10:41:40,1437
2451,,BJ4759,,416002142,15,0.0,120.438872,22.465525,0.0,30,2024-04-25 10:47:39,1574
2340,,BJ4759,,416002142,15,0.0,120.438883,22.465513,0.0,30,2024-04-25 10:50:39,1512
2358,,BJ4759,,416002142,15,0.0,120.438875,22.465522,0.0,30,2024-04-25 10:53:40,1538
2067,,BJ4759,,416002142,15,0.0,120.438868,22.465532,0.0,30,2024-04-25 10:56:40,1328
2296,,,GOANG SHING LIH NO.6,416002142,15,0.0,120.438858,22.465537,0.0,0,2024-04-25 11:02:40,1462
2451,,,GOANG SHING LIH NO.6,416002142,15,0.0,120.438872,22.465525,0.0,0,2024-04-25 11:05:40,1573
1993,,,GOANG SHING LIH NO.6,416002142,15,0.0,120.438867,22.465528,0.0,0,2024-04-25 11:17:40,1298
2433,,BJ4759,,416002142,15,0.0,120.438878,22.465543,0.0,30,2024-04-25 11:26:41,1572
2103,,BJ4759,,416002142,15,0.2,120.438778,22.46545,0.0,30,2024-04-25 11:29:40,1336
2320,,,GOANG SHING LIH NO6 ,416002142,15,0.1,120.438667,22.465427,0.0,30,2024-04-25 11:35:47,1473
2194,,,GOANG SHING LIH NO6 ,416002142,15,0.0,120.438667,22.465427,0.0,30,2024-04-25 11:39:30,1377
2262,,,GOANG SHING LIH NO6 ,416002142,15,0.0,120.43868,22.465437,0.0,30,2024-04-25 11:44:44,1460
2388,,,GOANG SHING LIH NO6 ,416002142,15,0.0,120.43868,22.465438,0.0,30,2024-04-25 11:48:27,1550
2257,,BK4759 ,,416002142,15,0.1,120.43868,22.465435,0.0,30,2024-04-25 11:52:11,1515
2531,,,GOANG SHING LIH NO6 ,416002142,15,0.0,120.43868,22.465432,226.9,30,2024-04-25 11:55:53,1642
2402,,,GOANG SHING LIH NO6 ,416002142,15,8.0,120.43448,22.46456,228.7,30,2024-04-25 12:01:09,1581
1935,,,GOANG SHING LIH NO6 ,416002142,15,8.8,120.430785,22.455623,200.2,30,2024-04-25 12:05:05,1260
2376,,,GOANG SHING LIH NO6 ,416002142,15,7.5,120.42704,22.447892,204.9,30,2024-04-25 12:08:52,1548
1768,,,GOANG SHING LIH NO6 ,416002142,15,6.8,120.423373,22.43922,203.1,30,2024-04-25 12:13:33,1134
1977,,,GOANG SHING LIH NO6 ,416002142,15,7.6,120.420643,22.432562,201.0,0,2024-04-25 12:17:05,1258
2160,,,GOANG SHING LIH NO6 ,416002142,15,7.3,120.41716,22.423762,201.0,30,2024-04-25 12:21:33,1398
2270,,,GOANG SHING LIH NO6 ,416002142,15,7.5,120.414588,22.416482,195.1,30,2024-04-25 12:25:05,1470
2337,,BK4759 ,,416002142,15,7.7,120.412827,22.409218,189.5,30,2024-04-25 12:28:33,1522
2118,,,GOANG SHING LIH NO6 ,416002142,15,8.1,120.410227,22.397908,192.5,30,2024-04-25 12:33:52,1373
1933,,,GOANG SHING LIH NO6 ,416002142,15,7.8,120.408773,22.391245,190.9,30,2024-04-25 12:36:58,1244
2065,,,GOANG SHING LIH NO6 ,416002142,15,8.6,120.406587,22.3811,192.9,30,2024-04-25 12:41:37,1341
1879,,,GOANG SHING LIH NO6 ,416002142,15,8.0,120.404933,22.3723,189.7,30,2024-04-25 12:45:34,1217
2138,,BJ4759,,416002142,15,8.2,120.402603,22.363285,199.3,30,2024-04-25 12:49:33,1425
2008,,BK4759 ,,416002142,15,8.0,120.399733,22.355817,203.6,30,2024-04-25 12:53:03,1331
2504,,,GOANG SHING LIH NO6 ,416002142,15,8.0,120.396373,22.34716,201.8,30,2024-04-25 12:57:03,1646
1749,,,GOANG SHING LIH NO6 ,416002142,15,7.9,120.388147,22.339605,241.3,30,2024-04-25 13:01:53,1120
1941,,,GOANG SHING LIH NO6 ,416002142,15,8.3,120.37968,22.335645,245.0,30,2024-04-25 13:05:44,1259
2120,,,GOANG SHING LIH NO6 ,416002142,15,2.1,120.375467,22.335257,342.7,30,2024-04-25 13:08:43,1389
2107,,,GOANG SHING LIH NO6 ,416002142,15,7.8,120.37428,22.333953,217.2,30,2024-04-25 13:11:42,1359
2003,,,GOANG SHING LIH NO6 ,416002142,15,0.0,120.372293,22.332545,152.2,30,2024-04-25 13:18:21,1303
2162,,,GOANG SHING LIH NO6 ,416002142,15,0.0,120.372293,22.332547,152.2,30,2024-04-25 13:22:49,1404
2568,,,GOANG SHING LIH NO6 ,416002142,15,0.0,120.372293,22.332548,0.0,30,2024-04-25 13:26:34,1671
2064,,BJ4759,,416002142,15,0.0,120.372262,22.332507,0.0,30,2024-04-25 13:31:03,1364
1933,,,GOANG SHING LIH NO6 ,416002142,15,0.0,120.372293,22.332547,0.0,30,2024-04-25 13:38:27,1229
1741,,,GOANG SHING LIH NO6 ,416002142,15,0.0,120.372293,22.332547,0.0,30,2024-04-25 13:42:55,1082
1986,,BK4759 ,,416002142,15,0.0,120.372293,22.332547,0.0,30,2024-04-25 13:46:40,1267
1936,,,GOANG SHING LIH NO6 ,416002142,15,0.0,120.372293,22.332548,0.0,30,2024-04-25 13:51:47,1265
2043,,,GOANG SHING LIH NO6 ,416002142,15,0.0,120.372305,22.332548,0.0,30,2024-04-25 13:55:05,1317
1886,,BK4759 ,,416002142,15,0.0,120.372303,22.332538,0.0,30,2024-04-25 13:58:03,1260
2049,,,GOANG SHING LIH NO6 ,416002142,15,0.0,120.372293,22.332553,0.0,30,2024-04-25 14:03:45,1354
2466,,,GOANG SHING LIH NO6 ,416002142,15,0.0,120.372293,22.332555,0.0,30,2024-04-25 14:07:29,1641
2524,,,GOANG SHING LIH NO6 ,416002142,15,0.0,120.372293,22.332555,0.0,30,2024-04-25 14:11:57,1670
2268,,BK4759 ,,416002142,15,0.0,120.372293,22.332553,0.0,30,2024-04-25 14:16:26,1542
2463,,,GOANG SHING LIH NO6 ,416002142,15,3.1,120.372957,22.332837,313.5,30,2024-04-25 14:20:33,1637
2080,,,GOANG SHING LIH NO6 ,416002142,15,2.3,120.375453,22.335252,19.4,30,2024-04-25 14:23:58,1385
2409,,,GOANG SHING LIH NO6 ,416002142,15,0.1,120.375627,22.335155,0.0,30,2024-04-25 14:29:52,1570
2407,,,GOANG SHING LIH NO6 ,416002142,15,0.7,120.3752,22.335038,247.4,30,2024-04-25 14:33:37,1596
2481,,BJ4759,,416002142,15,0.0,120.375453,22.335222,0.0,30,2024-04-25 14:37:21,1662
2446,,,GOANG SHING LIH NO6 ,416002142,15,7.9,120.379613,22.332515,138.3,30,2024-04-25 14:41:54,1641
2021,,,GOANG SHING LIH NO6 ,416002142,15,7.9,120.384213,22.325525,148.0,30,2024-04-25 14:45:41,1369
2016,,,GOANG SHING LIH NO6 ,416002142,15,7.7,120.388993,22.318115,148.0,30,2024-04-25 14:49:33,1363
2144,,,GOANG SHING LIH NO6 ,416002142,15,8.1,120.39416,22.309537,153.3,30,2024-04-25 14:54:01,1475
2414,,,GOANG SHING LIH NO6 ,416002142,15,8.2,120.39832,22.301788,150.3,30,2024-04-25 14:57:46,1623
2634,,,GOANG SHING LIH NO6 ,416002142,15,8.3,120.402493,22.293993,153.1,30,2024-04-25 15:01:32,1753
2478,,,GOANG SHING LIH NO6 ,416002142,15,8.4,120.407187,22.285848,153.6,30,2024-04-25 15:05:32,1632
2202,,,GOANG SHING LIH NO6 ,416002142,15,8.0,120.411787,22.27799,149.4,30,2024-04-25 15:09:30,1474
2703,,,GOANG SHING LIH NO.6,416002142,15,7.7,120.416733,22.270467,150.4,0,2024-04-25 15:13:30,1847
2282,,,GOANG SHING LIH NO6 ,416002142,15,8.0,120.42048,22.264563,150.5,30,2024-04-25 15:16:39,1516
2292,,,GOANG SHING LIH NO6 ,416002142,15,8.1,120.4266,22.254447,144.6,30,2024-04-25 15:21:52,1475
2055,,,GOANG SHING LIH NO6 ,416002142,15,7.8,120.431667,22.24762,142.7,30,2024-04-25 15:25:35,1331
2361,,,GOANG SHING LIH NO6 ,416002142,15,7.8,120.4392,22.238447,142.1,30,2024-04-25 15:30:52,1549
2076,,,GOANG SHING LIH NO6 ,416002142,15,8.0,120.44508,22.231267,144.2,30,2024-04-25 15:35:02,1377
2074,,,GOANG SHING LIH NO.6,416002142,15,8.4,120.450135,22.224805,142.5,0,2024-04-25 15:38:34,1355
2219,,,GOANG SHING LIH NO6 ,416002142,15,7.8,120.456267,22.217395,140.8,30,2024-04-25 15:42:49,1455
2362,,,GOANG SHING LIH NO6 ,416002142,15,7.9,120.461867,22.21087,140.9,30,2024-04-25 15:46:34,1572
2693,,,GOANG SHING LIH NO6 ,416002142,15,8.0,120.467867,22.203932,139.9,30,2024-04-25 15:50:30,1777
2697,,,GOANG SHING LIH NO6 ,416002142,15,8.0,120.473147,22.19771,143.1,30,2024-04-25 15:54:02,1798
2877,,,GOANG SHING LIH NO6 ,416002142,15,8.5,120.480007,22.1892,142.8,30,2024-04-25 15:58:34,1919
2538,,,GOANG SHING LIH NO6 ,416002142,15,8.3,120.487573,22.179827,144.3,30,2024-04-25 16:03:39,1704
2834,,,GOANG SHING LIH NO6 ,416002142,15,8.1,120.493213,22.172492,145.2,30,2024-04-25 16:07:30,1874
2525,,,GOANG SHING LIH NO6 ,416002142,15,8.4,120.497647,22.166505,142.3,30,2024-04-25 16:10:34,1685
2256,,,GOANG SHING LIH NO6 ,416002142,15,8.2,120.50484,22.15714,145.7,30,2024-04-25 16:15:35,1505
2426,,,GOANG SHING LIH NO6 ,416002142,15,8.5,120.510427,22.149737,144.2,30,2024-04-25 16:19:30,1625
2545,,,GOANG SHING LIH NO6 ,416002142,15,8.1,120.516627,22.141425,145.2,30,2024-04-25 16:23:48,1685
2376,,,GOANG SHING LIH NO6 ,416002142,15,7.9,120.52204,22.134442,143.5,30,2024-04-25 16:27:31,1594
2768,,,GOANG SHING LIH NO6 ,416002142,15,7.8,120.5284,22.126537,141.2,30,2024-04-25 16:31:58,1856
2549,,BK4759 ,,416002142,15,8.2,120.534053,22.11955,143.5,30,2024-04-25 16:35:58,1698
2354,,,GOANG SHING LIH NO6 ,416002142,15,8.4,120.539773,22.112398,143.6,30,2024-04-25 16:39:58,1580
2236,,,GOANG SHING LIH NO6 ,416002142,15,8.1,120.545413,22.104967,142.2,30,2024-04-25 16:43:58,1490
2348,,,GOANG SHING LIH NO6 ,416002142,15,7.7,120.55092,22.097592,145.0,30,2024-04-25 16:47:58,1565
2606,,,GOANG SHING LIH NO6 ,416002142,15,7.7,120.55632,22.090178,148.0,30,2024-04-25 16:51:58,1730
2448,,,GOANG SHING LIH NO6 ,416002142,15,7.7,120.561627,22.082823,148.0,30,2024-04-25 16:55:58,1653
2211,,BK4759 ,,416002142,15,8.0,120.566733,22.075388,147.2,30,2024-04-25 16:59:59,1496
2431,,,GOANG SHING LIH NO6 ,416002142,15,8.0,120.573427,22.06595,146.2,30,2024-04-25 17:04:59,1642
2543,,,GOANG SHING LIH NO6 ,416002142,15,8.2,120.579107,22.058577,141.0,30,2024-04-25 17:08:58,1713
2385,,,GOANG SHING LIH NO6 ,416002142,15,7.9,120.584947,22.051343,142.1,30,2024-04-25 17:12:59,1653
2557,,,GOANG SHING LIH NO6 ,416002142,15,8.3,120.590827,22.044203,140.7,30,2024-04-25 17:16:58,1749
2322,,,GOANG SHING LIH NO6 ,416002142,15,8.2,120.59676,22.037035,140.4,30,2024-04-25 17:20:59,1604
2278,,BK4759 ,,416002142,15,7.9,120.60256,22.0299,144.2,30,2024-04-25 17:24:59,1549
2646,,,GOANG SHING LIH NO6 ,416002142,15,8.1,120.60852,22.0227,143.0,30,2024-04-25 17:28:59,1779
2421,,,GOANG SHING LIH NO6 ,416002142,15,8.3,120.614467,22.015333,143.4,30,2024-04-25 17:32:59,1640
2578,,,GOANG SHING LIH NO6 ,416002142,15,8.4,120.621773,22.0059,144.5,30,2024-04-25 17:37:57,1758
2402,,,GOANG SHING LIH NO6 ,416002142,15,8.7,120.626307,22.000062,142.8,30,2024-04-25 17:40:59,1622
2347,,,GOANG SHING LIH NO6 ,416002142,15,8.6,120.63248,21.99226,143.9,30,2024-04-25 17:44:57,1564
2478,,,GOANG SHING LIH NO6 ,416002142,15,8.9,120.640453,21.982492,142.7,30,2024-04-25 17:49:57,1677
2341,,,GOANG SHING LIH NO6 ,416002142,15,9.0,120.64608,21.975452,144.4,0,2024-04-25 17:53:29,1575
2570,,,GOANG SHING LIH NO6 ,416002142,15,9.1,120.653387,21.966385,142.3,30,2024-04-25 17:57:57,1734
2263,,,GOANG SHING LIH NO6 ,416002142,15,8.9,120.659973,21.958268,144.5,30,2024-04-25 18:01:57,1549
2473,,,GOANG SHING LIH NO6 ,416002142,15,9.0,120.664867,21.952188,143.2,30,2024-04-25 18:04:57,1693
2700,,,GOANG SHING LIH NO6 ,416002142,15,9.0,120.672747,21.942333,144.0,30,2024-04-25 18:09:59,1828
2137,,,GOANG SHING LIH NO6 ,416002142,15,8.8,120.679107,21.934395,142.8,30,2024-04-25 18:13:57,1457
2939,,BK4759 ,,416002142,15,9.0,120.68544,21.926363,143.9,30,2024-04-25 18:17:57,2035
2331,,,GOANG SHING LIH NO6 ,416002142,15,9.3,120.691707,21.918252,142.9,30,2024-04-25 18:21:59,1618
2207,,,GOANG SHING LIH NO6 ,416002142,15,9.0,120.69696,21.912703,132.3,30,2024-04-25 18:24:59,1537
2694,,,GOANG SHING LIH NO6 ,416002142,15,8.6,120.705853,21.904683,132.9,30,2024-04-25 18:29:39,1850
2579,,,GOANG SHING LIH NO6 ,416002142,15,8.0,120.71368,21.89805,120.3,30,2024-04-25 18:33:59,1785
2431,,,GOANG SHING LIH NO6 ,416002142,15,7.3,120.72164,21.894588,115.2,30,2024-04-25 18:37:57,1681
2764,,,GOANG SHING LIH NO6 ,416002142,15,7.8,120.7316,21.889607,121.2,30,2024-04-25 18:42:57,1906
2646,,,GOANG SHING LIH NO6 ,416002142,15,7.7,120.739827,21.885115,118.9,30,2024-04-25 18:46:57,1808
2481,,,GOANG SHING LIH NO6 ,416002142,15,8.9,120.748827,21.880417,114.3,30,2024-04-25 18:50:57,1712
2329,,,GOANG SHING LIH NO6 ,416002142,15,8.5,120.7588,21.877033,105.6,30,2024-04-25 18:54:57,1609
2263,,,GOANG SHING LIH NO6 ,416002142,15,7.8,120.76816,21.874728,105.6,30,2024-04-25 18:58:58,1556
2707,,,GOANG SHING LIH NO6 ,416002142,15,8.2,120.777293,21.872987,97.8,30,2024-04-25 19:02:54,1882
2148,,,GOANG SHING LIH NO6 ,416002142,15,7.9,120.786973,21.871515,100.0,30,2024-04-25 19:06:58,1463
2477,,,GOANG SHING LIH NO6 ,416002142,15,8.2,120.796707,21.870733,94.5,30,2024-04-25 19:10:57,1693
2648,,,GOANG SHING LIH NO6 ,416002142,15,8.4,120.80664,21.8695,104.5,30,2024-04-25 19:14:58,1818
2433,,BK4759 ,,416002142,15,8.2,120.81612,21.867622,102.6,30,2024-04-25 19:18:57,1681
2197,,,GOANG SHING LIH NO6 ,416002142,15,8.2,120.825747,21.865768,104.3,30,2024-04-25 19:22:57,1515
2207,,,GOANG SHING LIH NO6 ,416002142,15,8.4,120.835453,21.86367,105.1,30,2024-04-25 19:26:56,1531
2205,,BK4759 ,,416002142,15,8.3,120.84276,21.862075,102.0,30,2024-04-25 19:29:58,1515
2171,,BK4759 ,,416002142,15,8.3,120.857707,21.858768,101.5,30,2024-04-25 19:35:56,1510
2330,,,GOANG SHING LIH NO6 ,416002142,15,8.7,120.86772,21.85627,102.3,30,2024-04-25 19:39:58,1581
1931,,,GOANG SHING LIH NO6 ,416002142,15,8.9,120.875187,21.85422,103.8,30,2024-04-25 19:42:56,1308
2131,,BK4759 ,,416002142,15,9.0,120.88656,21.8513,102.3,30,2024-04-25 19:47:26,1440
2272,,,GOANG SHING LIH NO6 ,416002142,15,8.7,120.897813,21.84832,107.7,30,2024-04-25 19:51:56,1541
2192,,,GOANG SHING LIH NO.6,416002142,15,8.4,120.907427,21.846197,99.5,0,2024-04-25 19:55:56,1509
2534,,,GOANG SHING LIH NO6 ,416002142,15,8.7,120.917253,21.844527,98.0,30,2024-04-25 19:59:58,1736
2659,,,GOANG SHING LIH NO6 ,416002142,15,8.4,120.927227,21.842902,97.7,30,2024-04-25 20:03:58,1867
2773,,,GOANG SHING LIH NO.6,416002142,15,8.4,120.93732,21.841032,100.0,0,2024-04-25 20:07:56,1959
2372,,,GOANG SHING LIH NO6 ,416002142,15,8.5,120.94696,21.839533,99.0,30,2024-04-25 20:11:45,1611
2020,,,GOANG SHING LIH NO6 ,416002142,15,8.8,120.95632,21.837597,103.9,30,2024-04-25 20:15:25,1393
2192,,,GOANG SHING LIH NO6 ,416002142,15,8.0,120.966587,21.835338,103.6,30,2024-04-25 20:19:40,1482
2643,,,GOANG SHING LIH NO6 ,416002142,15,7.9,120.97864,21.8328,104.6,30,2024-04-25 20:24:38,1823
2316,,,GOANG SHING LIH NO6 ,416002142,15,8.6,120.988307,21.830767,101.4,30,2024-04-25 20:28:40,1595
2650,,,GOANG SHING LIH NO6 ,416002142,15,7.8,120.99552,21.82923,101.3,30,2024-04-25 20:31:42,1807
2016,,,GOANG SHING LIH NO6 ,416002142,15,8.1,121.007387,21.826948,102.1,30,2024-04-25 20:36:51,1365
2124,,,GOANG SHING LIH NO6 ,416002142,15,7.7,121.017293,21.82484,108.4,30,2024-04-25 20:41:08,1439
2223,,,GOANG SHING LIH NO6 ,416002142,15,8.4,121.025573,21.822797,105.0,30,2024-04-25 20:44:40,1500
2206,,,GOANG SHING LIH NO6 ,416002142,15,8.2,121.035093,21.820182,112.2,30,2024-04-25 20:48:41,1489
1821,,,GOANG SHING LIH NO6 ,416002142,15,8.1,121.04456,21.817485,106.4,30,2024-04-25 20:52:39,1220
2107,,,GOANG SHING LIH NO6 ,416002142,15,7.7,121.053787,21.81506,101.4,30,2024-04-25 20:56:47,1408
1895,,,GOANG SHING LIH NO6 ,416002142,15,7.3,121.06216,21.812798,106.2,30,2024-04-25 21:00:39,1302
2236,,,GOANG SHING LIH NO6 ,416002142,15,6.8,121.07108,21.810332,106.3,30,2024-04-25 21:04:56,1498
2400,,,GOANG SHING LIH NO6 ,416002142,15,7.6,121.078813,21.808002,107.6,30,2024-04-25 21:08:39,1615
2523,,,GOANG SHING LIH NO6 ,416002142,15,7.3,121.087093,21.805437,117.0,30,2024-04-25 21:12:38,1680
1889,,,GOANG SHING LIH NO6 ,416002142,15,8.2,121.09772,21.801975,111.5,30,2024-04-25 21:17:38,1259
2090,,,GOANG SHING LIH NO6 ,416002142,15,7.8,121.107,21.799028,106.5,30,2024-04-25 21:21:55,1352
2449,,,GOANG SHING LIH NO6 ,416002142,15,7.4,121.115107,21.796563,108.5,30,2024-04-25 21:25:39,1631
2159,,,GOANG SHING LIH NO6 ,416002142,15,7.6,121.123587,21.793868,112.1,30,2024-04-25 21:29:37,1450
2009,,,GOANG SHING LIH NO6 ,416002142,15,7.7,121.132053,21.791178,107.1,30,2024-04-25 21:33:43,1347
2179,,,GOANG SHING LIH NO6 ,416002142,15,7.7,121.14024,21.788457,112.6,30,2024-04-25 21:37:39,1456
2404,,,GOANG SHING LIH NO6 ,416002142,15,7.6,121.148947,21.785315,108.0,30,2024-04-25 21:41:53,1649
2458,,,GOANG SHING LIH NO6 ,416002142,15,7.6,121.15648,21.782397,115.4,30,2024-04-25 21:45:37,1682
2018,,,GOANG SHING LIH NO6 ,416002142,15,7.3,121.163547,21.779748,117.5,30,2024-04-25 21:49:09,1353
2286,,,GOANG SHING LIH NO6 ,416002142,15,7.3,121.17248,21.776348,110.9,30,2024-04-25 21:53:38,1557
2083,,BK4759 ,,416002142,15,6.8,121.180413,21.773262,110.0,30,2024-04-25 21:57:39,1431
2298,,,GOANG SHING LIH NO.6,416002142,15,7.2,121.188093,21.77011,112.1,0,2024-04-25 22:01:38,1582
2301,,,GOANG SHING LIH NO6 ,416002142,15,6.9,121.195827,21.766942,112.1,30,2024-04-25 22:05:38,1559
2063,,,GOANG SHING LIH NO6 ,416002142,15,6.9,121.201627,21.764565,112.3,30,2024-04-25 22:08:38,1412
2207,,,GOANG SHING LIH NO6 ,416002142,15,7.1,121.211293,21.760672,114.6,30,2024-04-25 22:13:38,1525
2208,,,GOANG SHING LIH NO6 ,416002142,15,7.1,121.221227,21.756487,115.7,30,2024-04-25 22:18:41,1546
2650,,,GOANG SHING LIH NO6 ,416002142,15,7.7,121.229307,21.753085,115.4,30,2024-04-25 22:22:38,1852
2451,,,GOANG SHING LIH NO6 ,416002142,15,7.8,121.237627,21.749648,114.6,30,2024-04-25 22:26:38,1685
2375,,,GOANG SHING LIH NO6 ,416002142,15,7.7,121.246,21.746293,112.5,30,2024-04-25 22:30:38,1654
2585,,,GOANG SHING LIH NO6 ,416002142,15,7.9,121.254787,21.742908,109.6,30,2024-04-25 22:34:49,1794
2542,,,GOANG SHING LIH NO6 ,416002142,15,8.0,121.26308,21.739747,108.9,30,2024-04-25 22:38:38,1745
2201,,,GOANG SHING LIH NO6 ,416002142,15,8.1,121.272413,21.736093,115.5,30,2024-04-25 22:42:56,1541
2026,,,GOANG SHING LIH NO6 ,416002142,15,8.0,121.28052,21.732828,112.0,30,2024-04-25 22:46:38,1410
2135,,,GOANG SHING LIH NO6 ,416002142,15,8.5,121.289307,21.729397,111.3,30,2024-04-25 22:50:38,1488
2023,,,GOANG SHING LIH NO6 ,416002142,15,7.9,121.298213,21.726012,110.9,30,2024-04-25 22:54:38,1408
2244,,,GOANG SHING LIH NO6 ,416002142,15,7.7,121.30696,21.7228,110.5,30,2024-04-25 22:58:38,1538
2449,,BK4759 ,,416002142,15,7.4,121.31788,21.71872,115.7,30,2024-04-25 23:03:38,1696
2460,,,GOANG SHING LIH NO6 ,416002142,15,7.8,121.326853,21.715155,112.1,30,2024-04-25 23:07:56,1671
2134,,,GOANG SHING LIH NO6 ,416002142,15,8.1,121.334573,21.711985,114.9,30,2024-04-25 23:11:38,1459
2514,,BK4759 ,,416002142,15,8.2,121.343187,21.708458,115.5,30,2024-04-25 23:15:38,1738
2653,,,GOANG SHING LIH NO6 ,416002142,15,7.3,121.351827,21.704885,112.7,30,2024-04-25 23:19:44,1850
2539,,BK4759 ,,416002142,15,7.8,121.359707,21.701252,119.5,30,2024-04-25 23:23:38,1746
2666,,BK4759 ,,416002142,15,7.3,121.367813,21.69741,114.5,30,2024-04-25 23:27:38,1873
2367,,,GOANG SHING LIH NO6 ,416002142,15,7.4,121.37588,21.693442,114.8,30,2024-04-25 23:31:38,1652
2366,,,GOANG SHING LIH NO6 ,416002142,15,8.0,121.383893,21.689392,118.1,30,2024-04-25 23:35:38,1644
2399,,BK4759 ,,416002142,15,7.7,121.39196,21.685287,120.8,30,2024-04-25 23:39:40,1653
2293,,,GOANG SHING LIH NO6 ,416002142,15,7.6,121.399625,21.681337,119.6,30,2024-04-25 23:43:33,1589
2530,,,GOANG SHING LIH NO6 ,416002142,15,7.5,121.406475,21.67784,116.6,30,2024-04-25 23:47:03,1736
1279,,,GOANG SHING LIH NO6 ,416002142,15,7.9,121.432867,21.664798,115.8,30,2024-04-26 00:00:15,863
1853,,,GOANG SHING LIH NO6 ,416002142,15,7.8,121.4408,21.660723,122.3,30,2024-04-26 00:04:07,1238
2058,,,GOANG SHING LIH NO6 ,416002142,15,7.7,121.449067,21.656432,119.4,30,2024-04-26 00:08:07,1402
2520,,,GOANG SHING LIH NO6 ,416002142,15,8.1,121.457507,21.652098,119.3,30,2024-04-26 00:12:07,1722
2266,,BK4759 ,,416002142,15,8.1,121.466067,21.647625,120.1,30,2024-04-26 00:16:07,1569
2399,,,GOANG SHING LIH NO6 ,416002142,15,8.1,121.47428,21.642988,124.5,30,2024-04-26 00:20:08,1649
2352,,,GOANG SHING LIH NO6 ,416002142,15,7.9,121.48244,21.638182,120.8,30,2024-04-26 00:24:07,1599
2660,,,GOANG SHING LIH NO6 ,416002142,15,8.1,121.49228,21.63214,122.5,30,2024-04-26 00:29:07,1824
2138,,,GOANG SHING LIH NO.6,416002142,15,8.0,121.500037,21.627223,126.8,0,2024-04-26 00:33:03,1456
2271,,,GOANG SHING LIH NO.6,416002142,15,8.0,121.507933,21.62194,122.0,0,2024-04-26 00:37:07,1566
2463,,BK4759 ,,416002142,15,8.0,121.515707,21.616772,127.5,30,2024-04-26 00:41:07,1670
2002,,,GOANG SHING LIH NO6 ,416002142,15,7.9,121.523493,21.611717,125.0,30,2024-04-26 00:45:07,1381
2099,,,GOANG SHING LIH NO6 ,416002142,15,7.9,121.529253,21.607958,123.5,30,2024-04-26 00:48:03,1445
2013,,,GOANG SHING LIH NO6 ,416002142,15,8.3,121.539587,21.601493,125.0,30,2024-04-26 00:53:14,1370
2219,,,GOANG SHING LIH NO6 ,416002142,15,8.1,121.547013,21.596952,122.3,30,2024-04-26 00:56:55,1501
2371,,,GOANG SHING LIH NO6 ,416002142,15,7.7,121.552933,21.593322,122.0,30,2024-04-26 00:59:50,1591
2014,,,GOANG SHING LIH NO6 ,416002142,15,7.8,121.56048,21.588703,123.5,30,2024-04-26 01:03:30,1387
2080,,BK4759 ,,416002142,15,8.0,121.584453,21.573497,124.9,30,2024-04-26 01:15:18,1428
2017,,,GOANG SHING LIH NO6 ,416002142,15,8.3,121.596013,21.5657,122.7,30,2024-04-26 01:21:09,1370
2206,,,GOANG SHING LIH NO6 ,416002142,15,8.3,121.60652,21.558752,123.6,30,2024-04-26 01:26:19,1517
2261,,,GOANG SHING LIH NO6 ,416002142,15,8.4,121.613933,21.5542,120.3,30,2024-04-26 01:30:00,1538
2640,,BK4759 ,,416002142,15,7.6,121.621867,21.551182,110.0,30,2024-04-26 01:33:41,1822
2132,,,GOANG SHING LIH NO6 ,416002142,15,7.5,121.649547,21.543453,106.8,30,2024-04-26 01:46:08,1445
2482,,,GOANG SHING LIH NO6 ,416002142,15,7.4,121.6574,21.541197,100.9,30,2024-04-26 01:49:49,1679
2399,,,GOANG SHING LIH NO6 ,416002142,15,7.9,121.6658,21.538963,106.7,30,2024-04-26 01:53:30,1620
2419,,BK4759 ,,416002142,15,7.9,121.674227,21.536805,101.6,30,2024-04-26 01:57:10,1629
2345,,,GOANG SHING LIH NO6 ,416002142,15,7.4,121.685413,21.53412,101.3,30,2024-04-26 02:02:21,1604
2302,,BK4759 ,,416002142,15,6.8,121.70312,21.52986,100.0,30,2024-04-26 02:10:36,1566
2587,,,GOANG SHING LIH NO6 ,416002142,15,7.6,121.711653,21.527905,105.6,30,2024-04-26 02:14:36,1771
2081,,,GOANG SHING LIH NO6 ,416002142,15,7.4,121.720307,21.525865,103.8,30,2024-04-26 02:18:36,1399
2332,,,GOANG SHING LIH NO6 ,416002142,15,7.8,121.730093,21.523762,102.7,30,2024-04-26 02:23:06,1550
2102,,,GOANG SHING LIH NO6 ,416002142,15,7.5,121.73772,21.522158,102.7,30,2024-04-26 02:26:36,1393
2055,,,GOANG SHING LIH NO6 ,416002142,15,7.4,121.747227,21.520033,106.0,30,2024-04-26 02:31:06,1395
2079,,BK4759 ,,416002142,15,7.3,121.755693,21.518192,104.7,30,2024-04-26 02:35:06,1411
2215,,BK4759 ,,416002142,15,7.5,121.764347,21.516313,102.8,30,2024-04-26 02:39:06,1530
2255,,,GOANG SHING LIH NO6 ,416002142,15,6.4,122.387947,21.276052,156.8,30,2024-04-26 19:03:14,1540
2246,,,GOANG SHING LIH NO6 ,416002142,15,6.4,122.390133,21.269922,157.5,30,2024-04-26 19:07:15,1504
2184,,,GOANG SHING LIH NO6 ,416002142,15,3.8,122.392773,21.26342,155.6,30,2024-04-26 19:11:21,1462
2218,,,GOANG SHING LIH NO6 ,416002142,15,5.5,122.39368,21.261277,183.1,30,2024-04-26 19:13:15,1464
2073,,,GOANG SHING LIH NO6 ,416002142,15,3.5,122.395827,21.24159,330.4,30,2024-04-26 19:29:46,1399
2634,,,GOANG SHING LIH NO6 ,416002142,15,5.3,122.65848,20.846337,85.6,30,2024-04-27 02:04:03,1775
2520,,,GOANG SHING LIH NO6 ,416002142,15,6.1,122.562973,20.901368,328.7,30,2024-04-27 14:19:03,1667
2254,,,GOANG SHING LIH NO6 ,416002142,15,4.8,122.391587,21.02371,303.7,30,2024-04-27 17:40:44,1569
2246,,,GOANG SHING LIH NO6 ,416002142,15,4.1,122.3822,21.029357,307.0,30,2024-04-27 17:48:53,1558
2243,,BK4759 ,,416002142,15,4.9,122.3782,21.031892,303.3,30,2024-04-27 17:52:23,1564
2416,,,GOANG SHING LIH NO6 ,416002142,15,5.0,122.372893,21.035115,309.3,30,2024-04-27 17:56:53,1679
2750,,,GOANG SHING LIH NO6 ,416002142,15,4.6,122.3682,21.037958,307.6,30,2024-04-27 18:00:53,1897
2304,,,GOANG SHING LIH NO6 ,416002142,15,4.7,122.364867,21.039988,296.7,30,2024-04-27 18:03:44,1590
2139,,,GOANG SHING LIH NO6 ,416002142,15,5.1,122.360373,21.042583,299.8,30,2024-04-27 18:07:25,1473
2198,,BK4759 ,,416002142,15,5.3,122.353907,21.04644,294.1,30,2024-04-27 18:12:53,1534
2694,,BK4759 ,,416002142,15,4.5,122.349827,21.04878,301.8,30,2024-04-27 18:16:14,1888
2308,,,GOANG SHING LIH NO6 ,416002142,15,4.6,122.332987,21.05856,301.1,0,2024-04-27 18:30:23,1622
2511,,,GOANG SHING LIH NO6 ,416002142,15,4.5,122.330587,21.059903,299.9,0,2024-04-27 18:32:23,1741
2358,,,GOANG SHING LIH NO6 ,416002142,15,4.9,122.325293,21.062762,292.4,0,2024-04-27 18:36:53,1625
2349,,BK4759 ,,416002142,15,4.5,122.31944,21.06538,289.7,30,2024-04-27 18:41:53,1639
2136,,,GOANG SHING LIH NO6 ,416002142,15,4.7,122.3164,21.066592,297.6,30,2024-04-27 18:44:22,1481
2193,,BK4759 ,,416002142,15,5.7,122.303373,21.070968,287.6,30,2024-04-27 18:54:23,1525
2450,,,GOANG SHING LIH NO6 ,416002142,15,5.3,122.243227,21.163475,14.8,0,2024-04-27 20:24:22,1675
2417,,,GOANG SHING LIH NO6 ,416002142,15,5.5,122.243733,21.16707,6.3,30,2024-04-27 20:26:49,1678
2256,,,GOANG SHING LIH NO6 ,416002142,15,5.6,122.244787,21.174662,3.4,30,2024-04-27 20:31:52,1562
2196,,,GOANG SHING LIH NO6 ,416002142,15,5.3,122.25052,21.177767,73.7,30,2024-04-27 20:36:25,1525
2293,,,GOANG SHING LIH NO6 ,416002142,15,5.8,122.25556,21.181677,52.2,30,2024-04-27 20:40:22,1590
2585,,,GOANG SHING LIH NO6 ,416002142,15,6.0,122.25976,21.18639,14.7,0,2024-04-27 20:44:22,1794
2358,,,GOANG SHING LIH NO6 ,416002142,15,6.0,122.260387,21.187888,23.3,0,2024-04-27 20:45:22,1645
1930,,,GOANG SHING LIH NO6 ,416002142,15,4.9,122.18244,21.868655,139.3,0,2024-04-28 19:35:17,1272
2283,,,GOANG SHING LIH NO6 ,416002142,15,6.4,121.764787,21.503822,258.9,0,2024-04-29 04:28:12,1575
2373,,,GOANG SHING LIH NO6 ,416002142,15,6.5,121.7572,21.502072,251.8,30,2024-04-29 04:32:11,1642
2556,,,GOANG SHING LIH NO6 ,416002142,15,6.7,121.751333,21.500777,260.1,30,2024-04-29 04:35:12,1772
2188,,,GOANG SHING LIH NO6 ,416002142,15,6.2,121.74444,21.49927,251.8,30,2024-04-29 04:38:42,1538
2615,,,GOANG SHING LIH NO6 ,416002142,15,6.9,121.73452,21.497077,253.0,30,2024-04-29 04:43:41,1816
2498,,BK4759 ,,416002142,15,7.1,121.724613,21.494968,265.5,30,2024-04-29 04:48:41,1749
2350,,BK4759 ,,416002142,15,7.1,121.7206,21.494187,257.0,30,2024-04-29 04:50:42,1671
2407,,,GOANG SHING LIH NO6 ,416002142,15,6.4,121.700027,21.490128,256.6,30,2024-04-29 05:00:54,1719
2120,,,GOANG SHING LIH NO6 ,416002142,15,6.9,121.688387,21.48794,259.7,30,2024-04-29 05:06:46,1517
2452,,,GOANG SHING LIH NO6 ,416002142,15,6.0,121.669547,21.486047,230.7,30,2024-04-29 05:16:41,1724
2121,,,GOANG SHING LIH NO6 ,416002142,15,7.1,121.665547,21.482682,222.6,30,2024-04-29 05:19:20,1489
2010,,,GOANG SHING LIH NO6 ,416002142,15,7.0,121.660947,21.478938,226.5,30,2024-04-29 05:22:11,1417
2226,,,GOANG SHING LIH NO6 ,416002142,15,7.9,121.650213,21.470365,227.2,30,2024-04-29 05:28:41,1569
2237,,,GOANG SHING LIH NO6 ,416002142,15,7.3,121.647813,21.468422,231.9,30,2024-04-29 05:30:11,1589
2571,,,GOANG SHING LIH NO6 ,416002142,15,7.5,121.628187,21.453157,231.0,30,2024-04-29 05:42:09,1837
2691,,,GOANG SHING LIH NO6 ,416002142,15,7.6,121.616013,21.444048,229.9,30,2024-04-29 05:49:30,1901
2478,,,GOANG SHING LIH NO6 ,416002142,15,6.6,121.609933,21.439478,233.7,0,2024-04-29 05:53:11,1748
2315,,,GOANG SHING LIH NO6 ,416002142,15,7.5,121.594653,21.427663,229.0,0,2024-04-29 06:02:41,1656
2628,,,GOANG SHING LIH NO6 ,416002142,15,6.9,121.58836,21.422995,226.8,30,2024-04-29 06:06:25,1866
2400,,,GOANG SHING LIH NO6 ,416002142,15,7.5,121.58092,21.418095,234.5,30,2024-04-29 06:10:41,1694
2508,,,GOANG SHING LIH NO6 ,416002142,15,7.4,121.573867,21.413672,234.9,30,2024-04-29 06:14:41,1757
2583,,,GOANG SHING LIH NO6 ,416002142,15,6.9,121.567027,21.409298,233.4,30,2024-04-29 06:18:41,1816
2259,,BK4759 ,,416002142,15,6.7,121.559387,21.404477,236.9,30,2024-04-29 06:23:11,1601
2406,,,GOANG SHING LIH NO6 ,416002142,15,7.2,121.547893,21.397655,241.1,30,2024-04-29 06:29:41,1708
2122,,,GOANG SHING LIH NO6 ,416002142,15,6.6,121.537987,21.392233,239.9,30,2024-04-29 06:35:11,1500
2682,,,GOANG SHING LIH NO6 ,416002142,15,6.7,121.527533,21.386487,234.1,30,2024-04-29 06:41:05,1912
2348,,,GOANG SHING LIH NO6 ,416002142,15,6.0,121.5202,21.382557,238.3,30,2024-04-29 06:45:10,1647
2405,,,GOANG SHING LIH NO6 ,416002142,15,6.5,121.507853,21.375727,237.0,30,2024-04-29 06:52:10,1659
2251,,,GOANG SHING LIH NO6 ,416002142,15,5.9,121.496213,21.369302,239.3,30,2024-04-29 06:59:10,1566
2626,,,GOANG SHING LIH NO6 ,416002142,15,6.0,121.492173,21.367072,241.1,30,2024-04-29 07:01:42,1832
2515,,,GOANG SHING LIH NO6 ,416002142,15,6.0,121.48532,21.363253,240.7,30,2024-04-29 07:06:08,1759
2293,,,GOANG SHING LIH NO6 ,416002142,15,5.2,121.471573,21.35551,240.2,30,2024-04-29 07:15:42,1601
2345,,,GOANG SHING LIH NO6 ,416002142,15,5.4,121.45336,21.34523,238.6,30,2024-04-29 07:28:17,1606
2447,,,GOANG SHING LIH NO6 ,416002142,15,5.3,121.450253,21.343455,236.8,30,2024-04-29 07:30:28,1677
2179,,,GOANG SHING LIH NO6 ,416002142,15,5.3,121.43876,21.336767,233.1,30,2024-04-29 07:38:36,1511
2456,,,GOANG SHING LIH NO6 ,416002142,15,1.1,121.41884,21.33032,18.7,30,2024-04-29 08:07:22,1703
2455,,,GOANG SHING LIH NO6 ,416002142,15,1.0,121.420667,21.334992,10.8,30,2024-04-29 08:20:43,1689
2114,,,GOANG SHING LIH NO6 ,416002142,15,1.1,121.421147,21.336392,13.7,30,2024-04-29 08:24:26,1479
2127,,,GOANG SHING LIH NO6 ,416002142,15,1.3,121.42164,21.337847,2.5,30,2024-04-29 08:28:08,1474
2492,,,GOANG SHING LIH NO6 ,416002142,15,1.3,121.422147,21.339023,19.2,30,2024-04-29 08:31:02,1694
2503,,,GOANG SHING LIH NO6 ,416002142,15,2.1,121.422907,21.340492,32.0,30,2024-04-29 08:34:45,1703
2118,,,GOANG SHING LIH NO6 ,416002142,15,1.3,121.423733,21.341757,34.0,30,2024-04-29 08:38:27,1466
2389,,,GOANG SHING LIH NO6 ,416002142,15,1.0,121.425093,21.343827,12.5,30,2024-04-29 08:45:05,1609
2289,,,GOANG SHING LIH NO6 ,416002142,15,2.1,121.42572,21.345318,23.9,30,2024-04-29 08:49:32,1572
2733,,,GOANG SHING LIH NO6 ,416002142,15,1.0,121.42696,21.347593,21.6,30,2024-04-29 08:56:54,1870
2295,,,GOANG SHING LIH NO6 ,416002142,15,1.5,121.42792,21.350677,28.4,30,2024-04-29 09:06:26,1587
2580,,,GOANG SHING LIH NO6 ,416002142,15,1.5,121.428213,21.35135,24.9,30,2024-04-29 09:08:43,1781
2579,,,GOANG SHING LIH NO6 ,416002142,15,0.8,121.428907,21.35314,20.3,30,2024-04-29 09:14:35,1787
2301,,,GOANG SHING LIH NO6 ,416002142,15,1.1,121.429267,21.35442,12.6,30,2024-04-29 09:18:18,1581
2227,,,GOANG SHING LIH NO6 ,416002142,15,1.3,121.42988,21.355902,31.1,30,2024-04-29 09:22:44,1500
2676,,,GOANG SHING LIH NO6 ,416002142,15,1.2,121.430227,21.356532,24.3,30,2024-04-29 09:24:40,1805
2369,,,GOANG SHING LIH NO6 ,416002142,15,1.8,121.430867,21.357825,28.5,30,2024-04-29 09:28:36,1582
2743,,,GOANG SHING LIH NO6 ,416002142,15,1.5,121.431987,21.360872,31.5,30,2024-04-29 09:37:28,1881
2417,,,GOANG SHING LIH NO6 ,416002142,15,2.1,121.432947,21.362915,32.8,30,2024-04-29 09:43:22,1651
2355,,,GOANG SHING LIH NO6 ,416002142,15,2.1,121.43324,21.363417,32.8,30,2024-04-29 09:44:52,1603
2734,,,GOANG SHING LIH NO6 ,416002142,15,1.3,121.434293,21.365337,16.6,30,2024-04-29 09:50:44,1848
2234,,,GOANG SHING LIH NO6 ,416002142,15,1.4,121.434853,21.366838,25.9,30,2024-04-29 09:55:08,1521
2302,,,GOANG SHING LIH NO6 ,416002142,15,1.1,121.43528,21.368028,15.5,30,2024-04-29 09:58:50,1577
2872,,,GOANG SHING LIH NO6 ,416002142,15,1.1,121.43544,21.368583,15.5,30,2024-04-29 10:00:22,1949
2734,,,GOANG SHING LIH NO6 ,416002142,15,1.5,121.43636,21.370908,26.8,30,2024-04-29 10:06:58,1837
2863,,,GOANG SHING LIH NO6 ,416002142,15,1.2,121.43696,21.37211,13.0,30,2024-04-29 10:10:39,1949
2516,,BK4759 ,,416002142,15,1.3,121.437627,21.373442,20.5,30,2024-04-29 10:15:05,1727
2522,,,GOANG SHING LIH NO6 ,416002142,15,1.3,121.438107,21.374708,24.4,30,2024-04-29 10:18:47,1744
2307,,,GOANG SHING LIH NO6 ,416002142,15,1.2,121.438627,21.375897,43.2,30,2024-04-29 10:22:29,1585
2695,,,GOANG SHING LIH NO6 ,416002142,15,1.6,121.43944,21.377623,43.1,30,2024-04-29 10:28:21,1827
2625,,,GOANG SHING LIH NO6 ,416002142,15,1.6,121.439547,21.377858,43.1,30,2024-04-29 10:29:06,1765
2517,,,GOANG SHING LIH NO6 ,416002142,15,1.2,121.440173,21.379242,32.3,0,2024-04-29 10:33:33,1682
2798,,,GOANG SHING LIH NO6 ,416002142,15,1.2,121.440707,21.380538,19.4,30,2024-04-29 10:37:16,1878
2419,,,GOANG SHING LIH NO6 ,416002142,15,1.1,121.441653,21.382732,6.6,30,2024-04-29 10:43:16,1613
2346,,,GOANG SHING LIH NO6 ,416002142,15,1.8,121.442427,21.384567,31.3,30,2024-04-29 10:48:19,1578
2624,,BK4759 ,,416002142,15,1.2,121.442933,21.38562,9.7,30,2024-04-29 10:51:13,1724
2429,,,GOANG SHING LIH NO6 ,416002142,15,1.2,121.443733,21.387268,19.1,30,2024-04-29 10:55:42,1623
2577,,,GOANG SHING LIH NO6 ,416002142,15,2.1,121.444547,21.389213,33.3,30,2024-04-29 11:00:48,1701
2359,,,GOANG SHING LIH NO6 ,416002142,15,1.5,121.44528,21.390967,15.1,30,2024-04-29 11:05:15,1593
2347,,,GOANG SHING LIH NO6 ,416002142,15,2.1,121.445893,21.39236,29.3,30,2024-04-29 11:08:54,1577
2498,,,GOANG SHING LIH NO6 ,416002142,15,1.3,121.44668,21.393997,29.3,30,2024-04-29 11:13:21,1654
2500,,,GOANG SHING LIH NO6 ,416002142,15,2.3,121.44732,21.39538,37.8,30,2024-04-29 11:17:03,1655
2224,,,GOANG SHING LIH NO6 ,416002142,15,2.1,121.44792,21.396823,29.0,30,2024-04-29 11:20:43,1466
2165,,,GOANG SHING LIH NO6 ,416002142,15,1.0,121.448693,21.398402,15.7,30,2024-04-29 11:25:11,1433
2276,,,GOANG SHING LIH NO6 ,416002142,15,1.4,121.449347,21.399682,25.3,30,2024-04-29 11:28:50,1533
2433,,,GOANG SHING LIH NO6 ,416002142,15,1.4,121.45012,21.401288,21.7,30,2024-04-29 11:33:10,1606
2242,,,GOANG SHING LIH NO6 ,416002142,15,2.1,121.45076,21.402753,26.7,30,2024-04-29 11:36:55,1477
2369,,,GOANG SHING LIH NO6 ,416002142,15,2.2,121.45168,21.40505,30.7,30,2024-04-29 11:42:39,1561
2401,,,GOANG SHING LIH NO6 ,416002142,15,2.1,121.45228,21.406643,33.3,30,2024-04-29 11:46:32,1588
2232,,,GOANG SHING LIH NO6 ,416002142,15,2.1,121.452733,21.407703,43.8,30,2024-04-29 11:49:10,1489
2168,,,GOANG SHING LIH NO6 ,416002142,15,2.3,121.453013,21.40842,36.7,30,2024-04-29 11:50:54,1444
2165,,BK4759 ,,416002142,15,1.7,121.454227,21.411095,17.8,30,2024-04-29 11:57:35,1428
2446,,,GOANG SHING LIH NO6 ,416002142,15,2.2,121.454947,21.41266,51.8,30,2024-04-29 12:01:25,1595
2237,,,GOANG SHING LIH NO6 ,416002142,15,6.5,121.456867,21.415573,54.2,30,2024-04-29 12:06:31,1494
2337,,BK4759 ,,416002142,15,6.8,121.4634,21.42006,53.5,30,2024-04-29 12:10:30,1539
2431,,,GOANG SHING LIH NO6 ,416002142,15,6.8,121.470027,21.424633,53.3,30,2024-04-29 12:14:30,1598
2272,,,GOANG SHING LIH NO6 ,416002142,15,6.7,121.474227,21.42749,54.9,30,2024-04-29 12:17:00,1507
2358,,,GOANG SHING LIH NO6 ,416002142,15,7.2,121.491627,21.438923,53.9,30,2024-04-29 12:27:05,1527
2220,,,GOANG SHING LIH NO6 ,416002142,15,7.3,121.49768,21.442728,55.0,30,2024-04-29 12:30:30,1471
2330,,BK4759 ,,416002142,15,7.0,121.505573,21.447813,56.5,30,2024-04-29 12:35:00,1533
2117,,BK4759 ,,416002142,15,7.0,121.51088,21.451152,55.8,30,2024-04-29 12:38:00,1375
2392,,,GOANG SHING LIH NO6 ,416002142,15,6.8,121.518787,21.45596,54.8,30,2024-04-29 12:42:36,1567
2371,,BK4759 ,,416002142,15,7.0,121.524653,21.459613,56.8,30,2024-04-29 12:46:00,1542
2276,,BK4759 ,,416002142,15,6.8,121.532373,21.464413,53.5,30,2024-04-29 12:50:29,1492
2107,,,GOANG SHING LIH NO6 ,416002142,15,7.0,121.54016,21.46924,54.5,30,2024-04-29 12:55:05,1389
1880,,,GOANG SHING LIH NO6 ,416002142,15,6.7,121.546307,21.473003,56.7,30,2024-04-29 12:58:46,1227
2160,,,GOANG SHING LIH NO6 ,416002142,15,6.6,121.553747,21.477418,60.5,30,2024-04-29 13:03:12,1411
2210,,,GOANG SHING LIH NO6 ,416002142,15,6.5,121.56032,21.481062,60.9,30,2024-04-29 13:06:59,1434
2217,,,GOANG SHING LIH NO6 ,416002142,15,6.5,121.567147,21.484688,53.2,30,2024-04-29 13:10:59,1441
2680,,BK4759 ,,416002142,15,6.4,121.574,21.491002,35.8,30,2024-04-29 13:15:59,1771
2159,,,GOANG SHING LIH NO6 ,416002142,15,6.6,121.578333,21.496855,33.5,30,2024-04-29 13:19:59,1423
2102,,,GOANG SHING LIH NO6 ,416002142,15,6.5,121.581667,21.501292,37.3,30,2024-04-29 13:22:59,1361
2365,,,GOANG SHING LIH NO6 ,416002142,15,6.6,121.58668,21.50778,36.5,30,2024-04-29 13:27:29,1527
2310,,,GOANG SHING LIH NO6 ,416002142,15,6.5,121.592987,21.515697,38.2,30,2024-04-29 13:32:59,1478
2366,,,GOANG SHING LIH NO6 ,416002142,15,6.2,121.597013,21.520438,41.0,30,2024-04-29 13:36:22,1526
2268,,,GOANG SHING LIH NO6 ,416002142,15,6.5,121.606467,21.532077,35.9,30,2024-04-29 13:44:30,1464
2105,,,GOANG SHING LIH NO6 ,416002142,15,5.1,121.610573,21.536525,54.1,30,2024-04-29 13:48:11,1362
2151,,,GOANG SHING LIH NO6 ,416002142,15,2.1,121.612027,21.536888,251.2,30,2024-04-29 13:53:06,1404
2101,,,GOANG SHING LIH NO6 ,416002142,15,3.3,121.61044,21.536167,236.6,30,2024-04-29 13:57:00,1349
2378,,,GOANG SHING LIH NO6 ,416002142,15,3.6,121.60872,21.533655,205.1,30,2024-04-29 14:01:00,1523
2206,,,GOANG SHING LIH NO6 ,416002142,15,2.8,121.60768,21.530257,216.4,30,2024-04-29 14:05:00,1400
2372,,BK4759 ,,416002142,15,2.1,121.605933,21.52812,235.6,30,2024-04-29 14:09:33,1522
2107,,,GOANG SHING LIH NO6 ,416002142,15,3.6,121.602227,21.526135,226.7,30,2024-04-29 14:14:03,1348
2163,,,GOANG SHING LIH NO6 ,416002142,15,2.9,121.600267,21.52318,207.2,30,2024-04-29 14:18:33,1405
2269,,,GOANG SHING LIH NO6 ,416002142,15,2.3,121.600853,21.521318,114.4,30,2024-04-29 14:21:18,1451
2155,,,GOANG SHING LIH NO6 ,416002142,15,2.3,121.601373,21.51879,211.5,30,2024-04-29 14:26:55,1397
2612,,,GOANG SHING LIH NO6 ,416002142,15,2.8,121.60076,21.516867,239.6,30,2024-04-29 14:29:58,1696
2206,,,GOANG SHING LIH NO6 ,416002142,15,3.0,121.598133,21.514603,225.4,30,2024-04-29 14:34:32,1423
2059,,,GOANG SHING LIH NO6 ,416002142,15,2.6,121.596293,21.512175,209.3,30,2024-04-29 14:39:03,1297
2106,,,GOANG SHING LIH NO6 ,416002142,15,3.0,121.594547,21.511052,228.8,30,2024-04-29 14:41:33,1340
2167,,BK4759 ,,416002142,15,2.8,121.59148,21.510063,233.9,30,2024-04-29 14:47:03,1369
2310,,,GOANG SHING LIH NO6 ,416002142,15,3.6,121.588907,21.50802,229.7,30,2024-04-29 14:50:46,1443
2198,,,GOANG SHING LIH NO6 ,416002142,15,3.5,121.587293,21.506547,232.9,30,2024-04-29 14:52:56,1375
2292,,,GOANG SHING LIH NO6 ,416002142,15,3.7,121.584613,21.50397,208.3,30,2024-04-29 14:56:37,1448
1909,,,GOANG SHING LIH NO6 ,416002142,15,2.9,121.577787,21.495892,248.2,30,2024-04-29 15:12:06,1180
